0 0.271 0.856 0.30433333333333334 0.8565 0.30766666666666664 0.8625 0.30466666666666664 0.975 0.30233333333333334 0.9945 0.30033333333333334 0.997 0.2776666666666667 0.997 0.275 0.9995 0.239 0.9995 0.23866666666666667 0.9975 0.217 0.9965 0.20633333333333334 0.9995 0.20333333333333334 0.997 0.18 0.9975 0.17966666666666667 0.9995 0.16633333333333333 0.9975 0.165 0.9995 0.16 0.9945 0.169 0.8625 0.171 0.857 0.27066666666666667 0.856
0 0.6926666666666667 0.516 0.719 0.5165 0.7223333333333334 0.519 0.7236666666666667 0.524 0.731 0.6045 0.731 0.627 0.7346666666666667 0.644 0.74 0.699 0.7486666666666667 0.814 0.7153333333333334 0.8165 0.6263333333333333 0.816 0.6196666666666667 0.814 0.6183333333333333 0.8095 0.6036666666666667 0.5635 0.603 0.5205 0.609 0.5165 0.6923333333333334 0.5165
0 0.5706666666666667 0.278 0.5746666666666667 0.284 0.581 0.405 0.5826666666666667 0.4115 0.5826666666666667 0.4375 0.586 0.4725 0.585 0.479 0.572 0.481 0.4723333333333333 0.481 0.4656666666666667 0.4775 0.4633333333333333 0.4705 0.465 0.4665 0.463 0.46 0.4603333333333333 0.3355 0.46166666666666667 0.3175 0.4603333333333333 0.281 0.462 0.2785 0.5703333333333334 0.278
0 0.5446666666666666 0.8555 0.5996666666666667 0.856 0.605 0.8595 0.6126666666666667 0.9905 0.6113333333333333 0.996 0.606 0.9995 0.5853333333333334 0.9965 0.5806666666666667 0.997 0.5796666666666667 0.9995 0.526 0.9995 0.516 0.9965 0.5123333333333333 0.9995 0.5096666666666667 0.9975 0.5043333333333333 0.9995 0.5036666666666667 0.9975 0.47333333333333333 0.9965 0.471 0.976 0.47 0.859 0.47533333333333333 0.8555 0.5443333333333333 0.8555
0 0.407 0.8545 0.4533333333333333 0.856 0.4553333333333333 0.8585 0.45666666666666667 0.9155 0.459 0.9355 0.45766666666666667 0.952 0.45866666666666667 0.992 0.457 0.9995 0.4156666666666667 0.9995 0.415 0.9975 0.414 0.9995 0.39266666666666666 0.9995 0.3923333333333333 0.9975 0.387 0.9995 0.386 0.9975 0.33666666666666667 0.9995 0.3353333333333333 0.997 0.31666666666666665 0.995 0.317 0.9315 0.32 0.859 0.33466666666666667 0.856 0.4066666666666667 0.8545
0 0.546 0.5165 0.583 0.5165 0.5863333333333334 0.5185 0.5873333333333334 0.5235 0.5943333333333334 0.665 0.598 0.6995 0.5983333333333334 0.739 0.6026666666666667 0.814 0.584 0.817 0.48033333333333333 0.8165 0.471 0.8145 0.4696666666666667 0.811 0.4646666666666667 0.623 0.4666666666666667 0.6185 0.4643333333333333 0.522 0.4663333333333333 0.5185 0.47333333333333333 0.517 0.5456666666666666 0.5165
0 0.7223333333333334 0.8545 0.7513333333333333 0.855 0.754 0.8585 0.759 0.9155 0.7616666666666667 0.9245 0.7616666666666667 0.9445 0.767 0.9895 0.7656666666666667 0.9995 0.7263333333333334 0.9995 0.724 0.9965 0.633 0.9995 0.6293333333333333 0.9945 0.6206666666666667 0.8655 0.6216666666666667 0.857 0.6233333333333333 0.855 0.722 0.8545
0 0.7693333333333333 0.2775 0.8126666666666666 0.278 0.817 0.282 0.842 0.474 0.8393333333333334 0.4795 0.769 0.4805 0.7383333333333333 0.48 0.734 0.474 0.7333333333333333 0.4535 0.7156666666666667 0.2855 0.7166666666666667 0.28 0.7193333333333334 0.2785 0.769 0.2775
0 0.07566666666666666 0.516 0.17533333333333334 0.517 0.17866666666666667 0.5225 0.16033333333333333 0.811 0.15733333333333333 0.816 0.11766666666666667 0.8175 0.04466666666666667 0.817 0.029666666666666668 0.816 0.025333333333333333 0.813 0.03166666666666667 0.731 0.038 0.686 0.04133333333333333 0.644 0.04466666666666667 0.63 0.043666666666666666 0.6195 0.05333333333333334 0.5255 0.057 0.517 0.07533333333333334 0.516
0 0.27366666666666667 0.2785 0.31133333333333335 0.2785 0.32133333333333336 0.2815 0.318 0.463 0.31633333333333336 0.476 0.31366666666666665 0.4795 0.267 0.482 0.19566666666666666 0.479 0.194 0.477 0.194 0.466 0.20533333333333334 0.282 0.21666666666666667 0.278 0.2733333333333333 0.2785
0 0.23866666666666667 0.5165 0.31266666666666665 0.517 0.31533333333333335 0.521 0.31233333333333335 0.6965 0.31 0.7225 0.308 0.8095 0.30733333333333335 0.814 0.304 0.816 0.2896666666666667 0.8175 0.18033333333333335 0.8165 0.17466666666666666 0.8155 0.173 0.8125 0.179 0.695 0.19133333333333333 0.5195 0.19566666666666666 0.516 0.23833333333333334 0.5165
0 0.142 0.8555 0.155 0.856 0.157 0.8585 0.15433333333333332 0.922 0.14833333333333334 0.9935 0.145 0.997 0.132 0.9975 0.13166666666666665 0.9995 0.11633333333333333 0.9965 0.030666666666666665 0.9995 0.03 0.9975 0.010333333333333333 0.9975 0.005666666666666667 0.9945 0.017333333333333333 0.873 0.021 0.8575 0.025666666666666667 0.855 0.14166666666666666 0.8555
0 0.18466666666666667 0.278 0.193 0.2785 0.19466666666666665 0.2815 0.188 0.3745 0.18733333333333332 0.4095 0.18233333333333332 0.477 0.17933333333333334 0.4805 0.17 0.4815 0.061 0.4785 0.06 0.4615 0.07766666666666666 0.293 0.081 0.28 0.18433333333333332 0.278
0 0.44633333333333336 0.278 0.4483333333333333 0.283 0.4493333333333333 0.3055 0.451 0.4775 0.44466666666666665 0.4805 0.382 0.481 0.3353333333333333 0.4805 0.3293333333333333 0.479 0.3253333333333333 0.474 0.3283333333333333 0.4675 0.329 0.4575 0.33266666666666667 0.283 0.33466666666666667 0.28 0.34833333333333333 0.2785 0.446 0.278
0 0.765 0.5165 0.8456666666666667 0.517 0.849 0.525 0.859 0.6095 0.8606666666666667 0.617 0.868 0.623 0.8633333333333333 0.6305 0.8633333333333333 0.635 0.8846666666666667 0.814 0.8243333333333334 0.8165 0.7723333333333333 0.8165 0.7676666666666667 0.8115 0.752 0.6505 0.749 0.6295 0.747 0.6265 0.7486666666666667 0.615 0.7403333333333333 0.528 0.7413333333333333 0.5175 0.7646666666666667 0.5165
0 0.377 0.5165 0.44666666666666666 0.517 0.4503333333333333 0.5185 0.45166666666666666 0.5235 0.456 0.8105 0.45366666666666666 0.816 0.4266666666666667 0.817 0.335 0.8165 0.3243333333333333 0.8155 0.32166666666666666 0.81 0.324 0.621 0.32766666666666666 0.522 0.3313333333333333 0.5175 0.37666666666666665 0.5165
0 0.01633333333333333 0.5155 0.04066666666666666 0.5165 0.043 0.519 0.043 0.526 0.03333333333333333 0.6195 0.038 0.6235 0.034 0.6285 0.03133333333333333 0.638 0.025333333333333333 0.6855 0.019 0.7615 0.012333333333333333 0.814 0.009333333333333334 0.8165 0 0.8145 0 0.686 0.0016666666666666668 0.6855 0 0.685 0 0.517 0.016 0.5155
0 0.7846666666666666 0.855 0.8863333333333333 0.8555 0.8913333333333333 0.859 0.9093333333333333 0.995 0.905 0.9975 0.859 0.997 0.8553333333333333 0.9995 0.8266666666666667 0.9995 0.821 0.9955 0.788 0.9965 0.7853333333333333 0.9945 0.772 0.866 0.773 0.857 0.7843333333333333 0.855
0 0.06133333333333333 0.279 0.06733333333333333 0.2825 0.06633333333333333 0.303 0.051333333333333335 0.447 0.04633333333333333 0.4775 0.03666666666666667 0.4805 0 0.479 0 0.28 0.061 0.279
0 0.6856666666666666 0.277 0.6966666666666667 0.2775 0.7006666666666667 0.2825 0.7086666666666667 0.3705 0.7133333333333334 0.3975 0.718 0.4765 0.714 0.479 0.6436666666666667 0.481 0.6056666666666667 0.4795 0.6023333333333334 0.478 0.6003333333333334 0.473 0.5936666666666667 0.4015 0.5883333333333334 0.282 0.5916666666666667 0.279 0.6093333333333333 0.2775 0.6853333333333333 0.2775