0 0.6222222222222222 0.8755555555555555 0.6488888888888888 0.8755555555555555 0.6533333333333333 0.88 0.6666666666666666 0.88 0.6711111111111111 0.8755555555555555 0.7466666666666667 0.8755555555555555 0.7555555555555555 0.8888888888888888 0.7555555555555555 0.9555555555555556 0.7511111111111111 0.96 0.6266666666666667 0.96 0.6222222222222222 0.9555555555555556 0.6222222222222222 0.88
0 0.6133333333333333 0.4 0.6133333333333333 0.36444444444444446 0.6088888888888889 0.36 0.6088888888888889 0.26666666666666666 0.6133333333333333 0.26222222222222225 0.7155555555555555 0.26222222222222225 0.72 0.26666666666666666 0.72 0.30666666666666664 0.7244444444444444 0.3111111111111111 0.7244444444444444 0.39555555555555555 0.72 0.4 0.6177777777777778 0.4
0 0.6177777777777778 0.6844444444444444 0.6355555555555555 0.6844444444444444 0.6355555555555555 0.7066666666666667 0.6444444444444445 0.7155555555555555 0.6666666666666666 0.7155555555555555 0.6711111111111111 0.7111111111111111 0.6711111111111111 0.6844444444444444 0.7333333333333333 0.6844444444444444 0.7288888888888889 0.6888888888888889 0.7288888888888889 0.7155555555555555 0.7333333333333333 0.72 0.7377777777777778 0.72 0.7466666666666667 0.7333333333333333 0.7466666666666667 0.7377777777777778 0.7422222222222222 0.7422222222222222 0.7377777777777778 0.7422222222222222 0.7288888888888889 0.7555555555555555 0.7288888888888889 0.7644444444444445 0.7377777777777778 0.7733333333333333 0.7466666666666667 0.7733333333333333 0.7466666666666667 0.7955555555555556 0.7422222222222222 0.7955555555555556 0.7333333333333333 0.8044444444444444 0.7333333333333333 0.8222222222222222 0.7422222222222222 0.8311111111111111 0.7511111111111111 0.8311111111111111 0.7511111111111111 0.8533333333333334 0.7377777777777778 0.8622222222222222 0.6222222222222222 0.8622222222222222 0.6222222222222222 0.84 0.6177777777777778 0.8355555555555556 0.6177777777777778 0.6888888888888889
0 0.7555555555555555 0.4177777777777778 0.8533333333333334 0.4177777777777778 0.8533333333333334 0.4222222222222222 0.8577777777777778 0.4266666666666667 0.8577777777777778 0.4622222222222222 0.8488888888888889 0.4622222222222222 0.8444444444444444 0.4666666666666667 0.76 0.4666666666666667 0.7555555555555555 0.4622222222222222 0.7555555555555555 0.4222222222222222
0 0.8488888888888889 0.2577777777777778 0.8488888888888889 0.27111111111111114 0.8533333333333334 0.27555555555555555 0.8533333333333334 0.36 0.8577777777777778 0.36444444444444446 0.8577777777777778 0.39111111111111113 0.8533333333333334 0.39555555555555555 0.7466666666666667 0.39555555555555555 0.7466666666666667 0.37333333333333335 0.7422222222222222 0.3688888888888889 0.7422222222222222 0.29333333333333333 0.7377777777777778 0.28888888888888886 0.7377777777777778 0.26222222222222225 0.7422222222222222 0.2577777777777778 0.8444444444444444 0.2577777777777778
0 0 0.4266666666666667 0.017777777777777778 0.4266666666666667 0.022222222222222223 0.4311111111111111 0.044444444444444446 0.4311111111111111 0.044444444444444446 0.4711111111111111 0.04 0.47555555555555556 0 0.47555555555555556 0 0.4311111111111111
0 0.4 0.26666666666666666 0.4 0.37333333333333335 0.39555555555555555 0.37777777777777777 0.39555555555555555 0.40444444444444444 0.3111111111111111 0.40444444444444444 0.30666666666666664 0.4088888888888889 0.28888888888888886 0.4088888888888889 0.28444444444444444 0.40444444444444444 0.28444444444444444 0.3422222222222222 0.28888888888888886 0.3377777777777778 0.28888888888888886 0.27555555555555555 0.29333333333333333 0.27111111111111114 0.3377777777777778 0.27111111111111114 0.3422222222222222 0.26666666666666666 0.3466666666666667 0.26666666666666666 0.3511111111111111 0.27111111111111114 0.35555555555555557 0.26666666666666666 0.39555555555555555 0.26666666666666666
0 0.25333333333333335 0.8577777777777778 0.25333333333333335 0.7866666666666666 0.2577777777777778 0.7822222222222223 0.2577777777777778 0.7155555555555555 0.26222222222222225 0.7111111111111111 0.26222222222222225 0.6888888888888889 0.26666666666666666 0.6844444444444444 0.37777777777777777 0.6844444444444444 0.38666666666666666 0.6933333333333334 0.38666666666666666 0.7288888888888889 0.38222222222222224 0.7333333333333333 0.38222222222222224 0.8488888888888889 0.37777777777777777 0.8533333333333334 0.37777777777777777 0.8577777777777778 0.35555555555555557 0.8577777777777778 0.3511111111111111 0.8622222222222222 0.3377777777777778 0.8622222222222222 0.3333333333333333 0.8577777777777778 0.2577777777777778 0.8577777777777778
0 0.28444444444444444 0.8666666666666667 0.28888888888888886 0.8711111111111111 0.32 0.8711111111111111 0.3244444444444444 0.8755555555555555 0.3333333333333333 0.8755555555555555 0.3377777777777778 0.8711111111111111 0.3422222222222222 0.8755555555555555 0.3466666666666667 0.8755555555555555 0.3511111111111111 0.8711111111111111 0.37777777777777777 0.8711111111111111 0.37777777777777777 0.9466666666666667 0.37333333333333335 0.9511111111111111 0.37333333333333335 0.96 0.27555555555555555 0.96 0.27111111111111114 0.9555555555555556 0.2577777777777778 0.9555555555555556 0.25333333333333335 0.9511111111111111 0.25333333333333335 0.9333333333333333 0.24888888888888888 0.9288888888888889 0.25333333333333335 0.9244444444444444 0.25333333333333335 0.9066666666666666 0.24888888888888888 0.9022222222222223 0.24888888888888888 0.8977777777777778 0.25333333333333335 0.8933333333333333 0.25333333333333335 0.8755555555555555 0.26666666666666666 0.8666666666666667 0.28 0.8666666666666667
0 0 0.6844444444444444 0.008888888888888889 0.6844444444444444 0.013333333333333334 0.6888888888888889 0.013333333333333334 0.7066666666666667 0.008888888888888889 0.7111111111111111 0.008888888888888889 0.7466666666666667 0.0044444444444444444 0.7511111111111111 0.0044444444444444444 0.7733333333333333 0 0.7777777777777778 0 0.7866666666666666 0 0.6888888888888889
0 0.6133333333333333 0.41333333333333333 0.72 0.41333333333333333 0.7244444444444444 0.4177777777777778 0.7288888888888889 0.4177777777777778 0.7288888888888889 0.4666666666666667 0.6133333333333333 0.4666666666666667 0.6133333333333333 0.4177777777777778
0 0.7733333333333333 0.8577777777777778 0.7733333333333333 0.84 0.7688888888888888 0.8355555555555556 0.7688888888888888 0.7422222222222222 0.7644444444444445 0.7377777777777778 0.7644444444444445 0.6888888888888889 0.7688888888888888 0.6844444444444444 0.88 0.6844444444444444 0.8844444444444445 0.6888888888888889 0.8844444444444445 0.7066666666666667 0.8888888888888888 0.7111111111111111 0.8888888888888888 0.76 0.8933333333333333 0.7644444444444445 0.8933333333333333 0.8044444444444444 0.8977777777777778 0.8088888888888889 0.8977777777777778 0.8444444444444444 0.9022222222222223 0.8488888888888889 0.9022222222222223 0.8577777777777778 0.8977777777777778 0.8622222222222222 0.7822222222222223 0.8622222222222222 0.7777777777777778 0.8577777777777778
0 0.28888888888888886 0.4266666666666667 0.38666666666666666 0.4266666666666667 0.39111111111111113 0.4311111111111111 0.39111111111111113 0.4666666666666667 0.38666666666666666 0.4711111111111111 0.28444444444444444 0.4711111111111111 0.28444444444444444 0.4577777777777778 0.28888888888888886 0.4533333333333333 0.28888888888888886 0.4311111111111111
0 0.8933333333333333 0.8888888888888888 0.8977777777777778 0.8933333333333333 0.8977777777777778 0.9111111111111111 0.9022222222222223 0.9155555555555556 0.9022222222222223 0.9511111111111111 0.7955555555555556 0.9511111111111111 0.7911111111111111 0.9466666666666667 0.7866666666666666 0.9466666666666667 0.7866666666666666 0.9066666666666666 0.7822222222222223 0.9022222222222223 0.7822222222222223 0.8977777777777778 0.7911111111111111 0.8844444444444445 0.8044444444444444 0.8844444444444445 0.8088888888888889 0.8888888888888888 0.8888888888888888 0.8888888888888888
0 0 0.27555555555555555 0.06666666666666667 0.27555555555555555 0.06666666666666667 0.28888888888888886 0.06222222222222222 0.29333333333333333 0.06222222222222222 0.3244444444444444 0.057777777777777775 0.3288888888888889 0.057777777777777775 0.36 0.05333333333333334 0.36444444444444446 0.05333333333333334 0.39555555555555555 0.04888888888888889 0.4 0.04888888888888889 0.4088888888888889 0 0.4088888888888889 0 0.28