0 0.7036666666666667 0.20533333333333334 0.7786666666666666 0.21222222222222223 0.7853333333333333 0.216 0.7876666666666666 0.3244444444444444 0.7863333333333333 0.37577777777777777 0.7826666666666666 0.38177777777777777 0.707 0.37533333333333335 0.7006666666666667 0.37222222222222223 0.6993333333333334 0.258 0.696 0.248 0.6986666666666667 0.24533333333333332 0.6996666666666667 0.20955555555555555 0.7033333333333334 0.20533333333333334
0 0.6033333333333334 0.8102222222222222 0.6753333333333333 0.8153333333333334 0.6806666666666666 0.8175555555555556 0.6806666666666666 0.9948888888888889 0.673 0.9997777777777778 0.6683333333333333 0.9977777777777778 0.6626666666666666 0.9997777777777778 0.6623333333333333 0.998 0.6516666666666666 0.9966666666666667 0.6453333333333333 0.998 0.645 0.9997777777777778 0.6406666666666667 0.9973333333333333 0.638 0.9997777777777778 0.629 0.9997777777777778 0.627 0.9977777777777778 0.6256666666666667 0.9997777777777778 0.5943333333333334 0.9997777777777778 0.594 0.8162222222222222 0.5956666666666667 0.8115555555555556 0.603 0.8102222222222222
0 0.602 0.19533333333333333 0.6793333333333333 0.20244444444444445 0.683 0.2048888888888889 0.684 0.36977777777777776 0.68 0.37222222222222223 0.6056666666666667 0.3668888888888889 0.5966666666666667 0.3631111111111111 0.5953333333333334 0.20777777777777778 0.5966666666666667 0.19666666666666666 0.6016666666666667 0.19533333333333333
0 0.7053333333333334 0.8166666666666667 0.717 0.8182222222222222 0.7416666666666667 0.8175555555555556 0.778 0.8211111111111111 0.785 0.8242222222222222 0.784 0.9948888888888889 0.7756666666666666 0.9975555555555555 0.7746666666666666 0.9997777777777778 0.7116666666666667 0.9997777777777778 0.7106666666666667 0.9975555555555555 0.6993333333333334 0.9971111111111111 0.6973333333333334 0.9948888888888889 0.6986666666666667 0.8833333333333333 0.6956666666666667 0.8482222222222222 0.698 0.842 0.698 0.8186666666666667 0.7 0.8166666666666667 0.705 0.8166666666666667
0 0.708 0.6011111111111112 0.782 0.6068888888888889 0.7856666666666666 0.6091111111111112 0.785 0.804 0.7843333333333333 0.8104444444444444 0.7813333333333333 0.8124444444444444 0.741 0.8111111111111111 0.7236666666666667 0.8084444444444444 0.7113333333333334 0.8093333333333333 0.7 0.8075555555555556 0.6973333333333334 0.8046666666666666 0.6986666666666667 0.6093333333333333 0.6996666666666667 0.6026666666666667 0.7076666666666667 0.6011111111111112
0 0.49933333333333335 0.18533333333333332 0.5746666666666667 0.1922222222222222 0.5793333333333334 0.19466666666666665 0.58 0.3362222222222222 0.579 0.3602222222222222 0.5756666666666667 0.3635555555555556 0.5203333333333333 0.35977777777777775 0.49333333333333335 0.3557777777777778 0.49233333333333335 0.194 0.49433333333333335 0.18577777777777776 0.499 0.18533333333333332
0 0.8133333333333334 0.3942222222222222 0.8623333333333333 0.3968888888888889 0.8836666666666667 0.4 0.8883333333333333 0.40444444444444444 0.886 0.4911111111111111 0.8883333333333333 0.5537777777777778 0.8863333333333333 0.5562222222222222 0.8856666666666667 0.6013333333333334 0.8803333333333333 0.6042222222222222 0.807 0.5993333333333334 0.8023333333333333 0.5953333333333334 0.8023333333333333 0.3993333333333333 0.8053333333333333 0.394 0.813 0.3942222222222222
0 0.5033333333333333 0.36844444444444446 0.5606666666666666 0.3731111111111111 0.579 0.37666666666666665 0.5793333333333334 0.5575555555555556 0.5783333333333334 0.5784444444444444 0.5746666666666667 0.5817777777777777 0.5086666666666667 0.578 0.49533333333333335 0.576 0.493 0.5737777777777778 0.49266666666666664 0.37266666666666665 0.49466666666666664 0.36844444444444446 0.503 0.36844444444444446
0 0.71 0.3857777777777778 0.7656666666666667 0.3897777777777778 0.783 0.39222222222222225 0.786 0.39466666666666667 0.7853333333333333 0.5871111111111111 0.7843333333333333 0.5951111111111111 0.782 0.5964444444444444 0.709 0.5924444444444444 0.703 0.5917777777777777 0.6996666666666667 0.5886666666666667 0.6993333333333334 0.5568888888888889 0.6963333333333334 0.5537777777777778 0.6996666666666667 0.4791111111111111 0.698 0.4008888888888889 0.7023333333333334 0.3864444444444444 0.7096666666666667 0.3857777777777778
0 0.22133333333333333 0.8168888888888889 0.224 0.8184444444444444 0.22333333333333333 0.8684444444444445 0.22166666666666668 0.8704444444444445 0.19966666666666666 0.8768888888888889 0.19566666666666666 0.8766666666666667 0.19633333333333333 0.8246666666666667 0.221 0.8168888888888889
0 0.8093333333333333 0.8228888888888889 0.873 0.8262222222222222 0.8833333333333333 0.8277777777777777 0.8856666666666667 0.8322222222222222 0.885 0.9955555555555555 0.8836666666666667 0.9975555555555555 0.8463333333333334 0.9975555555555555 0.844 0.9997777777777778 0.8093333333333333 0.9997777777777778 0.8093333333333333 0.998 0.8033333333333333 0.9975555555555555 0.7996666666666666 0.9933333333333333 0.8003333333333333 0.8271111111111111 0.803 0.8233333333333334 0.809 0.8228888888888889
0 0.158 0.6902222222222222 0.156 0.688 0.15533333333333332 0.6404444444444445 0.182 0.6295555555555555 0.19266666666666668 0.6264444444444445 0.19566666666666666 0.6275555555555555 0.19533333333333333 0.6753333333333333 0.19133333333333333 0.6788888888888889 0.15833333333333333 0.69
0 0.194 0.8253333333333334 0.195 0.8766666666666667 0.189 0.88 0.158 0.8882222222222222 0.15533333333333332 0.8382222222222222 0.158 0.8357777777777777 0.19366666666666665 0.8253333333333334
0 0.6016666666666667 0.5935555555555555 0.6693333333333333 0.5986666666666667 0.679 0.6004444444444444 0.6826666666666666 0.6048888888888889 0.6816666666666666 0.804 0.6786666666666666 0.8057777777777778 0.6696666666666666 0.806 0.6033333333333334 0.802 0.5963333333333334 0.8004444444444444 0.5943333333333334 0.7971111111111111 0.5936666666666667 0.6226666666666667 0.595 0.5953333333333334 0.6013333333333334 0.5935555555555555
0 0.8083333333333333 0.21488888888888888 0.8826666666666667 0.22155555555555556 0.886 0.2242222222222222 0.886 0.3864444444444444 0.8836666666666667 0.38866666666666666 0.8776666666666667 0.38911111111111113 0.8173333333333334 0.3848888888888889 0.807 0.38355555555555554 0.8033333333333333 0.38066666666666665 0.8013333333333333 0.2222222222222222 0.803 0.21533333333333332 0.808 0.21488888888888888
0 0.915 0.6155555555555555 0.981 0.6197777777777778 0.9913333333333333 0.6231111111111111 0.9873333333333333 0.6266666666666667 0.9863333333333333 0.6377777777777778 0.9863333333333333 0.8211111111111111 0.9843333333333333 0.8237777777777778 0.972 0.8242222222222222 0.9173333333333333 0.8211111111111111 0.9033333333333333 0.8175555555555556 0.903 0.6195555555555555 0.9043333333333333 0.6162222222222222 0.9146666666666666 0.6155555555555555
0 0.22366666666666668 0.6155555555555555 0.223 0.6662222222222223 0.19966666666666666 0.6757777777777778 0.19633333333333333 0.6731111111111111 0.195 0.6266666666666667 0.20766666666666667 0.6197777777777778 0.22333333333333333 0.6155555555555555
0 0.12633333333333333 0.8455555555555555 0.15066666666666667 0.8377777777777777 0.15566666666666668 0.8382222222222222 0.15633333333333332 0.8857777777777778 0.152 0.8902222222222222 0.13733333333333334 0.8948888888888888 0.12433333333333334 0.8955555555555555 0.12533333333333332 0.8535555555555555 0.12133333333333333 0.8488888888888889 0.12633333333333333 0.8457777777777777
0 0.8043333333333333 0.6077777777777778 0.88 0.614 0.8856666666666667 0.6186666666666667 0.887 0.7935555555555556 0.8853333333333333 0.8155555555555556 0.8836666666666667 0.818 0.8786666666666667 0.8186666666666667 0.807 0.8146666666666667 0.8013333333333333 0.8108888888888889 0.8 0.6193333333333333 0.8016666666666666 0.6091111111111112 0.804 0.6077777777777778
0 0.5063333333333333 0.5866666666666667 0.5746666666666667 0.5913333333333334 0.579 0.5953333333333334 0.5773333333333334 0.7693333333333333 0.5793333333333334 0.7777777777777778 0.578 0.7973333333333333 0.575 0.8 0.5043333333333333 0.7968888888888889 0.495 0.7957777777777778 0.49166666666666664 0.7933333333333333 0.492 0.5893333333333334 0.49566666666666664 0.5866666666666667 0.506 0.5866666666666667
0 0.15433333333333332 0.64 0.156 0.6891111111111111 0.15333333333333332 0.6915555555555556 0.13666666666666666 0.698 0.12333333333333334 0.6995555555555556 0.12633333333333333 0.6706666666666666 0.123 0.6542222222222223 0.132 0.6473333333333333 0.154 0.6402222222222222
0 0.9316666666666666 0.4037777777777778 0.9773333333333334 0.40755555555555556 0.984 0.4088888888888889 0.9873333333333333 0.41244444444444445 0.9866666666666667 0.5995555555555555 0.986 0.6095555555555555 0.9806666666666667 0.6115555555555555 0.9106666666666666 0.6066666666666667 0.9036666666666666 0.6024444444444444 0.904 0.406 0.909 0.4033333333333333 0.9313333333333333 0.4037777777777778
0 0.9076666666666666 0.8282222222222222 0.9683333333333334 0.8313333333333334 0.9853333333333333 0.8355555555555556 0.986 0.9948888888888889 0.9813333333333333 0.9997777777777778 0.9486666666666667 0.9997777777777778 0.946 0.9971111111111111 0.9396666666666667 0.9968888888888889 0.9246666666666666 0.9971111111111111 0.9203333333333333 0.9997777777777778 0.9043333333333333 0.9997777777777778 0.9023333333333333 0.9964444444444445 0.902 0.8315555555555556 0.9043333333333333 0.8284444444444444 0.9073333333333333 0.8284444444444444
0 0.6033333333333334 0.3768888888888889 0.6793333333333333 0.38355555555555554 0.6833333333333333 0.3868888888888889 0.6826666666666666 0.5855555555555556 0.6793333333333333 0.5893333333333334 0.6053333333333333 0.5848888888888889 0.5986666666666667 0.5837777777777777 0.5943333333333334 0.578 0.5953333333333334 0.38666666666666666 0.597 0.378 0.603 0.3768888888888889
0 0.9043333333333333 0.22555555555555556 0.9136666666666666 0.22466666666666665 0.981 0.23066666666666666 0.9856666666666667 0.23333333333333334 0.9876666666666667 0.3904444444444444 0.986 0.3962222222222222 0.9826666666666667 0.3977777777777778 0.9383333333333334 0.39555555555555555 0.9043333333333333 0.3904444444444444 0.9043333333333333 0.22577777777777777
0 0.496 0.8044444444444444 0.574 0.8088888888888889 0.5786666666666667 0.8142222222222222 0.5776666666666667 0.8973333333333333 0.58 0.9286666666666666 0.5773333333333334 0.942 0.576 0.9997777777777778 0.5063333333333333 0.9997777777777778 0.5046666666666667 0.9975555555555555 0.494 0.9966666666666667 0.49066666666666664 0.9926666666666667 0.489 0.8486666666666667 0.49133333333333334 0.808 0.49566666666666664 0.8044444444444444