0 0.6766666666666666 0.42083333333333334 0.7333333333333333 0.4225 0.74 0.425 0.7477777777777778 0.48583333333333334 0.7444444444444445 0.4891666666666667 0.7344444444444445 0.49 0.6744444444444444 0.48833333333333334 0.6711111111111111 0.48583333333333334 0.6677777777777778 0.4766666666666667 0.6644444444444444 0.4241666666666667 0.6666666666666666 0.42083333333333334 0.6755555555555556 0.42083333333333334
0 0.48 0.41833333333333333 0.48 0.4791666666666667 0.4777777777777778 0.4816666666666667 0.46 0.4825 0.39666666666666667 0.48083333333333333 0.39444444444444443 0.4791666666666667 0.3933333333333333 0.45 0.39666666666666667 0.4216666666666667 0.4 0.4175 0.42 0.41833333333333333 0.4255555555555556 0.4166666666666667 0.43222222222222223 0.4225 0.43777777777777777 0.42083333333333334 0.4477777777777778 0.4225 0.4533333333333333 0.4191666666666667 0.4666666666666667 0.4191666666666667 0.47333333333333333 0.4216666666666667 0.4766666666666667 0.4175 0.47888888888888886 0.41833333333333333
0 0.6244444444444445 0.33166666666666667 0.65 0.335 0.6555555555555556 0.3908333333333333 0.6555555555555556 0.4125 0.6511111111111111 0.415 0.6 0.415 0.5866666666666667 0.4141666666666667 0.5766666666666667 0.41083333333333333 0.5733333333333334 0.3725 0.5744444444444444 0.3333333333333333 0.5766666666666667 0.33166666666666667 0.6233333333333333 0.33166666666666667
0 0.5888888888888889 0.5408333333333334 0.5977777777777777 0.5425 0.6033333333333334 0.5466666666666666 0.6077777777777778 0.5616666666666666 0.6122222222222222 0.5641666666666667 0.6144444444444445 0.5616666666666666 0.6133333333333333 0.5516666666666666 0.6166666666666667 0.5466666666666666 0.6522222222222223 0.5525 0.6644444444444444 0.5575 0.6733333333333333 0.5683333333333334 0.6744444444444444 0.5741666666666667 0.6755555555555556 0.6016666666666667 0.6744444444444444 0.6125 0.6722222222222223 0.6141666666666666 0.5888888888888889 0.6125 0.5866666666666667 0.6108333333333333 0.5833333333333334 0.5991666666666666 0.5833333333333334 0.5733333333333334 0.5788888888888889 0.5425 0.5833333333333334 0.54 0.5877777777777777 0.5408333333333334
0 0.5044444444444445 0.24 0.55 0.24333333333333335 0.56 0.2425 0.5622222222222222 0.24416666666666667 0.5644444444444444 0.25 0.5666666666666667 0.30083333333333334 0.5666666666666667 0.31583333333333335 0.5633333333333334 0.3258333333333333 0.5166666666666667 0.325 0.5077777777777778 0.3233333333333333 0.4911111111111111 0.3258333333333333 0.4866666666666667 0.31166666666666665 0.48777777777777775 0.24833333333333332 0.4922222222222222 0.24083333333333334 0.5033333333333333 0.24
0 0.5022222222222222 0.4175 0.5133333333333333 0.4225 0.5288888888888889 0.425 0.5388888888888889 0.4225 0.5455555555555556 0.42333333333333334 0.5522222222222222 0.42 0.5677777777777778 0.4225 0.5711111111111111 0.42833333333333334 0.5722222222222222 0.48 0.57 0.4841666666666667 0.5111111111111111 0.4841666666666667 0.4866666666666667 0.48 0.4866666666666667 0.425 0.4911111111111111 0.4175 0.5011111111111111 0.4175
0 0.4866666666666667 0.6158333333333333 0.5755555555555556 0.6175 0.5788888888888889 0.6258333333333334 0.5811111111111111 0.6625 0.5811111111111111 0.6933333333333334 0.5766666666666667 0.7016666666666667 0.5633333333333334 0.7041666666666667 0.4922222222222222 0.7041666666666667 0.4866666666666667 0.7025 0.48444444444444446 0.6991666666666667 0.48444444444444446 0.6241666666666666 0.4866666666666667 0.6166666666666667
0 0.41888888888888887 0.19333333333333333 0.4811111111111111 0.19666666666666666 0.48444444444444446 0.205 0.48444444444444446 0.215 0.48333333333333334 0.23416666666666666 0.48 0.23666666666666666 0.43555555555555553 0.23333333333333334 0.41444444444444445 0.23333333333333334 0.4111111111111111 0.235 0.4066666666666667 0.23 0.4088888888888889 0.19666666666666666 0.4111111111111111 0.1925 0.4177777777777778 0.19333333333333333
0 0.6177777777777778 0.6175 0.6755555555555556 0.62 0.6833333333333333 0.6816666666666666 0.6833333333333333 0.7025 0.6644444444444444 0.7066666666666667 0.5966666666666667 0.705 0.5911111111111111 0.7016666666666667 0.5866666666666667 0.6875 0.5844444444444444 0.6358333333333334 0.5866666666666667 0.6183333333333333 0.6166666666666667 0.6175
0 0.6911111111111111 0.6183333333333333 0.6988888888888889 0.62 0.73 0.6191666666666666 0.7388888888888889 0.6216666666666667 0.7655555555555555 0.6216666666666667 0.7677777777777778 0.6233333333333333 0.7688888888888888 0.6466666666666666 0.7777777777777778 0.6941666666666667 0.7777777777777778 0.7058333333333333 0.7755555555555556 0.7075 0.7222222222222222 0.7075 0.6922222222222222 0.7041666666666667 0.6833333333333333 0.6316666666666667 0.6844444444444444 0.6208333333333333 0.6866666666666666 0.6183333333333333 0.69 0.6183333333333333
0 0.6933333333333334 0.33416666666666667 0.7033333333333334 0.3358333333333333 0.7211111111111111 0.335 0.7266666666666667 0.3358333333333333 0.7288888888888889 0.3383333333333333 0.7388888888888889 0.4116666666666667 0.7355555555555555 0.4175 0.6677777777777778 0.4166666666666667 0.6633333333333333 0.41333333333333333 0.6566666666666666 0.3516666666666667 0.6588888888888889 0.3383333333333333 0.6666666666666666 0.33416666666666667 0.6922222222222222 0.33416666666666667
0 0.6855555555555556 0.24833333333333332 0.7133333333333334 0.25 0.7177777777777777 0.2525 0.7277777777777777 0.3283333333333333 0.7255555555555555 0.3308333333333333 0.71 0.33166666666666667 0.6777777777777778 0.3308333333333333 0.6733333333333333 0.32916666666666666 0.66 0.3308333333333333 0.6544444444444445 0.32 0.6488888888888888 0.25083333333333335 0.6511111111111111 0.2475 0.6844444444444444 0.24833333333333332
0 0.3377777777777778 0.32083333333333336 0.3488888888888889 0.32083333333333336 0.3511111111111111 0.3225 0.38666666666666666 0.32166666666666666 0.3933333333333333 0.3233333333333333 0.39555555555555555 0.3275 0.39555555555555555 0.3525 0.39 0.3858333333333333 0.39 0.405 0.3188888888888889 0.405 0.31333333333333335 0.395 0.31 0.37 0.31222222222222223 0.3325 0.31777777777777777 0.3233333333333333 0.3211111111111111 0.3275 0.3233333333333333 0.3233333333333333 0.33444444444444443 0.3233333333333333 0.3377777777777778 0.32166666666666666
0 0.59 0.2025 0.6311111111111111 0.20416666666666666 0.64 0.20666666666666667 0.6433333333333333 0.24 0.6411111111111111 0.24333333333333335 0.5922222222222222 0.2425 0.5711111111111111 0.24083333333333334 0.5688888888888889 0.23916666666666667 0.5677777777777778 0.205 0.57 0.2025 0.5888888888888889 0.2025
0 0.5911111111111111 0.41833333333333333 0.6044444444444445 0.42 0.6511111111111111 0.42 0.6566666666666666 0.4225 0.6644444444444444 0.47333333333333333 0.6644444444444444 0.4841666666666667 0.6611111111111111 0.4875 0.58 0.4841666666666667 0.5777777777777777 0.4583333333333333 0.5811111111111111 0.45166666666666666 0.5822222222222222 0.43833333333333335 0.5788888888888889 0.4325 0.5788888888888889 0.4225 0.5822222222222222 0.4191666666666667 0.59 0.41833333333333333
0 0.31777777777777777 0.48 0.3522222222222222 0.4816666666666667 0.35777777777777775 0.48833333333333334 0.3622222222222222 0.5008333333333334 0.37222222222222223 0.5116666666666667 0.37777777777777777 0.51 0.37555555555555553 0.49833333333333335 0.37222222222222223 0.49416666666666664 0.37333333333333335 0.4875 0.38555555555555554 0.49166666666666664 0.3844444444444444 0.5016666666666667 0.38666666666666666 0.5033333333333333 0.38333333333333336 0.5191666666666667 0.3844444444444444 0.5291666666666667 0.37666666666666665 0.6075 0.3622222222222222 0.6058333333333333 0.35555555555555557 0.6075 0.30777777777777776 0.6066666666666667 0.3055555555555556 0.6058333333333333 0.3022222222222222 0.595 0.31333333333333335 0.49083333333333334 0.31777777777777777 0.48083333333333333
0 0.49777777777777776 0.1975 0.5611111111111111 0.20166666666666666 0.5633333333333334 0.21833333333333332 0.5633333333333334 0.24083333333333334 0.5611111111111111 0.2425 0.5533333333333333 0.23916666666666667 0.4911111111111111 0.23833333333333334 0.4888888888888889 0.235 0.4888888888888889 0.2 0.4911111111111111 0.1975 0.49666666666666665 0.1975
0 0.3433333333333333 0.23166666666666666 0.39111111111111113 0.23416666666666666 0.4011111111111111 0.2375 0.3977777777777778 0.30833333333333335 0.3933333333333333 0.31916666666666665 0.31666666666666665 0.315 0.31666666666666665 0.2758333333333333 0.3211111111111111 0.23666666666666666 0.32555555555555554 0.23166666666666666 0.3422222222222222 0.23166666666666666
0 0.41888888888888887 0.23583333333333334 0.4588888888888889 0.2375 0.4811111111111111 0.24166666666666667 0.48333333333333334 0.24916666666666668 0.4822222222222222 0.31666666666666665 0.4811111111111111 0.32083333333333336 0.4766666666666667 0.3225 0.4266666666666667 0.31916666666666665 0.4066666666666667 0.32 0.40444444444444444 0.31833333333333336 0.4033333333333333 0.2916666666666667 0.4066666666666667 0.2425 0.41 0.23583333333333334 0.4177777777777778 0.23583333333333334
0 0.4033333333333333 0.49416666666666664 0.4111111111111111 0.4975 0.4177777777777778 0.5041666666666667 0.4222222222222222 0.5008333333333334 0.42777777777777776 0.5 0.4811111111111111 0.5158333333333334 0.48 0.5875 0.4766666666666667 0.6116666666666667 0.47333333333333333 0.6091666666666666 0.43666666666666665 0.61 0.39 0.6075 0.38666666666666666 0.6058333333333333 0.38555555555555554 0.5733333333333334 0.39 0.505 0.3933333333333333 0.49583333333333335 0.4022222222222222 0.49416666666666664
0 0.6466666666666666 0.205 0.6744444444444444 0.20666666666666667 0.6855555555555556 0.21 0.7122222222222222 0.21 0.7177777777777777 0.24333333333333335 0.7166666666666667 0.24666666666666667 0.6511111111111111 0.245 0.6466666666666666 0.23916666666666667 0.6466666666666666 0.20583333333333334
0 0.7233333333333334 0.49416666666666664 0.7455555555555555 0.49583333333333335 0.7511111111111111 0.5008333333333334 0.7577777777777778 0.5566666666666666 0.7511111111111111 0.5616666666666666 0.7377777777777778 0.5591666666666667 0.7266666666666667 0.5591666666666667 0.7244444444444444 0.5608333333333333 0.7266666666666667 0.5641666666666667 0.7422222222222222 0.5658333333333333 0.7455555555555555 0.5708333333333333 0.7611111111111111 0.58 0.7633333333333333 0.61 0.7622222222222222 0.6133333333333333 0.7544444444444445 0.6166666666666667 0.7444444444444445 0.615 0.72 0.6158333333333333 0.7044444444444444 0.6133333333333333 0.6855555555555556 0.6141666666666666 0.68 0.5991666666666666 0.6788888888888889 0.5591666666666667 0.6822222222222222 0.5575 0.6977777777777778 0.5591666666666667 0.7055555555555556 0.5566666666666666 0.68 0.5516666666666666 0.6744444444444444 0.5466666666666666 0.6711111111111111 0.49666666666666665 0.6733333333333333 0.49333333333333335 0.7222222222222222 0.49416666666666664
0 0.49444444444444446 0.5175 0.5044444444444445 0.535 0.51 0.5341666666666667 0.5088888888888888 0.5233333333333333 0.5288888888888889 0.5258333333333334 0.5488888888888889 0.5308333333333334 0.5611111111111111 0.5475 0.5666666666666667 0.5508333333333333 0.5711111111111111 0.55 0.5755555555555556 0.56 0.5777777777777777 0.6 0.5733333333333334 0.6091666666666666 0.5566666666666666 0.6116666666666667 0.4911111111111111 0.61 0.4866666666666667 0.6075 0.48444444444444446 0.5958333333333333 0.4855555555555556 0.5183333333333333 0.49333333333333335 0.5175
0 0.38666666666666666 0.4141666666666667 0.39 0.42 0.39 0.43833333333333335 0.3877777777777778 0.47 0.3844444444444444 0.47833333333333333 0.35888888888888887 0.4716666666666667 0.3522222222222222 0.4716666666666667 0.3333333333333333 0.465 0.3233333333333333 0.4558333333333333 0.32222222222222224 0.44916666666666666 0.32666666666666666 0.43916666666666665 0.32555555555555554 0.4225 0.3277777777777778 0.4191666666666667 0.33555555555555555 0.4175 0.36444444444444446 0.4191666666666667 0.37333333333333335 0.41583333333333333 0.38555555555555554 0.415
0 0.42333333333333334 0.32416666666666666 0.4533333333333333 0.32666666666666666 0.45666666666666667 0.32916666666666666 0.48 0.32916666666666666 0.4822222222222222 0.3925 0.47888888888888886 0.41 0.4211111111111111 0.4091666666666667 0.4 0.4075 0.3977777777777778 0.405 0.4 0.3466666666666667 0.4033333333333333 0.3275 0.4077777777777778 0.32416666666666666 0.4222222222222222 0.32416666666666666
0 0.3322222222222222 0.18916666666666668 0.4022222222222222 0.1925 0.40444444444444444 0.20583333333333334 0.4 0.23166666666666666 0.3244444444444444 0.2275 0.32555555555555554 0.1925 0.3277777777777778 0.18916666666666668 0.33111111111111113 0.18916666666666668
0 0.5055555555555555 0.3283333333333333 0.5644444444444444 0.33166666666666667 0.5677777777777778 0.355 0.5688888888888889 0.4075 0.5677777777777778 0.4116666666666667 0.56 0.41333333333333333 0.5011111111111111 0.4116666666666667 0.4922222222222222 0.41083333333333333 0.48777777777777775 0.4083333333333333 0.48777777777777775 0.3375 0.49333333333333335 0.3283333333333333 0.5044444444444445 0.3283333333333333
0 0.43333333333333335 0.6141666666666666 0.47 0.6158333333333333 0.4777777777777778 0.6191666666666666 0.47888888888888886 0.69 0.4766666666666667 0.7016666666666667 0.45555555555555555 0.7033333333333334 0.4011111111111111 0.7033333333333334 0.39555555555555555 0.7016666666666667 0.39 0.705 0.38333333333333336 0.705 0.3788888888888889 0.7 0.38555555555555554 0.6158333333333333 0.3888888888888889 0.6141666666666666 0.43222222222222223 0.6141666666666666
0 0.5744444444444444 0.24333333333333335 0.5844444444444444 0.24583333333333332 0.6211111111111111 0.245 0.6411111111111111 0.24666666666666667 0.6433333333333333 0.24833333333333332 0.6455555555555555 0.2525 0.6444444444444445 0.265 0.6477777777777778 0.2916666666666667 0.6477777777777778 0.3275 0.6444444444444445 0.32916666666666666 0.5766666666666667 0.3275 0.5711111111111111 0.31166666666666665 0.5688888888888889 0.25916666666666666 0.57 0.2475 0.5733333333333334 0.24416666666666667
0 0.33555555555555555 0.6570833333333334 0.08666666666666667 0.09083333333333334