0 0.78 0.458 0.79 0.458 0.8 0.462 0.83 0.466 0.832 0.468 0.838 0.468 0.846 0.474 0.848 0.512 0.85 0.514 0.85 0.54 0.852 0.542 0.852 0.558 0.84 0.558 0.83 0.554 0.818 0.554 0.816 0.552 0.808 0.552 0.806 0.55 0.798 0.55 0.784 0.546 0.784 0.54 0.782 0.538 0.782 0.518 0.78 0.516 0.78 0.466 0.778 0.464 0.78 0.46
0 0.702 0.36 0.704 0.362 0.738 0.366 0.766 0.374 0.77 0.38 0.77 0.418 0.772 0.42 0.772 0.448 0.758 0.448 0.756 0.446 0.748 0.446 0.738 0.442 0.728 0.442 0.726 0.44 0.718 0.44 0.704 0.436 0.702 0.434 0.702 0.39 0.7 0.388 0.7 0.364 0.702 0.362
0 0.626 0.428 0.652 0.43 0.654 0.432 0.662 0.432 0.678 0.438 0.688 0.438 0.698 0.442 0.7 0.494 0.702 0.496 0.702 0.51 0.7 0.512 0.702 0.514 0.702 0.526 0.7 0.53 0.664 0.526 0.654 0.522 0.63 0.518 0.628 0.516 0.628 0.494 0.626 0.492 0.628 0.488 0.626 0.484 0.628 0.478 0.626 0.472 0.626 0.43
0 0.774 0.378 0.81 0.38 0.82 0.386 0.838 0.39 0.84 0.404 0.842 0.406 0.842 0.432 0.844 0.434 0.844 0.462 0.842 0.464 0.832 0.464 0.83 0.462 0.822 0.462 0.82 0.46 0.812 0.46 0.802 0.456 0.792 0.456 0.778 0.452 0.776 0.446 0.774 0.38
0 0.542 0.326 0.556 0.326 0.558 0.328 0.566 0.328 0.584 0.334 0.594 0.334 0.616 0.34 0.618 0.342 0.618 0.398 0.62 0.4 0.62 0.414 0.618 0.418 0.544 0.402 0.542 0.4 0.542 0.328
0 0.48 0.496 0.492 0.5 0.508 0.5 0.52 0.504 0.53 0.504 0.538 0.508 0.538 0.528 0.536 0.53 0.536 0.596 0.496 0.592 0.484 0.588 0.47 0.588 0.468 0.586 0.458 0.586 0.452 0.582 0.454 0.494 0.458 0.492 0.46 0.494 0.478 0.496
0 0.548 0.508 0.55 0.51 0.562 0.51 0.564 0.512 0.598 0.516 0.6 0.518 0.622 0.522 0.622 0.558 0.624 0.56 0.622 0.562 0.624 0.568 0.624 0.608 0.622 0.61 0.544 0.598 0.542 0.594 0.542 0.51 0.546 0.508
0 0.79 0.552 0.8 0.556 0.824 0.558 0.834 0.562 0.848 0.562 0.854 0.566 0.856 0.602 0.858 0.604 0.858 0.644 0.856 0.646 0.842 0.646 0.84 0.644 0.83 0.644 0.828 0.642 0.818 0.642 0.816 0.64 0.806 0.64 0.804 0.638 0.79 0.636 0.788 0.632 0.786 0.566 0.784 0.564 0.784 0.554 0.788 0.552
0 0.368 0.28 0.382 0.284 0.394 0.284 0.402 0.288 0.414 0.29 0.42 0.294 0.426 0.292 0.438 0.298 0.448 0.298 0.452 0.304 0.45 0.38 0.436 0.38 0.426 0.376 0.416 0.376 0.398 0.37 0.372 0.366 0.364 0.362 0.364 0.312 0.366 0.31 0.366 0.284 0.368 0.282
0 0.364 0.372 0.38 0.372 0.4 0.378 0.41 0.378 0.418 0.382 0.428 0.382 0.43 0.384 0.444 0.386 0.45 0.39 0.448 0.482 0.446 0.484 0.44 0.484 0.438 0.482 0.428 0.482 0.414 0.478 0.402 0.478 0.4 0.476 0.392 0.476 0.39 0.474 0.382 0.474 0.36 0.468 0.364 0.374
0 0.712 0.442 0.722 0.446 0.742 0.448 0.744 0.45 0.772 0.456 0.774 0.46 0.774 0.488 0.776 0.49 0.776 0.532 0.778 0.534 0.774 0.544 0.758 0.542 0.756 0.54 0.744 0.54 0.724 0.534 0.714 0.534 0.706 0.53 0.706 0.492 0.704 0.49 0.702 0.444 0.704 0.442 0.71 0.442
0 0.628 0.524 0.642 0.524 0.652 0.528 0.674 0.53 0.676 0.532 0.686 0.532 0.688 0.534 0.702 0.536 0.704 0.538 0.704 0.58 0.706 0.582 0.706 0.622 0.694 0.622 0.682 0.618 0.63 0.612 0.628 0.608 0.628 0.526
0 0.26 0.458 0.294 0.462 0.296 0.464 0.316 0.466 0.326 0.47 0.352 0.474 0.352 0.486 0.354 0.488 0.352 0.49 0.352 0.536 0.35 0.538 0.352 0.566 0.35 0.568 0.308 0.564 0.306 0.562 0.282 0.56 0.28 0.558 0.254 0.554 0.252 0.552 0.252 0.532 0.254 0.53 0.254 0.502 0.256 0.5 0.258 0.462 0.26 0.46
0 0.458 0.302 0.484 0.31 0.504 0.312 0.506 0.314 0.52 0.314 0.522 0.316 0.528 0.314 0.53 0.318 0.536 0.318 0.536 0.398 0.532 0.4 0.512 0.394 0.502 0.394 0.492 0.39 0.464 0.386 0.456 0.382 0.456 0.306 0.458 0.304
0 0.568 0.412 0.578 0.416 0.588 0.416 0.59 0.418 0.598 0.418 0.62 0.424 0.62 0.466 0.622 0.468 0.622 0.514 0.62 0.516 0.544 0.502 0.542 0.498 0.542 0.41 0.546 0.408 0.548 0.41 0.566 0.412
0 0.456 0.39 0.474 0.392 0.484 0.396 0.494 0.396 0.512 0.402 0.532 0.404 0.536 0.406 0.536 0.424 0.538 0.426 0.538 0.436 0.536 0.438 0.538 0.444 0.536 0.446 0.538 0.476 0.536 0.478 0.536 0.498 0.534 0.5 0.516 0.498 0.506 0.494 0.494 0.494 0.482 0.49 0.472 0.49 0.47 0.488 0.458 0.488 0.454 0.484 0.454 0.396 0.456 0.392
0 0.27 0.262 0.276 0.26 0.278 0.262 0.286 0.262 0.314 0.27 0.324 0.27 0.326 0.272 0.356 0.278 0.362 0.282 0.358 0.36 0.352 0.362 0.34 0.358 0.33 0.358 0.328 0.356 0.31 0.354 0.266 0.342 0.266 0.292 0.268 0.29 0.268 0.268 0.27 0.264
0 0.288 0.352 0.308 0.358 0.32 0.358 0.322 0.36 0.352 0.366 0.358 0.37 0.356 0.418 0.354 0.42 0.356 0.424 0.356 0.446 0.354 0.448 0.354 0.464 0.352 0.466 0.32 0.464 0.318 0.462 0.308 0.462 0.306 0.46 0.298 0.46 0.286 0.456 0.274 0.456 0.26 0.452 0.26 0.414 0.262 0.412 0.262 0.396 0.264 0.394 0.264 0.384 0.262 0.382 0.264 0.38 0.264 0.352 0.266 0.35 0.286 0.352
0 0.85 0.474 0.862 0.474 0.864 0.476 0.876 0.476 0.888 0.48 0.91 0.482 0.914 0.488 0.914 0.504 0.918 0.518 0.918 0.542 0.92 0.544 0.92 0.57 0.91 0.57 0.908 0.568 0.898 0.568 0.896 0.566 0.886 0.566 0.884 0.564 0.858 0.56 0.856 0.558 0.856 0.536 0.854 0.534 0.854 0.51 0.852 0.508 0.85 0.476
0 0.858 0.566 0.922 0.576 0.924 0.582 0.924 0.598 0.926 0.6 0.926 0.616 0.928 0.618 0.928 0.638 0.93 0.64 0.93 0.656 0.896 0.654 0.894 0.652 0.866 0.648 0.864 0.646 0.864 0.632 0.862 0.63 0.862 0.604 0.86 0.602 0.858 0.568
0 0.718 0.538 0.736 0.544 0.75 0.544 0.752 0.546 0.77 0.548 0.78 0.554 0.78 0.58 0.782 0.582 0.78 0.584 0.782 0.586 0.782 0.608 0.784 0.61 0.784 0.634 0.762 0.634 0.742 0.628 0.718 0.626 0.71 0.622 0.708 0.54 0.71 0.538 0.716 0.538
0 0.362 0.476 0.404 0.482 0.406 0.484 0.426 0.486 0.428 0.488 0.438 0.488 0.448 0.494 0.448 0.538 0.446 0.54 0.448 0.546 0.448 0.562 0.446 0.564 0.446 0.582 0.432 0.582 0.418 0.578 0.376 0.574 0.358 0.568 0.358 0.502 0.36 0.5 0.36 0.48 0.362 0.478
0 0.628 0.342 0.636 0.346 0.644 0.346 0.672 0.354 0.684 0.354 0.686 0.356 0.692 0.354 0.696 0.362 0.696 0.404 0.698 0.406 0.698 0.43 0.694 0.434 0.678 0.432 0.67 0.428 0.65 0.426 0.642 0.422 0.634 0.422 0.624 0.418 0.622 0.344 0.626 0.342
0 0.844 0.394 0.856 0.394 0.858 0.396 0.884 0.4 0.892 0.404 0.902 0.404 0.906 0.41 0.906 0.422 0.908 0.424 0.908 0.436 0.91 0.438 0.91 0.454 0.898 0.464 0.9 0.466 0.906 0.466 0.906 0.474 0.908 0.476 0.898 0.476 0.896 0.474 0.89 0.476 0.888 0.474 0.852 0.468 0.848 0.464 0.844 0.396