0 0.14185393258426968 0.6803005008347245 0.14536516853932585 0.6844741235392321 0.1446629213483146 0.6911519198664441 0.13202247191011235 0.7654424040066778 0.12921348314606743 0.7746243739565943 0.12640449438202248 0.7771285475792988 0.10603932584269662 0.7762938230383973 0.10393258426966293 0.7729549248747913 0.10603932584269662 0.6853088480801336 0.10884831460674158 0.6828046744574291 0.14115168539325842 0.6803005008347245
0 0.9290730337078652 0.3347245409015025 0.961376404494382 0.3555926544240401 0.9669943820224719 0.3622704507512521 0.9676966292134831 0.44574290484140233 0.9691011235955056 0.44908180300500833 0.9691011235955056 0.4941569282136895 0.9669943820224719 0.496661101836394 0.9592696629213483 0.4958263772954925 0.9459269662921348 0.48831385642737896 0.925561797752809 0.48163606010016696 0.9213483146067416 0.4766277128547579 0.9192415730337079 0.3347245409015025 0.9213483146067416 0.332220367278798 0.9283707865168539 0.3347245409015025
0 0.12289325842696629 0.7829716193656093 0.12640449438202248 0.7854757929883138 0.12640449438202248 0.7963272120200334 0.11587078651685394 0.8539232053422371 0.11235955056179775 0.8689482470784641 0.10393258426966293 0.8747913188647746 0.0976123595505618 0.8731218697829716 0.10182584269662921 0.8038397328881469 0.10112359550561797 0.7863105175292153 0.10884831460674158 0.7829716193656093 0.12219101123595505 0.7829716193656093
0 0.36271067415730335 0.25834724540901505 0.018960674157303372 0.11435726210350584
0 0.8799157303370787 0.17111853088480802 0.8827247191011236 0.25459098497495825 0.8813202247191011 0.3113522537562604 0.8764044943820225 0.31552587646076796 0.8623595505617978 0.32053422370617696 0.8103932584269663 0.328881469115192 0.7668539325842697 0.3397328881469115 0.7598314606741573 0.3380634390651085 0.7577247191011236 0.328881469115192 0.7563202247191011 0.2337228714524207 0.7584269662921348 0.2045075125208681 0.8658707865168539 0.17111853088480802 0.8742977528089888 0.169449081803005 0.8792134831460674 0.17111853088480802
0 0.6952247191011236 0.4248747913188648 0.11235955056179775 0.14023372287145242
0 0.05688202247191011 0.7721202003338898 0.05547752808988764 0.7445742904841403 0.05828651685393258 0.7262103505843072 0.05898876404494382 0.6878130217028381 0.06179775280898876 0.6844741235392321 0.06811797752808989 0.6836393989983306 0.10112359550561797 0.6853088480801336 0.09901685393258428 0.7679465776293823 0.09550561797752809 0.7746243739565943 0.08918539325842696 0.7762938230383973 0.06460674157303371 0.7762938230383973 0.05758426966292135 0.7721202003338898
0 0.7457865168539326 0.6686143572621035 0.75 0.6736227045075125 0.7492977528089888 0.7161936560934892 0.7514044943820225 0.7378964941569283 0.7485955056179775 0.7821368948247078 0.7492977528089888 0.8030050083472454 0.7429775280898876 0.8063439065108514 0.7240168539325843 0.8071786310517529 0.6622191011235955 0.8038397328881469 0.6446629213483146 0.7996661101836394 0.636938202247191 0.7954924874791319 0.6376404494382022 0.6786310517529215 0.6404494382022472 0.674457429048414 0.6460674157303371 0.6736227045075125 0.7450842696629213 0.6686143572621035
0 0.6334269662921348 0.10267111853088481 0.6355337078651685 0.10767946577629382 0.6362359550561798 0.14357262103505844 0.6362359550561798 0.22036727879799667 0.6341292134831461 0.2270450751252087 0.6313202247191011 0.2303839732888147 0.5941011235955056 0.24457429048414023 0.547752808988764 0.25626043405676124 0.5421348314606742 0.25459098497495825 0.5400280898876404 0.24457429048414023 0.5414325842696629 0.13606010016694492 0.5484550561797753 0.1302170283806344 0.589185393258427 0.11435726210350584 0.6228932584269663 0.10267111853088481 0.6327247191011236 0.10267111853088481
0 0.6053370786516854 0.8096828046744574 0.6257022471910112 0.8130217028380634 0.6292134831460674 0.8263772954924875 0.6264044943820225 0.8731218697829716 0.6264044943820225 0.9424040066777963 0.625 0.9457429048414023 0.6200842696629213 0.9474123539232053 0.5323033707865169 0.9365609348914858 0.5287921348314607 0.9315525876460768 0.5287921348314607 0.8797996661101837 0.5330056179775281 0.8247078464106845 0.538623595505618 0.827212020033389 0.5519662921348315 0.8247078464106845 0.5695224719101124 0.827212020033389 0.5779494382022472 0.82220367278798 0.5842696629213483 0.8105175292153589 0.6046348314606742 0.8096828046744574
0 0.6299157303370787 0.24207011686143573 0.6334269662921348 0.24457429048414023 0.6341292134831461 0.25041736227045075 0.6341292134831461 0.3647746243739566 0.6271067415730337 0.36894824707846413 0.5519662921348315 0.38647746243739567 0.5421348314606742 0.38731218697829717 0.5393258426966292 0.38480801335559267 0.5379213483146067 0.3789649415692821 0.538623595505618 0.2879799666110184 0.5407303370786517 0.27128547579298834 0.5498595505617978 0.2654424040066778 0.5751404494382022 0.2570951585976628 0.6292134831460674 0.24290484140233723
0 0.0028089887640449437 0.34641068447412354 0.02598314606741573 0.337228714524207 0.033707865168539325 0.3397328881469115 0.028089887640449437 0.41569282136894825 0.020365168539325844 0.42153589315525875 0.0049157303370786515 0.4257095158597663 0 0.4257095158597663 0 0.34891485809682804 0.0028089887640449437 0.34724540901502504
0 0.5203651685393258 0.7011686143572621 0.5224719101123596 0.7053422370617696 0.5210674157303371 0.7378964941569283 0.5231741573033708 0.7479131886477463 0.5196629213483146 0.7829716193656093 0.5210674157303371 0.8280467445742905 0.5182584269662921 0.832220367278798 0.5168539325842697 0.8447412353923205 0.5161516853932584 0.9357262103505843 0.511938202247191 0.9390651085141903 0.48314606741573035 0.9340567612687813 0.4705056179775281 0.9348914858096828 0.4606741573033708 0.9282136894824707 0.46418539325842695 0.9232053422370617 0.46558988764044945 0.8697829716193656 0.4627808988764045 0.8555926544240401 0.46558988764044945 0.8489148580968281 0.46558988764044945 0.8163606010016694 0.46769662921348315 0.8105175292153589 0.4683988764044944 0.7871452420701168 0.4683988764044944 0.7754590984974958 0.46558988764044945 0.7721202003338898 0.46769662921348315 0.7412353923205343 0.46629213483146065 0.7061769616026711 0.47120786516853935 0.7020033388981636 0.5196629213483146 0.7011686143572621
0 0.21769662921348315 0.2629382303839733 0.21980337078651685 0.2654424040066778 0.21839887640449437 0.27629382303839733 0.20224719101123595 0.3639398998330551 0.20014044943820225 0.3672787979966611 0.1818820224719101 0.37145242070116863 0.17485955056179775 0.36894824707846413 0.17907303370786518 0.27879799666110183 0.18469101123595505 0.27378964941569284 0.2169943820224719 0.2629382303839733
0 0.36446629213483145 0.4941569282136895 0.36657303370786515 0.48080133555926546 0.36657303370786515 0.44407345575959933 0.3672752808988764 0.43823038397328884 0.37008426966292135 0.4348914858096828 0.43890449438202245 0.41986644407345575 0.4410112359550562 0.4240400667779633 0.4410112359550562 0.48414023372287146 0.43890449438202245 0.511686143572621 0.3651685393258427 0.5258764607679466 0.3651685393258427 0.494991652754591
0 0.10674157303370786 0.5876460767946577 0.1074438202247191 0.6235392320534223 0.10393258426966293 0.671118530884808 0.10252808988764045 0.674457429048414 0.07303370786516854 0.6769616026711185 0.06179775280898876 0.674457429048414 0.06671348314606741 0.5926544240400667 0.08848314606741572 0.5876460767946577 0.10603932584269662 0.5876460767946577
0 0.6622191011235955 0.8138564273789649 0.6931179775280899 0.8163606010016694 0.7373595505617978 0.8155258764607679 0.7443820224719101 0.8163606010016694 0.7478932584269663 0.8196994991652755 0.7485955056179775 0.9490818030050083 0.7443820224719101 0.9624373956594324 0.6846910112359551 0.9582637729549248 0.6404494382022472 0.9515859766277128 0.6362359550561798 0.9490818030050083 0.6348314606741573 0.8797996661101837 0.6376404494382022 0.8171953255425709 0.6404494382022472 0.8130217028380634 0.6615168539325843 0.8138564273789649
0 0.6235955056179775 0.6736227045075125 0.6299157303370787 0.67779632721202 0.6313202247191011 0.7395659432387313 0.6285112359550562 0.7946577629382304 0.625 0.7988313856427379 0.5779494382022472 0.7979966611018364 0.5730337078651685 0.8046744574290484 0.5779494382022472 0.8088480801335559 0.5786516853932584 0.8146911519198664 0.5702247191011236 0.827212020033389 0.5625 0.825542570951586 0.5421348314606742 0.827212020033389 0.5323033707865169 0.823873121869783 0.5308988764044944 0.7545909849749582 0.5344101123595506 0.6811352253756261 0.535814606741573 0.67779632721202 0.5575842696629213 0.6786310517529215 0.5765449438202247 0.6752921535893155 0.5905898876404494 0.6769616026711185 0.6228932584269663 0.6736227045075125
0 0.9375 0.657762938230384 0.9655898876404494 0.6636060100166945 0.9726123595505618 0.667779632721202 0.9747191011235955 0.6961602671118531 0.976123595505618 0.7946577629382304 0.976123595505618 0.8113522537562604 0.973314606741573 0.8146911519198664 0.9283707865168539 0.8146911519198664 0.9262640449438202 0.8113522537562604 0.9234550561797753 0.659432387312187 0.9276685393258427 0.656093489148581 0.9367977528089888 0.657762938230384
0 0.9775280898876404 0.3672787979966611 0.9992977528089888 0.3797996661101836 0.9992977528089888 0.4332220367278798 0.9964887640449438 0.4357262103505843 0.9964887640449438 0.44741235392320533 0.9992977528089888 0.44991652754590983 0.9992977528089888 0.5108514190317195 0.9817415730337079 0.5058430717863105 0.976123595505618 0.4991652754590985 0.973314606741573 0.36894824707846413 0.9768258426966292 0.3672787979966611
0 0.4452247191011236 0.17362270450751252 0.4473314606741573 0.18363939899833054 0.44662921348314605 0.2353923205342237 0.44452247191011235 0.27796327212020033 0.44241573033707865 0.2871452420701169 0.4318820224719101 0.2938230383973289 0.37991573033707865 0.3088480801335559 0.375 0.3088480801335559 0.37219101123595505 0.3055091819699499 0.375 0.2011686143572621 0.38202247191011235 0.19532554257095158 0.41713483146067415 0.18113522537562604 0.43679775280898875 0.17362270450751252 0.44452247191011235 0.17362270450751252
0 0.008426966292134831 0.6853088480801336 0.014044943820224719 0.6886477462437396 0.011938202247191011 0.7495826377295493 0.010533707865168539 0.7646076794657763 0.0049157303370786515 0.7704507512520868 0 0.7704507512520868 0 0.6861435726210351 0.007724719101123595 0.6853088480801336
0 0.45224719101123595 0.7979966611018364 0.45646067415730335 0.7988313856427379 0.4592696629213483 0.8038397328881469 0.4571629213483146 0.8196994991652755 0.45786516853932585 0.837228714524207 0.45575842696629215 0.845575959933222 0.45646067415730335 0.9115191986644408 0.45365168539325845 0.9257095158597662 0.43890449438202245 0.9232053422370617 0.4339887640449438 0.9190317195325542 0.43679775280898875 0.8063439065108514 0.43890449438202245 0.7996661101836394 0.4515449438202247 0.7979966611018364
0 0.9873595505617978 0.8280467445742905 0.9992977528089888 0.830550918196995 0.9992977528089888 0.9707846410684474 0.9936797752808989 0.9732888146911519 0.9873595505617978 0.9732888146911519 0.985252808988764 0.9699499165275459 0.9859550561797753 0.9323873121869783 0.9838483146067416 0.9181969949916527 0.985252808988764 0.9023372287145242 0.9817415730337079 0.8672787979966611 0.9817415730337079 0.830550918196995 0.9831460674157303 0.8280467445742905 0.9866573033707865 0.8280467445742905
0 0.04002808988764045 0.7762938230383973 0.05056179775280899 0.7804674457429048 0.047050561797752806 0.8480801335559266 0.046348314606741575 0.8555926544240401 0.04353932584269663 0.8606010016694491 0.011938202247191011 0.8589315525876461 0.007724719101123595 0.845575959933222 0.011235955056179775 0.8080133555926544 0.010533707865168539 0.7971619365609349 0.013342696629213483 0.7796327212020033 0.019662921348314606 0.7754590984974958 0.03932584269662921 0.7762938230383973
0 0.06390449438202248 0.5025041736227045 0.06601123595505617 0.508347245409015 0.06179775280898876 0.5826377295492488 0.05828651685393258 0.5859766277128547 0.04073033707865169 0.5893155258764607 0.02598314606741573 0.5893155258764607 0.023876404494382022 0.5859766277128547 0.027387640449438203 0.5125208681135225 0.032303370786516857 0.508347245409015 0.06320224719101124 0.5025041736227045
0 0.11025280898876405 0.49248747913188645 0.11306179775280899 0.4974958263772955 0.10884831460674158 0.5767946577629383 0.10112359550561797 0.5809682804674458 0.0723314606741573 0.5851419031719532 0.06741573033707865 0.5826377295492488 0.07092696629213484 0.501669449081803 0.07514044943820225 0.498330550918197 0.10955056179775281 0.49248747913188645
0 0.3532303370786517 0.676126878130217 0.35674157303370785 0.6819699499165276 0.35463483146067415 0.6936560934891486 0.3574438202247191 0.7061769616026711 0.35674157303370785 0.7295492487479132 0.3539325842696629 0.7345575959933222 0.35463483146067415 0.7621035058430717 0.3518258426966292 0.7854757929883138 0.3455056179775281 0.7896494156928213 0.33918539325842695 0.7854757929883138 0.34129213483146065 0.6878130217028381 0.34269662921348315 0.67779632721202 0.35252808988764045 0.676126878130217
0 0.7443820224719101 0.05759599332220367 0.7485955056179775 0.06093489148580968 0.7492977528089888 0.07429048414023372 0.75 0.18530884808013356 0.7478932584269663 0.19699499165275458 0.7443820224719101 0.2003338898163606 0.6692415730337079 0.22203672787979967 0.6474719101123596 0.2262103505843072 0.6439606741573034 0.2262103505843072 0.6418539325842697 0.22203672787979967 0.6404494382022472 0.11435726210350584 0.6425561797752809 0.09515859766277128 0.7240168539325843 0.06343906510851419 0.7436797752808989 0.05843071786310518
0 0.985252808988764 0.6669449081803005 0.9992977528089888 0.671118530884808 0.9992977528089888 0.8163606010016694 0.9943820224719101 0.8196994991652755 0.9817415730337079 0.8155258764607679 0.9796348314606742 0.8096828046744574 0.9803370786516854 0.7395659432387313 0.9782303370786517 0.6844741235392321 0.9789325842696629 0.671118530884808 0.9845505617977528 0.6669449081803005
0 0.4417134831460674 0.2996661101836394 0.4431179775280899 0.3063439065108514 0.4417134831460674 0.4073455759599332 0.43258426966292135 0.41235392320534225 0.37780898876404495 0.4248747913188648 0.37008426966292135 0.4248747913188648 0.36797752808988765 0.42153589315525875 0.37008426966292135 0.32387312186978295 0.37219101123595505 0.32053422370617696 0.39396067415730335 0.3121869782971619 0.43469101123595505 0.2996661101836394 0.4410112359550562 0.2996661101836394
0 0.7598314606741573 0.35225375626043404 0.7696629213483146 0.34808013355592654 0.800561797752809 0.34307178631051755 0.8237359550561798 0.3363939899833055 0.8806179775280899 0.327212020033389 0.8834269662921348 0.337228714524207 0.8855337078651685 0.41318864774624375 0.8848314606741573 0.46410684474123537 0.8834269662921348 0.4699499165275459 0.8806179775280899 0.4724540901502504 0.8588483146067416 0.4766277128547579 0.7605337078651685 0.48414023372287146 0.7584269662921348 0.4791318864774624 0.7570224719101124 0.4073455759599332 0.7577247191011236 0.3572621035058431 0.7598314606741573 0.35308848080133554
0 0.8384831460674157 0.8113522537562604 0.8419943820224719 0.8155258764607679 0.8834269662921348 0.8188647746243739 0.8876404494382022 0.8213689482470785 0.8890449438202247 0.8263772954924875 0.8911516853932584 0.8480801335559266 0.8890449438202247 0.8739565943238731 0.8904494382022472 0.8856427378964942 0.889747191011236 0.9732888146911519 0.8848314606741573 0.9808013355592654 0.8174157303370787 0.9782971619365609 0.7991573033707865 0.9732888146911519 0.7787921348314607 0.9724540901502504 0.764747191011236 0.9666110183639399 0.7584269662921348 0.9666110183639399 0.7563202247191011 0.9624373956594324 0.7577247191011236 0.8380634390651085 0.7605337078651685 0.8213689482470785 0.7808988764044944 0.8196994991652755 0.7921348314606742 0.8130217028380634 0.8075842696629213 0.8130217028380634 0.8167134831460674 0.8096828046744574 0.824438202247191 0.8113522537562604 0.8314606741573034 0.8063439065108514 0.8349719101123596 0.8063439065108514 0.8377808988764045 0.8113522537562604
0 0.10884831460674158 0.671118530884808 0.11446629213483146 0.5868113522537562 0.16151685393258428 0.5801335559265443 0.16081460674157302 0.5959933222036727 0.15168539325842698 0.6393989983305509 0.14747191011235955 0.671118530884808 0.1446629213483146 0.6736227045075125 0.125 0.6752921535893155 0.1151685393258427 0.6752921535893155 0.10955056179775281 0.6719532554257095
0 0.9719101123595506 0.07262103505843072 0.9922752808988764 0.09098497495826377 0.9992977528089888 0.1010016694490818 0.9992977528089888 0.16110183639398998 0.9957865168539326 0.164440734557596 0.9971910112359551 0.17362270450751252 0.9992977528089888 0.17445742904841402 0.9992977528089888 0.2278797996661102 0.9922752808988764 0.22537562604340566 0.9740168539325843 0.20951585976627712 0.9683988764044944 0.19699499165275458 0.9655898876404494 0.07595993322203673 0.9669943820224719 0.07178631051752922 0.9712078651685393 0.07262103505843072
0 0 0.6001669449081803 0.016853932584269662 0.5976627712854758 0.018960674157303372 0.6018363939899833 0.019662921348314606 0.6160267111853088 0.016853932584269662 0.656093489148581 0.013342696629213483 0.676126878130217 0.008426966292134831 0.679465776293823 0 0.6786310517529215 0 0.6010016694490818
0 0.5301966292134831 0.27378964941569284 0.5330056179775281 0.27629382303839733 0.5337078651685393 0.3606010016694491 0.5308988764044944 0.38814691151919867 0.5140449438202247 0.39482470784641066 0.45575842696629215 0.4073455759599332 0.45014044943820225 0.4073455759599332 0.44803370786516855 0.4040066777963272 0.4487359550561798 0.31385642737896496 0.4508426966292135 0.29799666110183637 0.4571629213483146 0.2938230383973289 0.4922752808988764 0.28213689482470783 0.5294943820224719 0.27378964941569284
0 0.36446629213483145 0.32303839732888145 0.36657303370786515 0.3363939899833055 0.36587078651685395 0.4056761268781302 0.36446629213483145 0.42320534223706174 0.36235955056179775 0.4273789649415693 0.35674157303370785 0.4298831385642738 0.35042134831460675 0.4290484140233723 0.35252808988764045 0.332220367278798 0.35463483146067415 0.32387312186978295 0.3637640449438202 0.32303839732888145
0 0.14396067415730338 0.4332220367278798 0.05196629213483146 0.09849749582637729
0 0.05056179775280899 0.6844741235392321 0.05407303370786517 0.6861435726210351 0.05407303370786517 0.6911519198664441 0.051264044943820225 0.7662771285475793 0.04845505617977528 0.7721202003338898 0.01544943820224719 0.7687813021702838 0.014044943820224719 0.7337228714524207 0.0175561797752809 0.6886477462437396 0.025280898876404494 0.6844741235392321 0.04985955056179775 0.6844741235392321
0 0.16362359550561797 0.48163606010016696 0.16081460674157302 0.5709515859766278 0.15308988764044945 0.5742904841402338 0.12008426966292135 0.5784641068447413 0.1151685393258427 0.5776293823038398 0.11376404494382023 0.5709515859766278 0.11867977528089887 0.49165275459098495 0.15589887640449437 0.48080133555926546 0.16292134831460675 0.48163606010016696
0 0.10007022471910113 0.3518363939899833 0.047050561797752806 0.1010016694490818
0 0.054775280898876406 0.3672787979966611 0.042134831460674156 0.09515859766277128
0 0.3616573033707865 0.4373956594323873 0.36446629213483145 0.44323873121869783 0.3609550561797753 0.496661101836394 0.3616573033707865 0.5258764607679466 0.3595505617977528 0.5292153589315526 0.35252808988764045 0.5317195325542571 0.3476123595505618 0.5300500834724541 0.35042134831460675 0.46327212020033387 0.34901685393258425 0.44490818030050083 0.35252808988764045 0.43823038397328884 0.3609550561797753 0.4373956594323873
0 0.19803370786516855 0.3747913188647746 0.199438202247191 0.3823038397328882 0.1853932584269663 0.4607679465776294 0.18258426966292135 0.4691151919866444 0.1776685393258427 0.4716193656093489 0.17064606741573032 0.4716193656093489 0.16924157303370788 0.4691151919866444 0.17415730337078653 0.3823038397328882 0.17837078651685392 0.3781302170283806 0.1973314606741573 0.3747913188647746
0 0.5323033707865169 0.13939899833055092 0.5351123595505618 0.15191986644407346 0.5330056179775281 0.2570951585976628 0.5280898876404494 0.2629382303839733 0.5126404494382022 0.2687813021702838 0.45365168539325845 0.2838063439065108 0.4508426966292135 0.27629382303839733 0.4529494382022472 0.17111853088480802 0.4627808988764045 0.1636060100166945 0.5224719101123596 0.14023372287145242 0.5316011235955056 0.13939899833055092
0 0.6320224719101124 0.3789649415692821 0.6341292134831461 0.3823038397328882 0.6320224719101124 0.4941569282136895 0.5512640449438202 0.5025041736227045 0.5393258426966292 0.5025041736227045 0.5365168539325843 0.498330550918197 0.5379213483146067 0.4006677796327212 0.5435393258426966 0.3964941569282137 0.6313202247191011 0.3789649415692821
0 0.17275280898876405 0.28130217028380633 0.17415730337078653 0.29799666110183637 0.1720505617977528 0.3547579298831386 0.16853932584269662 0.3739565943238731 0.1544943820224719 0.3806343906510851 0.1271067415730337 0.38731218697829717 0.12429775280898876 0.38397328881469117 0.12429775280898876 0.3656093489148581 0.12640449438202248 0.3080133555926544 0.12851123595505617 0.29799666110183637 0.16151685393258428 0.28297161936560933 0.1720505617977528 0.28130217028380633
0 0.060393258426966294 0.5926544240400667 0.06179775280898876 0.6076794657762938 0.05688202247191011 0.6719532554257095 0.05337078651685393 0.6786310517529215 0.047752808988764044 0.679465776293823 0.02457865168539326 0.6786310517529215 0.018258426966292134 0.6752921535893155 0.021769662921348316 0.6060100166944908 0.02457865168539326 0.5976627712854758 0.059691011235955056 0.5926544240400667
0 0.021769662921348316 0.511686143572621 0.023174157303370788 0.5292153589315526 0.019662921348314606 0.5843071786310517 0.016853932584269662 0.5909849749582637 0.011938202247191011 0.5926544240400667 0 0.5926544240400667 0 0.5158597662771286 0.021067415730337078 0.511686143572621
0 0.6959269662921348 0.2879799666110184 0.11095505617977527 0.15692821368948248
0 0.34269662921348315 0.7963272120200334 0.3518258426966292 0.7996661101836394 0.3497191011235955 0.8138564273789649 0.34831460674157305 0.9015025041736227 0.34691011235955055 0.9090150250417363 0.34269662921348315 0.9115191986644408 0.336376404494382 0.9106844741235393 0.3335674157303371 0.9073455759599333 0.33707865168539325 0.842237061769616 0.33497191011235955 0.8063439065108514 0.33848314606741575 0.7971619365609349 0.3419943820224719 0.7963272120200334
0 0.1678370786516854 0.5584307178631052 0.16502808988764045 0.5509181969949917 0.1678370786516854 0.48330550918196996 0.17415730337078653 0.4757929883138564 0.18258426966292135 0.4766277128547579 0.1678370786516854 0.5575959933222037
0 0.9297752808988764 0.493322203672788 0.9592696629213483 0.506677796327212 0.9691011235955056 0.5141903171953256 0.9719101123595506 0.5734557595993323 0.9719101123595506 0.6519198664440734 0.9705056179775281 0.654424040066778 0.9360955056179775 0.6485809682804674 0.925561797752809 0.6444073455759599 0.9241573033707865 0.6410684474123539 0.9220505617977528 0.5108514190317195 0.9234550561797753 0.4941569282136895 0.9290730337078652 0.493322203672788
0 0.9726123595505618 0.828881469115192 0.9754213483146067 0.8313856427378965 0.9768258426966292 0.8514190317195326 0.9796348314606742 0.9732888146911519 0.9712078651685393 0.9774624373956594 0.9318820224719101 0.9858096828046744 0.9290730337078652 0.9824707846410684 0.9283707865168539 0.9699499165275459 0.9269662921348315 0.832220367278798 0.9318820224719101 0.828881469115192 0.9424157303370787 0.8280467445742905 0.9719101123595506 0.828881469115192
0 0.5287921348314607 0.4015025041736227 0.5316011235955056 0.4073455759599332 0.5294943820224719 0.5008347245409015 0.523876404494382 0.5041736227045075 0.511938202247191 0.5058430717863105 0.4508426966292135 0.5108514190317195 0.4452247191011236 0.508347245409015 0.44803370786516855 0.42070116861435725 0.47401685393258425 0.41151919866444076 0.5280898876404494 0.4015025041736227
0 0.9705056179775281 0.22036727879799667 0.9992977528089888 0.24040066777963273 0.9992977528089888 0.36811352253756263 0.9943820224719101 0.3672787979966611 0.9768258426966292 0.35392320534223703 0.9719101123595506 0.34307178631051755 0.9698033707865169 0.22120200333889817
0 0.8834269662921348 0.659432387312187 0.886938202247191 0.664440734557596 0.8890449438202247 0.6953255425709516 0.8883426966292135 0.8046744574290484 0.8862359550561798 0.8096828046744574 0.8728932584269663 0.8105175292153589 0.8658707865168539 0.8138564273789649 0.8595505617977528 0.82220367278798 0.8448033707865169 0.820534223706177 0.8433988764044944 0.8171953255425709 0.8377808988764045 0.8138564273789649 0.8349719101123596 0.8071786310517529 0.8279494382022472 0.8055091819699499 0.8258426966292135 0.8071786310517529 0.8174157303370787 0.8055091819699499 0.8075842696629213 0.8130217028380634 0.8019662921348315 0.8130217028380634 0.7928370786516854 0.8121869782971619 0.7872191011235955 0.8080133555926544 0.7633426966292135 0.8071786310517529 0.7584269662921348 0.8030050083472454 0.7570224719101124 0.7520868113522537 0.7584269662921348 0.6719532554257095 0.761938202247191 0.6669449081803005 0.773876404494382 0.6652754590984975 0.8827247191011236 0.659432387312187
0 0.8764044943820225 0.007512520868113523 0.8799157303370787 0.015025041736227046 0.8820224719101124 0.06093489148580968 0.8820224719101124 0.1352253756260434 0.8799157303370787 0.15776293823038398 0.8616573033707865 0.1652754590984975 0.8525280898876404 0.166110183639399 0.7710674157303371 0.19031719532554256 0.7591292134831461 0.19031719532554256 0.7563202247191011 0.17946577629382304 0.7556179775280899 0.05342237061769616 0.7675561797752809 0.045909849749582635 0.7998595505617978 0.0333889816360601 0.839185393258427 0.018363939899833055 0.8595505617977528 0.01335559265442404 0.8693820224719101 0.007512520868113523 0.8757022471910112 0.007512520868113523
0 0.9178370786516854 0.01669449081803005 0.9529494382022472 0.05175292153589316 0.9599719101123596 0.06343906510851419 0.9627808988764045 0.18530884808013356 0.9620786516853933 0.19282136894824708 0.9592696629213483 0.19616026711185308 0.9353932584269663 0.17863105175292154 0.9269662921348315 0.169449081803005 0.9178370786516854 0.164440734557596 0.9143258426966292 0.15943238731218698 0.9129213483146067 0.10934891485809682 0.9087078651685393 0.1010016694490818 0.910814606741573 0.07345575959933222 0.9129213483146067 0.0709515859766277 0.9101123595505618 0.040901502504173626 0.9115168539325843 0.025041736227045076 0.9080056179775281 0.021702838063439065 0.9080056179775281 0.018363939899833055 0.9171348314606742 0.01669449081803005
0 0 0.4332220367278798 0.021067415730337078 0.4265442404006678 0.02598314606741573 0.4265442404006678 0.027387640449438203 0.4307178631051753 0.02457865168539326 0.501669449081803 0.020365168539325844 0.505008347245409 0.007724719101123595 0.508347245409015 0 0.508347245409015 0 0.4340567612687813
0 0.06882022471910113 0.41402337228714525 0.0702247191011236 0.4257095158597663 0.06811797752808989 0.49081803005008345 0.0625 0.4958263772954925 0.03651685393258427 0.501669449081803 0.02949438202247191 0.5008347245409015 0.032303370786516857 0.4265442404006678 0.037219101123595506 0.42070116861435725 0.06811797752808989 0.41402337228714525
0 0.3651685393258427 0.7979966611018364 0.425561797752809 0.7988313856427379 0.43047752808988765 0.8013355592654424 0.42907303370786515 0.9140233722871453 0.425561797752809 0.9207011686143572 0.36587078651685395 0.9140233722871453 0.35463483146067415 0.9106844741235393 0.3532303370786517 0.8722871452420701 0.35603932584269665 0.8071786310517529 0.35814606741573035 0.7988313856427379 0.36446629213483145 0.7979966611018364
0 0.11587078651685394 0.3989983305509182 0.11797752808988764 0.4065108514190317 0.11376404494382023 0.47996661101836396 0.11165730337078651 0.48414023372287146 0.1074438202247191 0.48580968280467446 0.07935393258426966 0.49248747913188645 0.07373595505617977 0.49165275459098495 0.0723314606741573 0.48831385642737896 0.07514044943820225 0.41402337228714525 0.07724719101123595 0.40984974958263776 0.08286516853932584 0.4073455759599332 0.1151685393258427 0.3989983305509182
0 0.4318820224719101 0.6803005008347245 0.43469101123595505 0.6853088480801336 0.43469101123595505 0.7095158597662772 0.43258426966292135 0.7195325542570952 0.4339887640449438 0.7520868113522537 0.4297752808988764 0.7879799666110183 0.42696629213483145 0.7904841402337228 0.35884831460674155 0.7879799666110183 0.3574438202247191 0.7863105175292153 0.3574438202247191 0.7270450751252087 0.3539325842696629 0.7237061769616027 0.3518258426966292 0.7295492487479132 0.34620786516853935 0.7328881469115192 0.34269662921348315 0.7303839732888147 0.34269662921348315 0.7278797996661102 0.3441011235955056 0.7061769616026711 0.34831460674157305 0.7003338898163606 0.3518258426966292 0.7053422370617696 0.35042134831460675 0.7103505843071787 0.35252808988764045 0.7203672787979967 0.3553370786516854 0.7237061769616027 0.35674157303370785 0.7212020033388982 0.3595505617977528 0.7095158597662772 0.3609550561797753 0.6803005008347245 0.363061797752809 0.6769616026711185 0.4311797752808989 0.6803005008347245
0 0.9241573033707865 0.18030050083472454 0.9599719101123596 0.20868113522537562 0.9634831460674157 0.21535893155258765 0.9662921348314607 0.3313856427378965 0.9662921348314607 0.3397328881469115 0.9634831460674157 0.34557595993322204 0.9353932584269663 0.3313856427378965 0.9206460674157303 0.32220367278797996 0.9164325842696629 0.31636060100166946 0.9150280898876404 0.2654424040066778 0.9164325842696629 0.24207011686143573 0.9122191011235955 0.2003338898163606 0.9164325842696629 0.18530884808013356 0.9150280898876404 0.18196994991652754 0.9178370786516854 0.17779632721202004 0.9234550561797753 0.18030050083472454
0 0.0877808988764045 0.7804674457429048 0.09480337078651685 0.7829716193656093 0.09691011235955056 0.7929883138564274 0.09410112359550561 0.8580968280467446 0.09269662921348315 0.8672787979966611 0.0898876404494382 0.8697829716193656 0.05337078651685393 0.8647746243739566 0.051264044943820225 0.8614357262103506 0.05547752808988764 0.7821368948247078 0.06179775280898876 0.7796327212020033 0.08707865168539326 0.7804674457429048