0 0.731 0.7143928035982009 0.8143333333333334 0.732383808095952 0.8273333333333334 0.7376311844077961 0.8276666666666667 0.7973513243378311 0.8243333333333334 0.803848075962019 0.7253333333333334 0.7828585707146427 0.7233333333333334 0.7781109445277361 0.7246666666666667 0.7168915542228885 0.727 0.7143928035982009 0.7306666666666667 0.7143928035982009
0 0.9393333333333334 0.7598700649675162 0.9996666666666667 0.7728635682158921 0.9996666666666667 0.8383308345827086 0.9373333333333334 0.8245877061469266 0.9353333333333333 0.8185907046476761 0.935 0.7623688155922039 0.939 0.7598700649675162
0 0.8531666666666666 0.45189905047476264 0.087 0.20614692653673164
0 0.726 0.18565717141429286 0.8036666666666666 0.15742128935532235 0.8063333333333333 0.23438280859570215 0.8046666666666666 0.36931534232883556 0.7976666666666666 0.3740629685157421 0.766 0.3850574712643678 0.7416666666666667 0.392303848075962 0.727 0.39430284857571213 0.7243333333333334 0.38255872063968016 0.723 0.32233883058470764 0.7226666666666667 0.1926536731634183 0.726 0.18590704647676162
0 0.6403333333333333 0.33483258370814595 0.6396666666666667 0.2201399300349825 0.6433333333333333 0.21689155422288856 0.6886666666666666 0.19940029985007496 0.7173333333333334 0.19065467266366817 0.72 0.1991504247876062 0.7186666666666667 0.39780109945027486 0.703 0.4052973513243378 0.649 0.4222888555722139 0.6403333333333333 0.42203898050974514 0.6406666666666667 0.3350824587706147
0 0.5985 0.3357071464267866 0.07766666666666666 0.2261369315342329
0 0.7363333333333333 0.8803098450774612 0.779 0.8885557221389305 0.8003333333333333 0.8905547226386806 0.828 0.8973013493253373 0.8283333333333334 0.9952523738130935 0.8226666666666667 0.9997501249375312 0.809 0.9997501249375312 0.807 0.9975012493753124 0.8046666666666666 0.9997501249375312 0.7386666666666667 0.9997501249375312 0.7383333333333333 0.9980009995002499 0.7346666666666667 0.9980009995002499 0.7343333333333333 0.9997501249375312 0.734 0.9980009995002499 0.724 0.9950024987506247 0.7243333333333334 0.8860569715142429 0.727 0.8790604697651174 0.736 0.8803098450774612
0 0.49133333333333334 0.7418790604697652 0.6026666666666667 0.7651174412793603 0.6023333333333334 0.8488255872063968 0.5983333333333334 0.8500749625187406 0.5713333333333334 0.8455772113943029 0.49766666666666665 0.8320839580209896 0.49033333333333334 0.8290854572713643 0.487 0.8125937031484258 0.488 0.7471264367816092 0.491 0.7421289355322339
0 0.49466666666666664 0.836831584207896 0.5986666666666667 0.8545727136431784 0.6023333333333334 0.8578210894552724 0.603 0.9950024987506247 0.601 0.9972513743128436 0.5846666666666667 0.9977511244377811 0.5836666666666667 0.9997501249375312 0.553 0.9997501249375312 0.5526666666666666 0.9980009995002499 0.544 0.9952523738130935 0.543 0.9895052473763118 0.5403333333333333 0.9907546226886557 0.541 0.9945027486256871 0.5293333333333333 0.9962518740629686 0.5176666666666667 0.9945027486256871 0.5156666666666667 0.9902548725637181 0.49466666666666664 0.9892553723138431 0.491 0.9950024987506247 0.4876666666666667 0.9677661169415293 0.489 0.9212893553223388 0.487 0.8803098450774612 0.489 0.8395802098950524 0.49433333333333335 0.836831584207896
0 0.839 0.8118440779610195 0.9296666666666666 0.8308345827086456 0.931 0.9000499750124937 0.929 0.9055472263868066 0.9223333333333333 0.9067966016991504 0.8866666666666667 0.9027986006996501 0.8343333333333334 0.8915542228885557 0.834 0.8160919540229885 0.835 0.8128435782108946 0.8386666666666667 0.8118440779610195
0 0.9 0.3488255872063968 0.9053333333333333 0.3420789605197401 0.9346666666666666 0.3340829585207396 0.9813333333333333 0.3175912043978011 0.9923333333333333 0.31634182908545727 0.9943333333333333 0.32033983008495753 0.9956666666666667 0.37606196901549227 0.993 0.5154922538730635 0.9896666666666667 0.5164917541229386 0.9766666666666667 0.512743628185907 0.9666666666666667 0.5124937531234383 0.947 0.519240379810095 0.903 0.5292353823088456 0.9003333333333333 0.34907546226886554
0 0.4786666666666667 0.28235882058970513 0.48133333333333334 0.33808095952023987 0.4806666666666667 0.4740129935032484 0.47733333333333333 0.47876061969015493 0.4673333333333333 0.48250874562718643 0.425 0.495752123938031 0.4116666666666667 0.4980009995002499 0.41 0.3095952023988006 0.4116666666666667 0.3065967016491754 0.42033333333333334 0.30259870064967515 0.4633333333333333 0.28585707146426786 0.47833333333333333 0.28235882058970513
0 0.9426666666666667 0.9165417291354323 0.9873333333333333 0.9245377311344328 0.9953333333333333 0.927536231884058 0.9996666666666667 0.9340329835082459 0.9996666666666667 0.9672663668165917 0.997 0.9695152423788106 0.9973333333333333 0.9950024987506247 0.9953333333333333 0.9997501249375312 0.938 0.9997501249375312 0.9356666666666666 0.9687656171914043 0.9366666666666666 0.9217891054472763 0.938 0.9177911044477761 0.9423333333333334 0.9165417291354323
0 0.08566666666666667 0.6604197901049476 0.21766666666666667 0.6871564217891054 0.21766666666666667 0.7758620689655172 0.21433333333333332 0.7796101949025487 0.15133333333333332 0.7693653173413293 0.08133333333333333 0.7551224387806097 0.07933333333333334 0.7378810594702648 0.08 0.6676661669165417 0.08133333333333333 0.6616691654172914 0.08533333333333333 0.6604197901049476
0 0.23133333333333334 0.605447276361819 0.318 0.623688155922039 0.3526666666666667 0.6331834082958521 0.35433333333333333 0.6516741629185407 0.352 0.7066466766616691 0.227 0.6821589205397302 0.226 0.610944527736132 0.227 0.6071964017991005 0.231 0.605447276361819
0 0.4786666666666667 0.48450774612693653 0.4806666666666667 0.4867566216891554 0.48033333333333333 0.631184407796102 0.47733333333333333 0.6456771614192903 0.467 0.6446776611694153 0.41 0.6301849075462269 0.4093333333333333 0.5744627686156921 0.4103333333333333 0.5089955022488756 0.4126666666666667 0.5049975012493753 0.47833333333333333 0.48450774612693653
0 0.8003333333333333 0.3798100949525237 0.8043333333333333 0.3815592203898051 0.806 0.3930534732633683 0.8043333333333333 0.5577211394302849 0.7626666666666667 0.5712143928035982 0.7303333333333333 0.57896051974013 0.7243333333333334 0.5787106446776612 0.723 0.5754622688655672 0.7236666666666667 0.40554722638680657 0.7303333333333333 0.40104947526236884 0.8 0.3800599700149925
0 0.23133333333333334 0.6894052973513244 0.35233333333333333 0.7136431784107946 0.35333333333333333 0.7983508245877061 0.35233333333333333 0.8030984507746127 0.3496666666666667 0.803848075962019 0.22666666666666666 0.7823588205897052 0.226 0.6936531734132934 0.22733333333333333 0.6904047976011994 0.231 0.6894052973513244
0 0.8406666666666667 0.899800099950025 0.866 0.9055472263868066 0.9043333333333333 0.9107946026986506 0.9303333333333333 0.9172913543228386 0.932 0.9540229885057471 0.93 0.9997501249375312 0.9066666666666666 0.9997501249375312 0.905 0.9975012493753124 0.8976666666666666 0.9980009995002499 0.8973333333333333 0.9997501249375312 0.8353333333333334 0.9997501249375312 0.8336666666666667 0.9015492253873063 0.835 0.8995502248875562 0.8403333333333334 0.899800099950025
0 0.09 0.5747126436781609 0.18533333333333332 0.5942028985507246 0.217 0.6031984007996002 0.21933333333333332 0.6154422788605697 0.21766666666666667 0.672663668165917 0.217 0.6766616691654173 0.21366666666666667 0.6786606696651675 0.084 0.6539230384807596 0.081 0.6501749125437282 0.08033333333333334 0.6419290354822589 0.08133333333333333 0.5767116441779111 0.08433333333333333 0.5739630184907546 0.08966666666666667 0.5747126436781609
0 0.5203333333333333 0.5535982008995503 0.07466666666666667 0.187656171914043
0 0.08733333333333333 0.764367816091954 0.19266666666666668 0.7821089455272364 0.215 0.7868565717141429 0.217 0.788855572213893 0.21766666666666667 0.8905547226386806 0.214 0.9947526236881559 0.19566666666666666 0.9932533733133433 0.18266666666666667 0.9962518740629686 0.15166666666666667 0.9980009995002499 0.15133333333333332 0.9997501249375312 0.15066666666666667 0.9980009995002499 0.14166666666666666 0.9965017491254373 0.134 0.9977511244377811 0.13333333333333333 0.9997501249375312 0.121 0.9997501249375312 0.12066666666666667 0.9980009995002499 0.11633333333333333 0.9977511244377811 0.115 0.9997501249375312 0.08133333333333333 0.9997501249375312 0.079 0.9952523738130935 0.08033333333333334 0.7766116941529235 0.08166666666666667 0.7661169415292354 0.087 0.764367816091954
0 0.6166666666666667 0.7668665667166417 0.682 0.7786106946526736 0.7166666666666667 0.7871064467766117 0.7186666666666667 0.7973513243378311 0.717 0.8695652173913043 0.6646666666666666 0.862568715642179 0.6166666666666667 0.8530734632683659 0.6093333333333333 0.8493253373313343 0.61 0.7753623188405797 0.6116666666666667 0.7678660669665167 0.6163333333333333 0.7668665667166417
0 0.8946666666666667 0.12268865567216392 0.8973333333333333 0.12643678160919541 0.8956666666666667 0.33808095952023987 0.89 0.3430784607696152 0.8173333333333334 0.36656671664167917 0.814 0.36656671664167917 0.8116666666666666 0.3633183408295852 0.8096666666666666 0.33758120939530234 0.8103333333333333 0.15517241379310345 0.822 0.14767616191904048 0.8943333333333333 0.12268865567216392
0 0.23233333333333334 0.7901049475262368 0.3463333333333333 0.8105947026486756 0.35133333333333333 0.8140929535232384 0.352 0.9900049975012494 0.35133333333333333 0.9950024987506247 0.3466666666666667 0.9997501249375312 0.329 0.9997501249375312 0.32166666666666666 0.9947526236881559 0.324 0.9875062468765617 0.32133333333333336 0.9770114942528736 0.317 0.9790104947526237 0.318 0.9842578710644677 0.314 0.987256371814093 0.31133333333333335 0.9842578710644677 0.31333333333333335 0.9707646176911544 0.30366666666666664 0.9660169915042479 0.29733333333333334 0.9697651174412794 0.2916666666666667 0.9772613693153424 0.29533333333333334 0.9812593703148426 0.29433333333333334 0.9885057471264368 0.3 0.9912543728135932 0.31733333333333336 0.9917541229385307 0.31866666666666665 0.9952523738130935 0.31066666666666665 0.9970014992503748 0.27066666666666667 0.9967516241879061 0.25466666666666665 0.9947526236881559 0.255 0.9912543728135932 0.252 0.9895052473763118 0.24833333333333332 0.9947526236881559 0.23666666666666666 0.9955022488755623 0.23066666666666666 0.991504247876062 0.22933333333333333 0.9947526236881559 0.22633333333333333 0.9950024987506247 0.225 0.975512243878061 0.22733333333333333 0.953023488255872 0.22466666666666665 0.9362818590704648 0.22366666666666668 0.883808095952024 0.225 0.8133433283358321 0.226 0.7926036981509246 0.22733333333333333 0.7906046976511744 0.232 0.7901049475262368
0 0.9426666666666667 0.8323338330834583 0.9916666666666667 0.8398300849575212 0.9996666666666667 0.8430784607696152 0.9996666666666667 0.9225387306346826 0.9573333333333334 0.9150424787606197 0.938 0.9080459770114943 0.9363333333333334 0.8385807096451774 0.9386666666666666 0.8330834582708646 0.9423333333333334 0.8323338330834583
0 0.009666666666666667 0.5559720139930034 0.06766666666666667 0.5689655172413793 0.074 0.5734632683658171 0.074 0.6444277861069465 0.071 0.6509245377311345 0.015 0.6406796601699151 0.003 0.6376811594202898 0 0.6349325337331334 0 0.5564717641179411 0.009333333333333334 0.5559720139930034
0 0.405 0.5077461269365318 0.4076666666666667 0.5087456271864068 0.408 0.5324837581209395 0.4066666666666667 0.6249375312343828 0.4043333333333333 0.6304347826086957 0.349 0.6181909045477262 0.337 0.612943528235882 0.33566666666666667 0.5527236381809095 0.3383333333333333 0.5284857571214393 0.4046666666666667 0.5077461269365318
0 0.007333333333333333 0.7496251874062968 0.06266666666666666 0.7596201899050474 0.07 0.7618690654672664 0.07233333333333333 0.7651174412793603 0.07033333333333333 0.9950024987506247 0.06766666666666667 0.9970014992503748 0.05433333333333333 0.9980009995002499 0.054 0.9997501249375312 0.044 0.9997501249375312 0.043666666666666666 0.9980009995002499 0.039 0.9997501249375312 0.03766666666666667 0.9977511244377811 0.023666666666666666 0.9970014992503748 0.014666666666666666 0.9975012493753124 0.011666666666666667 0.9997501249375312 0.011 0.9977511244377811 0.003 0.9960019990004998 0 0.9837581209395302 0 0.9462768615692154 0.002 0.9452773613193404 0.002 0.9337831084457772 0 0.9325337331334332 0.002 0.9260369815092454 0 0.92103948025987 0 0.912543728135932 0.002 0.9120439780109945 0 0.9092953523238381 0 0.8513243378310844 0.0023333333333333335 0.8495752123938031 0 0.750624687656172 0.007 0.7496251874062968
0 0.405 0.31009495252373814 0.407 0.3193403298350825 0.407 0.4985007496251874 0.4043333333333333 0.5027486256871564 0.342 0.5219890054972514 0.3383333333333333 0.5214892553723138 0.337 0.5119940029985007 0.338 0.4217891054472764 0.33566666666666667 0.33833083458270863 0.344 0.3313343328335832 0.4046666666666667 0.31009495252373814
0 0.616 0.6894052973513244 0.6933333333333334 0.7056471764117941 0.7176666666666667 0.7128935532233883 0.7186666666666667 0.7743628185907047 0.7173333333333334 0.7798600699650174 0.7136666666666667 0.7806096951524237 0.622 0.7628685657171415 0.6113333333333333 0.7588705647176411 0.609 0.7533733133433284 0.609 0.6926536731634183 0.6123333333333333 0.6891554222888556 0.6156666666666667 0.6894052973513244
0 0.5556666666666666 0.2538730634682659 0.5583333333333333 0.3230884557721139 0.556 0.44952523738130934 0.5516666666666666 0.4540229885057471 0.488 0.47501249375312343 0.485 0.47351324337831086 0.48433333333333334 0.45252373813093455 0.48433333333333334 0.2811094452773613 0.49 0.276111944027986 0.5076666666666667 0.2688655672163918 0.547 0.25462268865567217 0.5553333333333333 0.2538730634682659
0 0.6336666666666667 0.4337831084457771 0.636 0.44152923538230887 0.6353333333333333 0.6049475262368815 0.6263333333333333 0.6091954022988506 0.5613333333333334 0.6256871564217891 0.5593333333333333 0.6231884057971014 0.5603333333333333 0.45952023988005997 0.564 0.4550224887556222 0.572 0.452023988005997 0.6333333333333333 0.4337831084457771
0 0.36866666666666664 0.7176411794102948 0.4806666666666667 0.7396301849075462 0.4816666666666667 0.8178410794602698 0.4806666666666667 0.8255872063968016 0.47733333333333333 0.8270864567716142 0.4176666666666667 0.8178410794602698 0.3616666666666667 0.8060969515242379 0.3606666666666667 0.7221389305347327 0.363 0.7178910544727636 0.36833333333333335 0.7176411794102948
0 0.007333333333333333 0.6454272863568216 0.06833333333333333 0.6564217891054472 0.073 0.6594202898550725 0.07466666666666667 0.7488755622188905 0.07133333333333333 0.7536231884057971 0.005 0.7426286856571714 0 0.7396301849075462 0 0.6459270364817591 0.007 0.6454272863568216
0 0.36666666666666664 0.6354322838580709 0.4246666666666667 0.6466766616691654 0.48133333333333334 0.6614192903548226 0.481 0.7296351824087957 0.47733333333333333 0.7318840579710145 0.362 0.7098950524737632 0.36 0.704647676161919 0.3606666666666667 0.6404297851074463 0.362 0.6361819090454772 0.36633333333333334 0.6354322838580709
0 0.837 0.7386306846576711 0.8706666666666667 0.7438780609695153 0.9293333333333333 0.7583708145927036 0.931 0.8148425787106447 0.9286666666666666 0.8238380809595203 0.8336666666666667 0.8045977011494253 0.8333333333333334 0.7448775612193903 0.834 0.739880059970015 0.8366666666666667 0.7386306846576711
0 0.6166666666666667 0.8583208395802099 0.6796666666666666 0.8695652173913043 0.717 0.8783108445777111 0.7176666666666667 0.9947526236881559 0.711 0.9997501249375312 0.6836666666666666 0.9997501249375312 0.6823333333333333 0.9977511244377811 0.6803333333333333 0.9997501249375312 0.6763333333333333 0.9977511244377811 0.667 0.9977511244377811 0.6653333333333333 0.9997501249375312 0.6486666666666666 0.9997501249375312 0.6473333333333333 0.9977511244377811 0.639 0.9980009995002499 0.6386666666666667 0.9997501249375312 0.6123333333333333 0.9997501249375312 0.6103333333333333 0.9955022488755623 0.61 0.8615692153923038 0.6116666666666667 0.8583208395802099 0.6163333333333333 0.8583208395802099
0 0.495 0.6636681659170415 0.6023333333333334 0.6859070464767616 0.6023333333333334 0.756871564217891 0.5136666666666667 0.7411294352823589 0.48966666666666664 0.7348825587206397 0.489 0.6674162918540729 0.491 0.6639180409795102 0.49466666666666664 0.6636681659170415
0 0.728 0.7906046976511744 0.76 0.795352323838081 0.8266666666666667 0.8105947026486756 0.828 0.8690654672663668 0.827 0.8873063468265867 0.8246666666666667 0.8905547226386806 0.7273333333333334 0.872063968015992 0.7246666666666667 0.8568215892053973 0.7243333333333334 0.8123438280859571 0.7253333333333334 0.7933533233383309 0.7276666666666667 0.7906046976511744
0 0.992 0.08470764617691154 0.9956666666666667 0.08945527236381809 0.996 0.11944027986006997 0.993 0.3073463268365817 0.9743333333333334 0.31509245377311346 0.956 0.31959020489755124 0.9446666666666667 0.3255872063968016 0.905 0.335832083958021 0.902 0.33033483258370816 0.901 0.30559720139930036 0.9023333333333333 0.1199400299850075 0.939 0.10369815092453773 0.9916666666666667 0.08470764617691154
0 0.7173333333333334 0.4077961019490255 0.7196666666666667 0.41454272863568215 0.7203333333333334 0.46326836581709147 0.7186666666666667 0.5812093953023488 0.71 0.585207396301849 0.6473333333333333 0.6026986506746627 0.64 0.6024487756121939 0.639 0.5989505247376312 0.6386666666666667 0.5554722638680659 0.641 0.5442278860569715 0.6386666666666667 0.5224887556221889 0.639 0.431784107946027 0.6426666666666667 0.42828585707146427 0.676 0.41754122938530736 0.7123333333333334 0.40754622688655673 0.717 0.4077961019490255
0 0.37133333333333335 0.815592203898051 0.481 0.8353323338330835 0.4826666666666667 0.8525737131434283 0.48 0.9877561219390305 0.47733333333333333 0.9937531234382808 0.471 0.9960019990004998 0.438 0.9970014992503748 0.429 0.9980009995002499 0.42866666666666664 0.9997501249375312 0.42733333333333334 0.9977511244377811 0.41333333333333333 0.9997501249375312 0.413 0.9980009995002499 0.405 0.9970014992503748 0.3983333333333333 0.9977511244377811 0.39766666666666667 0.9997501249375312 0.3953333333333333 0.9980009995002499 0.386 0.9997501249375312 0.38566666666666666 0.9980009995002499 0.37933333333333336 0.9977511244377811 0.369 0.9977511244377811 0.36533333333333334 0.9997501249375312 0.3606666666666667 0.9952523738130935 0.36133333333333334 0.8175912043978011 0.365 0.8153423288355822 0.371 0.815592203898051