0 0.24866666666666667 0.603 0.2916666666666667 0.603 0.2956666666666667 0.6055 0.254 0.782 0.24733333333333332 0.7855 0.16633333333333333 0.7865 0.11233333333333333 0.7865 0.10833333333333334 0.782 0.17166666666666666 0.6115 0.17533333333333334 0.607 0.18266666666666667 0.605 0.24833333333333332 0.603
0 0.534 0.0135 0.5543333333333333 0.018 0.5573333333333333 0.0365 0.516 0.039 0.5033333333333333 0.037 0.5053333333333333 0.0165 0.5336666666666666 0.0135
0 0.33066666666666666 0.0165 0.35 0.0195 0.349 0.0295 0.345 0.038 0.302 0.0415 0.293 0.039 0.29533333333333334 0.032 0.305 0.0185 0.3303333333333333 0.0165
0 0.2683333333333333 0.183 0.27 0.1855 0.269 0.1895 0.25266666666666665 0.227 0.24866666666666667 0.232 0.182 0.233 0.17533333333333334 0.2325 0.17333333333333334 0.2295 0.19466666666666665 0.1925 0.203 0.1835 0.268 0.183
0 0.43533333333333335 0.937 0.594 0.941 0.5973333333333334 0.9495 0.5993333333333334 0.9885 0.5983333333333334 0.995 0.5903333333333334 0.9995 0.5173333333333333 0.9995 0.516 0.997 0.49933333333333335 0.996 0.4693333333333333 0.997 0.4673333333333333 0.9995 0.4236666666666667 0.9995 0.4226666666666667 0.9945 0.42733333333333334 0.9435 0.42966666666666664 0.9385 0.435 0.937
0 0.807 0.1085 0.818 0.114 0.8336666666666667 0.1395 0.8333333333333334 0.143 0.7926666666666666 0.146 0.767 0.1435 0.7546666666666667 0.1175 0.754 0.11 0.8066666666666666 0.1085
0 0 0.6015 0.05333333333333334 0.603 0.06 0.6055 0.058 0.6135 0.012333333333333333 0.708 0.004666666666666667 0.7205 0 0.7235 0 0.602
0 0.806 0.2675 0.814 0.2695 0.8186666666666667 0.2785 0.8426666666666667 0.3335 0.843 0.338 0.8406666666666667 0.3405 0.7616666666666667 0.3405 0.7506666666666667 0.338 0.7486666666666667 0.3235 0.739 0.297 0.733 0.273 0.734 0.269 0.8056666666666666 0.2675
0 0.6556666666666666 0.0565 0.6653333333333333 0.0815 0.662 0.086 0.605 0.0845 0.6026666666666667 0.064 0.604 0.059 0.6553333333333333 0.0565
0 0.809 0.01 0.8426666666666667 0.0105 0.8563333333333333 0.0235 0.8596666666666667 0.03 0.856 0.033 0.8266666666666667 0.034 0.8143333333333334 0.0335 0.8106666666666666 0.0305 0.7996666666666666 0.012 0.8086666666666666 0.01
0 0.7163333333333334 0.0565 0.7243333333333334 0.0675 0.7306666666666667 0.0815 0.7296666666666667 0.083 0.6963333333333334 0.0855 0.6723333333333333 0.084 0.6676666666666666 0.0715 0.6673333333333333 0.0595 0.716 0.0565
0 0.4256666666666667 0.602 0.43633333333333335 0.6035 0.43733333333333335 0.611 0.4206666666666667 0.783 0.41633333333333333 0.7855 0.3453333333333333 0.786 0.281 0.7855 0.274 0.783 0.29633333333333334 0.681 0.31466666666666665 0.608 0.32033333333333336 0.6035 0.42533333333333334 0.602
0 0.294 0.017 0.2966666666666667 0.018 0.2956666666666667 0.0245 0.286 0.0395 0.25366666666666665 0.0415 0.237 0.0395 0.24 0.0295 0.25133333333333335 0.017 0.2936666666666667 0.017
0 0.906 0.0095 0.912 0.0075 0.9463333333333334 0.0095 0.9683333333333334 0.029 0.9646666666666667 0.031 0.9183333333333333 0.031 0.9066666666666666 0.0175 0.906 0.01
0 0.4076666666666667 0.0125 0.443 0.016 0.44533333333333336 0.022 0.44433333333333336 0.0295 0.44 0.038 0.41333333333333333 0.04 0.3913333333333333 0.0395 0.38566666666666666 0.0365 0.3943333333333333 0.012 0.4073333333333333 0.0125
0 0.7533333333333333 0.6005 0.8146666666666667 0.6005 0.8203333333333334 0.6055 0.8706666666666667 0.783 0.87 0.7865 0.842 0.787 0.727 0.7865 0.722 0.783 0.7013333333333334 0.6615 0.6956666666666667 0.605 0.6983333333333334 0.602 0.7043333333333334 0.6015 0.753 0.6005
0 0.8173333333333334 0.3985 0.8686666666666667 0.399 0.8736666666666667 0.402 0.9183333333333333 0.505 0.9186666666666666 0.5085 0.917 0.5095 0.8983333333333333 0.5105 0.8063333333333333 0.509 0.7753333333333333 0.404 0.779 0.3995 0.817 0.3985
0 0.291 0.0595 0.331 0.063 0.3283333333333333 0.074 0.322 0.087 0.31766666666666665 0.0895 0.27366666666666667 0.09 0.2623333333333333 0.0885 0.263 0.0835 0.2786666666666667 0.062 0.2906666666666667 0.0595
0 0.8766666666666667 0.1065 0.924 0.1075 0.9513333333333334 0.1405 0.919 0.1435 0.891 0.142 0.87 0.112 0.87 0.1085 0.8763333333333333 0.107
0 0.6403333333333333 0.0115 0.6446666666666667 0.013 0.6493333333333333 0.019 0.652 0.0325 0.6496666666666666 0.0365 0.604 0.038 0.5976666666666667 0.0365 0.5963333333333334 0.015 0.598 0.0125 0.6233333333333333 0.014 0.64 0.0115
0 0.489 0.2715 0.564 0.273 0.566 0.2765 0.5673333333333334 0.2895 0.5696666666666667 0.338 0.5666666666666667 0.3425 0.5476666666666666 0.3435 0.47633333333333333 0.3415 0.47533333333333333 0.338 0.4776666666666667 0.3285 0.48233333333333334 0.276 0.4886666666666667 0.2715
0 0 0.016 0.009 0.02 0.022 0.0195 0.024 0.022 0 0.04 0 0.0165
0 0.8373333333333334 0.052 0.8806666666666667 0.0545 0.8996666666666666 0.0785 0.8946666666666667 0.0815 0.871 0.082 0.8526666666666667 0.082 0.8453333333333334 0.0785 0.8316666666666667 0.057 0.8313333333333334 0.053 0.837 0.052
0 0.176 0.938 0.21366666666666667 0.939 0.21333333333333335 0.9495 0.2 0.9995 0.14566666666666667 0.9995 0.14066666666666666 0.995 0.13333333333333333 0.9995 0.102 0.9995 0.09866666666666667 0.996 0.08133333333333333 0.9965 0.078 0.9995 0.030333333333333334 0.9995 0.029 0.9945 0.03266666666666666 0.983 0.050333333333333334 0.9405 0.17566666666666667 0.938
0 0.12633333333333333 0.404 0.15466666666666667 0.4055 0.15766666666666668 0.407 0.158 0.4105 0.13466666666666666 0.461 0.12566666666666668 0.476 0.12066666666666667 0.49 0.11 0.5105 0.106 0.514 0.005 0.5135 0.002 0.512 0.0016666666666666668 0.5085 0.064 0.4065 0.07866666666666666 0.404 0.126 0.404
0 0.9713333333333334 0.172 0.9816666666666667 0.174 0.9996666666666667 0.1935 0.9996666666666667 0.225 0.9703333333333334 0.226 0.9493333333333334 0.2235 0.921 0.183 0.9186666666666666 0.175 0.971 0.172
0 0.18833333333333332 0.182 0.19033333333333333 0.1855 0.18733333333333332 0.193 0.163 0.231 0.158 0.2335 0.093 0.233 0.08833333333333333 0.231 0.09 0.2275 0.11833333333333333 0.1895 0.126 0.183 0.188 0.182
0 0.2956666666666667 0.116 0.303 0.1195 0.2976666666666667 0.136 0.2906666666666667 0.1485 0.25166666666666665 0.151 0.22733333333333333 0.151 0.225 0.1475 0.22733333333333333 0.1405 0.24433333333333335 0.1175 0.25366666666666665 0.115 0.29533333333333334 0.116
0 0.03666666666666667 0.062 0.05733333333333333 0.064 0.034 0.0885 0.026333333333333334 0.0905 0 0.0905 0 0.0775 0.018333333333333333 0.063 0.036333333333333336 0.062
0 0.9703333333333334 0.94 0.9996666666666667 0.941 0.9996666666666667 0.982 0.996 0.9845 0.9953333333333333 0.9915 0.9863333333333333 0.9995 0.961 0.9995 0.9483333333333334 0.9635 0.9436666666666667 0.9425 0.97 0.9405
0 0.36866666666666664 0.9365 0.405 0.9385 0.4003333333333333 0.9905 0.394 0.9995 0.3923333333333333 0.9975 0.389 0.9995 0.30766666666666664 0.9995 0.30733333333333335 0.9975 0.30633333333333335 0.9995 0.29533333333333334 0.9995 0.2946666666666667 0.9975 0.29233333333333333 0.9995 0.22666666666666666 0.9995 0.22633333333333333 0.989 0.237 0.946 0.241 0.9395 0.36833333333333335 0.9365
0 0.39166666666666666 0.113 0.4176666666666667 0.1135 0.41833333333333333 0.119 0.41233333333333333 0.1435 0.4083333333333333 0.149 0.38033333333333336 0.15 0.3466666666666667 0.149 0.344 0.1475 0.344 0.1435 0.3516666666666667 0.1235 0.359 0.114 0.3913333333333333 0.113
0 0.7243333333333334 0.1765 0.7693333333333333 0.1765 0.7726666666666666 0.1775 0.7766666666666666 0.1835 0.7936666666666666 0.224 0.7903333333333333 0.227 0.7523333333333333 0.229 0.722 0.228 0.7173333333333334 0.2245 0.7046666666666667 0.1815 0.7086666666666667 0.177 0.724 0.1765
0 0.6716666666666666 0.11 0.676 0.116 0.6836666666666666 0.1445 0.672 0.1475 0.641 0.148 0.6173333333333333 0.1455 0.6153333333333333 0.141 0.6133333333333333 0.12 0.6146666666666667 0.111 0.6713333333333333 0.11
0 0.21633333333333332 0.2755 0.22333333333333333 0.2785 0.22233333333333333 0.2825 0.19333333333333333 0.342 0.19 0.3455 0.18333333333333332 0.3465 0.10733333333333334 0.3465 0.104 0.3455 0.10366666666666667 0.341 0.145 0.2755 0.216 0.2755
0 0 0.2735 0.03966666666666667 0.2755 0.020666666666666667 0.304 0.006 0.322 0 0.325 0 0.274
0 0.8506666666666667 0.177 0.8596666666666667 0.1855 0.881 0.224 0.874 0.227 0.8366666666666667 0.228 0.805 0.226 0.789 0.191 0.7856666666666666 0.1785 0.7896666666666666 0.1765 0.8503333333333334 0.177
0 0.438 0.112 0.4866666666666667 0.1135 0.488 0.122 0.48533333333333334 0.146 0.484 0.1485 0.47733333333333333 0.1495 0.42033333333333334 0.148 0.42 0.14 0.4266666666666667 0.116 0.432 0.112 0.43766666666666665 0.112
0 0.7853333333333333 0.94 0.9183333333333333 0.9415 0.936 0.9945 0.9346666666666666 0.9995 0.9063333333333333 0.9995 0.9043333333333333 0.9965 0.891 0.9955 0.8603333333333333 0.9965 0.8566666666666667 0.9995 0.824 0.9995 0.8176666666666667 0.9935 0.8043333333333333 0.997 0.762 0.997 0.758 0.9895 0.751 0.9425 0.754 0.94 0.785 0.94
0 0.45466666666666666 0.0155 0.49766666666666665 0.0175 0.499 0.024 0.49766666666666665 0.0365 0.4716666666666667 0.04 0.44633333333333336 0.0385 0.445 0.023 0.4543333333333333 0.0155
0 0.18133333333333335 0.061 0.20366666666666666 0.0605 0.20866666666666667 0.064 0.18966666666666668 0.0885 0.17966666666666667 0.09 0.13166666666666665 0.088 0.157 0.0615 0.181 0.061
0 0.421 0.1805 0.4786666666666667 0.1805 0.4816666666666667 0.1825 0.47733333333333333 0.2295 0.44 0.232 0.4023333333333333 0.2305 0.40166666666666667 0.226 0.4106666666666667 0.1855 0.4136666666666667 0.181 0.4206666666666667 0.1805
0 0 0.4035 0.043666666666666666 0.404 0.048 0.4075 0.009333333333333334 0.471 0 0.48 0 0.4325 0.0016666666666666668 0.432 0 0.43 0 0.404
0 0.525 0.1115 0.5576666666666666 0.1125 0.56 0.1175 0.5623333333333334 0.144 0.5556666666666666 0.1485 0.49333333333333335 0.1475 0.49433333333333335 0.1195 0.498 0.1115 0.5246666666666666 0.1115
0 0.43133333333333335 0.059 0.43266666666666664 0.064 0.42733333333333334 0.0865 0.399 0.089 0.37533333333333335 0.0885 0.367 0.0855 0.37666666666666665 0.06 0.37966666666666665 0.058 0.431 0.059
0 0.568 0.6015 0.578 0.6015 0.5816666666666667 0.62 0.581 0.634 0.5826666666666667 0.64 0.5823333333333334 0.662 0.586 0.7025 0.589 0.781 0.5866666666666667 0.7855 0.5796666666666667 0.7865 0.44533333333333336 0.786 0.44033333333333335 0.7825 0.448 0.6805 0.45466666666666666 0.6105 0.457 0.604 0.5676666666666667 0.6015
0 0.3413333333333333 0.403 0.346 0.4045 0.3456666666666667 0.411 0.32133333333333336 0.5125 0.25333333333333335 0.514 0.21133333333333335 0.512 0.22666666666666666 0.4615 0.24833333333333332 0.4075 0.25766666666666665 0.4045 0.341 0.403
0 0.8836666666666667 0.268 0.9046666666666666 0.268 0.9106666666666666 0.2715 0.9396666666666667 0.32 0.9476666666666667 0.338 0.9373333333333334 0.34 0.86 0.3385 0.8556666666666667 0.3355 0.83 0.279 0.828 0.27 0.8833333333333333 0.2685
0 0.5676666666666667 0.402 0.572 0.4075 0.5766666666666667 0.509 0.5713333333333334 0.5125 0.5143333333333333 0.5135 0.4666666666666667 0.512 0.46266666666666667 0.509 0.4723333333333333 0.404 0.4756666666666667 0.402 0.5673333333333334 0.402
0 0.8973333333333333 0.012 0.9066666666666666 0.0205 0.9123333333333333 0.03 0.9093333333333333 0.0325 0.8906666666666667 0.033 0.8626666666666667 0.0315 0.8536666666666667 0.0185 0.8516666666666667 0.009 0.897 0.012
0 0.9046666666666666 0.3985 0.9753333333333334 0.4 0.9886666666666667 0.4035 0.9996666666666667 0.4215 0.9996666666666667 0.4545 0.996 0.458 0.9996666666666667 0.465 0.9996666666666667 0.5085 0.9966666666666667 0.509 0.9446666666666667 0.509 0.9356666666666666 0.506 0.8903333333333333 0.4045 0.8916666666666667 0.3995 0.9043333333333333 0.3985
0 0.16166666666666665 0.1165 0.16466666666666666 0.119 0.163 0.1225 0.141 0.15 0.10233333333333333 0.1515 0.08066666666666666 0.151 0.07866666666666666 0.1475 0.106 0.1195 0.12733333333333333 0.1165 0.16133333333333333 0.1165
0 0.20366666666666666 0.116 0.23133333333333334 0.1165 0.233 0.1195 0.217 0.1465 0.21 0.151 0.15533333333333332 0.151 0.152 0.1475 0.17533333333333334 0.1185 0.20333333333333334 0.116
0 0.349 0.1815 0.398 0.181 0.40166666666666667 0.182 0.4023333333333333 0.186 0.39066666666666666 0.229 0.341 0.2325 0.31333333333333335 0.23 0.3303333333333333 0.185 0.3486666666666667 0.1815
0 0.08066666666666666 0.0615 0.10466666666666667 0.0615 0.10633333333333334 0.064 0.08566666666666667 0.086 0.07466666666666667 0.091 0.04633333333333333 0.091 0.03933333333333333 0.088 0.063 0.0665 0.07133333333333333 0.062 0.08033333333333334 0.0615
0 0.7173333333333334 0.268 0.7213333333333334 0.272 0.725 0.283 0.7336666666666667 0.3165 0.7393333333333333 0.331 0.7403333333333333 0.338 0.739 0.34 0.6663333333333333 0.342 0.6506666666666666 0.3415 0.647 0.339 0.6433333333333333 0.3315 0.6416666666666667 0.3215 0.6433333333333333 0.3135 0.6393333333333333 0.272 0.717 0.268
0 0.49133333333333334 0.057 0.49433333333333335 0.0605 0.49166666666666664 0.087 0.458 0.089 0.43933333333333335 0.0885 0.435 0.086 0.43866666666666665 0.0655 0.442 0.0595 0.491 0.057
0 0.6613333333333333 0.011 0.6993333333333334 0.0145 0.7036666666666667 0.02 0.7083333333333334 0.033 0.694 0.0365 0.658 0.037 0.652 0.0345 0.65 0.0185 0.6526666666666666 0.0115 0.661 0.011
0 0.4106666666666667 0.273 0.468 0.2725 0.4706666666666667 0.2745 0.4713333333333333 0.2855 0.466 0.34 0.46366666666666667 0.343 0.454 0.344 0.3933333333333333 0.344 0.37466666666666665 0.3415 0.38 0.3105 0.38966666666666666 0.276 0.39366666666666666 0.2725 0.4103333333333333 0.273
0 0.4053333333333333 0.4025 0.45666666666666667 0.4025 0.45866666666666667 0.4085 0.448 0.511 0.446 0.513 0.396 0.5135 0.3406666666666667 0.5135 0.33666666666666667 0.5115 0.33666666666666667 0.507 0.3606666666666667 0.4055 0.3636666666666667 0.403 0.405 0.4025
0 0.234 0.06 0.26166666666666666 0.0605 0.269 0.064 0.25466666666666665 0.088 0.24633333333333332 0.0895 0.19766666666666666 0.088 0.19933333333333333 0.083 0.21633333333333332 0.063 0.23366666666666666 0.06
0 0.115 0.274 0.13033333333333333 0.2745 0.13033333333333333 0.279 0.11166666666666666 0.3065 0.092 0.341 0.08533333333333333 0.346 0.055 0.3465 0.005666666666666667 0.346 0.0036666666666666666 0.342 0.04666666666666667 0.283 0.057666666666666665 0.274 0.11466666666666667 0.274
0 0.30766666666666664 0.2745 0.37166666666666665 0.274 0.37766666666666665 0.2765 0.37666666666666665 0.2865 0.36233333333333334 0.343 0.3243333333333333 0.345 0.27566666666666667 0.344 0.27066666666666667 0.3415 0.29433333333333334 0.2785 0.2976666666666667 0.275 0.30733333333333335 0.2745
0 0.20066666666666666 0.0175 0.242 0.019 0.24066666666666667 0.0255 0.22966666666666666 0.038 0.21433333333333332 0.041 0.178 0.039 0.17766666666666667 0.036 0.189 0.0235 0.20033333333333334 0.0175
0 0.8766666666666667 0.6 0.9603333333333334 0.6005 0.9676666666666667 0.612 0.9956666666666667 0.6755 0.9976666666666667 0.684 0.9996666666666667 0.6845 0.9996666666666667 0.732 0.9976666666666667 0.733 0.9996666666666667 0.737 0.9996666666666667 0.784 0.9953333333333333 0.786 0.9276666666666666 0.787 0.896 0.787 0.893 0.785 0.8416666666666667 0.616 0.8386666666666667 0.6025 0.8406666666666667 0.601 0.8763333333333333 0.6
0 0.9566666666666667 0.105 0.9806666666666667 0.105 0.992 0.108 0.9996666666666667 0.115 0.9996666666666667 0.142 0.9573333333333334 0.14 0.935 0.109 0.9356666666666666 0.1055 0.9563333333333334 0.105
0 0.7113333333333334 0.3985 0.759 0.4 0.7893333333333333 0.5085 0.785 0.511 0.683 0.512 0.6763333333333333 0.5085 0.6723333333333333 0.4905 0.6616666666666666 0.411 0.662 0.4015 0.711 0.3985
0 0.12733333333333333 0.016 0.14433333333333334 0.018 0.14766666666666667 0.02 0.14733333333333334 0.0235 0.13033333333333333 0.0405 0.10333333333333333 0.0425 0.09533333333333334 0.0395 0.101 0.031 0.11633333333333333 0.018 0.127 0.016
0 0.7456666666666667 0.011 0.7576666666666667 0.014 0.7683333333333333 0.0325 0.745 0.0345 0.715 0.034 0.713 0.0325 0.7076666666666667 0.0145 0.7096666666666667 0.0125 0.7453333333333333 0.011
0 0.9623333333333334 0.0505 0.9913333333333333 0.0515 0.9996666666666667 0.057 0.9996666666666667 0.0785 0.9956666666666667 0.0795 0.964 0.0775 0.95 0.0595 0.948 0.054 0.9543333333333334 0.05 0.962 0.0505
0 0.688 0.1775 0.695 0.181 0.7066666666666667 0.226 0.703 0.2285 0.6716666666666666 0.2295 0.6303333333333333 0.227 0.623 0.182 0.6296666666666667 0.178 0.6876666666666666 0.1775
0 0.02666666666666667 0.1145 0.048 0.116 0.050333333333333334 0.1195 0.019 0.151 0.012666666666666666 0.1545 0 0.1545 0 0.122 0.010333333333333333 0.1155 0.026333333333333334 0.1145
0 0.5066666666666667 0.058 0.55 0.058 0.5576666666666666 0.0625 0.558 0.0865 0.519 0.088 0.49933333333333335 0.0855 0.5013333333333333 0.0615 0.5063333333333333 0.058
0 0.49466666666666664 0.1795 0.5593333333333333 0.181 0.563 0.1885 0.5656666666666667 0.2265 0.537 0.2305 0.489 0.23 0.4866666666666667 0.226 0.48933333333333334 0.194 0.49133333333333334 0.183 0.49433333333333335 0.18
0 0.07233333333333333 0.1835 0.11 0.1835 0.11266666666666666 0.186 0.078 0.2305 0.05533333333333333 0.2335 0.009333333333333334 0.2335 0.004666666666666667 0.2305 0.008666666666666666 0.2235 0.04466666666666667 0.1855 0.072 0.1835
0 0.742 0.11 0.7586666666666667 0.144 0.7233333333333334 0.147 0.6916666666666667 0.144 0.6843333333333333 0.1235 0.6833333333333333 0.1125 0.6856666666666666 0.1105 0.7416666666666667 0.11
0 0.7316666666666667 0.0545 0.7806666666666666 0.0555 0.7863333333333333 0.0605 0.7963333333333333 0.077 0.794 0.082 0.745 0.084 0.7373333333333333 0.0815 0.7306666666666667 0.071 0.7276666666666667 0.0595 0.7313333333333333 0.0545
0 0.9246666666666666 0.0515 0.9356666666666666 0.052 0.961 0.0775 0.929 0.081 0.9063333333333333 0.0785 0.893 0.0615 0.8906666666666667 0.054 0.8966666666666666 0.051 0.9243333333333333 0.0515