0 0.809 0.336 0.8413333333333334 0.34 0.8453333333333334 0.3415 0.8463333333333334 0.345 0.8453333333333334 0.7385 0.8066666666666666 0.7355 0.8036666666666666 0.7305 0.804 0.351 0.8046666666666666 0.3385 0.8086666666666666 0.336
0 0.459 0.7085 0.501 0.7125 0.5043333333333333 0.718 0.505 0.981 0.5046666666666667 0.9945 0.5 0.9995 0.46166666666666667 0.9995 0.453 0.996 0.4513333333333333 0.9915 0.45166666666666666 0.8775 0.45 0.859 0.45166666666666666 0.8015 0.45066666666666666 0.782 0.44666666666666666 0.776 0.451 0.7695 0.4513333333333333 0.7125 0.45266666666666666 0.709 0.45866666666666667 0.7085
0 0.469 0.262 0.5006666666666667 0.267 0.504 0.2735 0.505 0.688 0.5023333333333333 0.7035 0.491 0.7045 0.4603333333333333 0.703 0.4533333333333333 0.701 0.45166666666666666 0.6965 0.4493333333333333 0.627 0.451 0.606 0.451 0.491 0.44966666666666666 0.484 0.4513333333333333 0.4665 0.451 0.2725 0.45266666666666666 0.261 0.4686666666666667 0.262
0 0.7386666666666667 0 0.7773333333333333 0 0.779 0.005 0.78 0.1075 0.7786666666666666 0.156 0.7803333333333333 0.235 0.7793333333333333 0.324 0.7733333333333333 0.3255 0.743 0.321 0.738 0.3195 0.7356666666666667 0.3145 0.7373333333333333 0.2915 0.7356666666666667 0.2625 0.7366666666666667 0.1005 0.735 0.0675 0.7366666666666667 0.0325 0.735 0.0255 0.7363333333333333 0.006 0.7386666666666667 0.0005
0 0.8093333333333333 0 0.845 0 0.8466666666666667 0.173 0.846 0.332 0.8453333333333334 0.334 0.824 0.333 0.8066666666666666 0.33 0.8046666666666666 0.3265 0.8026666666666666 0.248 0.8046666666666666 0.1695 0.803 0.101 0.805 0.0675 0.8033333333333333 0.063 0.803 0.0385 0.8056666666666666 0.022 0.8053333333333333 0.009 0.8093333333333333 0.0005
0 0.6673333333333333 0 0.7093333333333334 0 0.712 0.0045 0.7113333333333334 0.1775 0.713 0.2385 0.7106666666666667 0.252 0.7133333333333334 0.261 0.7126666666666667 0.286 0.7096666666666667 0.289 0.6766666666666666 0.285 0.6666666666666666 0.2795 0.6666666666666666 0.0745 0.665 0.064 0.667 0.046 0.665 0.033 0.6673333333333333 0.0005
0 0.5973333333333334 0 0.6446666666666667 0 0.643 0.1755 0.645 0.1845 0.643 0.223 0.6433333333333333 0.2755 0.6363333333333333 0.278 0.6226666666666667 0.2775 0.6003333333333334 0.2735 0.598 0.271 0.5973333333333334 0.0005
0 0.7473333333333333 0.7345 0.774 0.737 0.7793333333333333 0.741 0.7806666666666666 0.8635 0.78 0.9875 0.7783333333333333 0.9995 0.7386666666666667 0.9995 0.7366666666666667 0.995 0.736 0.74 0.7376666666666667 0.7345 0.747 0.7345
0 0.626 0.283 0.6403333333333333 0.287 0.644 0.2955 0.6446666666666667 0.467 0.6433333333333333 0.478 0.6446666666666667 0.4925 0.6426666666666667 0.573 0.6446666666666667 0.6195 0.6423333333333333 0.6265 0.6443333333333333 0.634 0.6443333333333333 0.6855 0.644 0.7165 0.6403333333333333 0.7185 0.604 0.7155 0.5996666666666667 0.7135 0.5986666666666667 0.71 0.5966666666666667 0.4175 0.6 0.3645 0.5976666666666667 0.329 0.5976666666666667 0.2895 0.5986666666666667 0.2845 0.6023333333333334 0.2825 0.6256666666666667 0.283
0 0.5393333333333333 0.716 0.572 0.7195 0.575 0.7235 0.576 0.9535 0.5743333333333334 0.9925 0.5696666666666667 0.9995 0.5383333333333333 0.9995 0.529 0.9955 0.5266666666666666 0.9875 0.527 0.788 0.5253333333333333 0.776 0.5276666666666666 0.756 0.5266666666666666 0.723 0.529 0.7155 0.539 0.716
0 0.8093333333333333 0.74 0.842 0.7425 0.8456666666666667 0.7455 0.846 0.9995 0.8043333333333333 0.9995 0.8036666666666666 0.9965 0.8036666666666666 0.7465 0.805 0.741 0.809 0.74
0 0.6863333333333334 0.2925 0.71 0.296 0.712 0.3015 0.7126666666666667 0.6895 0.7113333333333334 0.697 0.7126666666666667 0.712 0.7123333333333334 0.722 0.7103333333333334 0.726 0.676 0.723 0.6686666666666666 0.7215 0.6666666666666666 0.718 0.668 0.691 0.666 0.6675 0.667 0.6365 0.665 0.623 0.667 0.6195 0.6673333333333333 0.6005 0.6663333333333333 0.5705 0.6636666666666666 0.5535 0.6656666666666666 0.551 0.666 0.54 0.6693333333333333 0.5295 0.6666666666666666 0.5205 0.6653333333333333 0.471 0.6683333333333333 0.358 0.6663333333333333 0.3405 0.6623333333333333 0.335 0.666 0.328 0.6676666666666666 0.2945 0.686 0.2925
0 0.9566666666666667 0.754 0.9743333333333334 0.7585 0.9756666666666667 0.8475 0.974 0.9995 0.9356666666666666 0.9995 0.936 0.7615 0.9386666666666666 0.753 0.9563333333333334 0.754
0 0.452 0 0.5043333333333333 0 0.5053333333333333 0.0045 0.504 0.1595 0.5053333333333333 0.255 0.5036666666666667 0.259 0.491 0.2595 0.454 0.2535 0.451 0.251 0.4513333333333333 0.073 0.44866666666666666 0.0255 0.452 0.0005
0 0.7473333333333333 0.3275 0.7743333333333333 0.3325 0.7796666666666666 0.338 0.7783333333333333 0.631 0.78 0.69 0.778 0.696 0.7803333333333333 0.7075 0.7796666666666666 0.728 0.7766666666666666 0.732 0.74 0.728 0.7366666666666667 0.725 0.7356666666666667 0.7165 0.7356666666666667 0.6335 0.731 0.6265 0.7353333333333333 0.6195 0.7363333333333333 0.613 0.736 0.496 0.7336666666666667 0.474 0.7356666666666667 0.4675 0.7376666666666667 0.373 0.7356666666666667 0.338 0.7376666666666667 0.3275 0.747 0.3275
0 0.55 0.2735 0.5713333333333334 0.2765 0.575 0.282 0.5736666666666667 0.385 0.5753333333333334 0.411 0.574 0.488 0.5756666666666667 0.6725 0.575 0.71 0.572 0.7125 0.5293333333333333 0.709 0.5266666666666666 0.7065 0.527 0.655 0.524 0.623 0.527 0.5915 0.5253333333333333 0.4745 0.5266666666666666 0.437 0.525 0.404 0.5276666666666666 0.363 0.5266666666666666 0.2795 0.5293333333333333 0.2715 0.5496666666666666 0.2735
0 0.6953333333333334 0.731 0.7093333333333334 0.733 0.7116666666666667 0.7365 0.7123333333333334 0.982 0.712 0.9945 0.7046666666666667 0.9995 0.67 0.9995 0.6666666666666666 0.9955 0.6676666666666666 0.949 0.666 0.94 0.6673333333333333 0.9225 0.666 0.859 0.6683333333333333 0.7775 0.666 0.763 0.6663333333333333 0.733 0.6683333333333333 0.7285 0.695 0.731
0 0.6076666666666667 0.7225 0.641 0.7255 0.6436666666666667 0.7305 0.6443333333333333 0.9945 0.6396666666666667 0.9995 0.607 0.9995 0.6066666666666667 0.9975 0.6023333333333334 0.9995 0.5983333333333334 0.993 0.5973333333333334 0.862 0.5996666666666667 0.762 0.598 0.7285 0.5993333333333334 0.7235 0.6073333333333333 0.7225
0 0.941 0.3545 0.967 0.3575 0.973 0.3595 0.975 0.3635 0.976 0.7105 0.974 0.751 0.941 0.749 0.9363333333333334 0.7455 0.936 0.3795 0.9366666666666666 0.356 0.9406666666666667 0.3545
0 0.527 0 0.5746666666666667 0 0.575 0.141 0.5733333333333334 0.167 0.5753333333333334 0.227 0.5746666666666667 0.2655 0.573 0.269 0.5293333333333333 0.2645 0.5266666666666666 0.2615 0.5266666666666666 0.0445 0.5253333333333333 0.032 0.527 0.0005
0 0.874 0.746 0.9076666666666666 0.75 0.9103333333333333 0.759 0.9113333333333333 0.995 0.902 0.9995 0.8726666666666667 0.9975 0.8706666666666667 0.994 0.8716666666666667 0.824 0.87 0.7565 0.8706666666666667 0.748 0.8736666666666667 0.746
0 0.8793333333333333 0.346 0.9066666666666666 0.35 0.911 0.3585 0.9123333333333333 0.5655 0.912 0.6385 0.9103333333333333 0.656 0.9116666666666666 0.714 0.9106666666666666 0.741 0.9076666666666666 0.745 0.8726666666666667 0.7415 0.8703333333333333 0.7375 0.8716666666666667 0.7045 0.8706666666666667 0.348 0.8726666666666667 0.345 0.879 0.346
0 0.943 0 0.974 0 0.975 0.004 0.976 0.301 0.9756666666666667 0.349 0.974 0.3525 0.9386666666666666 0.3485 0.9356666666666666 0.342 0.9376666666666666 0.315 0.936 0.192 0.939 0.169 0.936 0.116 0.942 0.103 0.9396666666666667 0.0985 0.9403333333333334 0.0955 0.9366666666666666 0.092 0.9396666666666667 0.0885 0.9416666666666667 0.0795 0.9383333333333334 0.064 0.936 0.0325 0.943 0.02 0.943 0.0005
0 0.875 0 0.909 0 0.91 0.0045 0.9113333333333333 0.048 0.91 0.161 0.9116666666666666 0.178 0.9113333333333333 0.342 0.8856666666666667 0.342 0.8706666666666667 0.337 0.8716666666666667 0.227 0.87 0.072 0.8723333333333333 0.033 0.8703333333333333 0.029 0.8713333333333333 0.008 0.875 0.0005