0 0.8126666666666666 0.4715 0.883 0.502 0.887 0.5095 0.887 0.8005 0.8863333333333333 0.836 0.8843333333333333 0.8425 0.8676666666666667 0.839 0.8483333333333334 0.829 0.8093333333333333 0.8145 0.8046666666666666 0.8105 0.8026666666666666 0.713 0.8033333333333333 0.476 0.8053333333333333 0.4705 0.8123333333333334 0.4715
0 0.49866666666666665 0.705 0.5623333333333334 0.7305 0.5766666666666667 0.7375 0.5796666666666667 0.7415 0.579 0.977 0.5776666666666667 0.993 0.57 0.9995 0.5623333333333334 0.997 0.5246666666666666 0.9995 0.516 0.9955 0.49433333333333335 0.996 0.49033333333333334 0.9925 0.48933333333333334 0.8475 0.49066666666666664 0.8415 0.492 0.7095 0.49433333333333335 0.7045 0.49833333333333335 0.705
0 0.49933333333333335 0.334 0.5783333333333334 0.368 0.5816666666666667 0.372 0.582 0.5565 0.58 0.6185 0.5803333333333334 0.7075 0.5783333333333334 0.7155 0.5186666666666667 0.6935 0.49566666666666664 0.6825 0.49233333333333335 0.677 0.49133333333333334 0.543 0.49366666666666664 0.432 0.49233333333333335 0.401 0.494 0.339 0.49533333333333335 0.3345 0.499 0.334
0 0.7073333333333334 0.792 0.7616666666666667 0.814 0.7866666666666666 0.8275 0.785 0.906 0.786 0.991 0.7833333333333333 0.995 0.7753333333333333 0.9965 0.774 0.9995 0.7403333333333333 0.9995 0.7376666666666667 0.9965 0.703 0.996 0.701 0.9935 0.6993333333333334 0.9395 0.7 0.8525 0.6976666666666667 0.8485 0.701 0.8415 0.701 0.7955 0.703 0.7915 0.707 0.792
0 0.8076666666666666 0.834 0.8696666666666667 0.8585 0.8866666666666667 0.8695 0.8866666666666667 0.981 0.884 0.996 0.8793333333333333 0.9995 0.8643333333333333 0.9995 0.864 0.9975 0.862 0.9995 0.8253333333333334 0.9995 0.822 0.9965 0.8036666666666666 0.997 0.802 0.995 0.8023333333333333 0.842 0.8033333333333333 0.835 0.8073333333333333 0.834
0 0.394 0.2875 0.4723333333333333 0.321 0.47733333333333333 0.327 0.4746666666666667 0.671 0.4703333333333333 0.672 0.4013333333333333 0.645 0.38966666666666666 0.639 0.3873333333333333 0.634 0.389 0.41 0.387 0.401 0.38866666666666666 0.3975 0.38966666666666666 0.2935 0.391 0.2885 0.39366666666666666 0.288
0 0.7066666666666667 0.426 0.783 0.458 0.7866666666666666 0.463 0.787 0.7075 0.786 0.794 0.783 0.802 0.7253333333333334 0.78 0.7046666666666667 0.77 0.7013333333333334 0.765 0.7016666666666667 0.577 0.7 0.547 0.702 0.5225 0.702 0.435 0.703 0.4275 0.7063333333333334 0.426
0 0.39266666666666666 0.661 0.47433333333333333 0.696 0.47533333333333333 0.8455 0.473 0.984 0.4706666666666667 0.995 0.457 0.9995 0.432 0.9955 0.389 0.9955 0.38566666666666666 0.9915 0.384 0.8435 0.387 0.777 0.38533333333333336 0.6955 0.3863333333333333 0.664 0.388 0.661 0.3923333333333333 0.661
0 0.603 0.748 0.662 0.772 0.68 0.781 0.6833333333333333 0.785 0.683 0.992 0.679 0.9965 0.6683333333333333 0.997 0.6073333333333333 0.997 0.5983333333333334 0.9965 0.5956666666666667 0.9935 0.595 0.8635 0.597 0.7615 0.598 0.75 0.6026666666666667 0.748
0 0.9133333333333333 0.515 0.977 0.543 0.9856666666666667 0.55 0.9873333333333333 0.6955 0.9863333333333333 0.8185 0.9876666666666667 0.837 0.9863333333333333 0.8455 0.9876666666666667 0.8525 0.9843333333333333 0.884 0.971 0.881 0.9173333333333333 0.8595 0.9056666666666666 0.848 0.9036666666666666 0.7765 0.9036666666666666 0.5285 0.9053333333333333 0.5155 0.913 0.515
0 0.9103333333333333 0.8755 0.973 0.901 0.9856666666666667 0.9085 0.987 0.995 0.985 0.9975 0.9546666666666667 0.9975 0.9543333333333334 0.9995 0.921 0.9995 0.9193333333333333 0.997 0.904 0.9955 0.9033333333333333 0.8855 0.9043333333333333 0.878 0.91 0.8755
0 0.6026666666666667 0.3805 0.679 0.413 0.685 0.421 0.685 0.691 0.6843333333333333 0.752 0.6826666666666666 0.759 0.6773333333333333 0.759 0.6343333333333333 0.742 0.6023333333333334 0.728 0.5973333333333334 0.723 0.598 0.434 0.5993333333333334 0.383 0.6023333333333334 0.3805