0 0.6421666666666667 0 0.6591666666666667 0 0.6641666666666667 0.01075 0.6926666666666667 0.04475 0.6956666666666667 0.053 0.7178333333333333 0.23075 0.73 0.348 0.7286666666666667 0.35425 0.7231666666666666 0.3525 0.6786666666666666 0.32275 0.6743333333333333 0.3175 0.6725 0.2825 0.6458333333333334 0.0515 0.6421666666666667 0.00025
0 0.4771666666666667 0 0.5108333333333334 0 0.5155 0.00425 0.5265 0.00275 0.5291666666666667 0 0.56 0 0.5673333333333334 0.00875 0.5678333333333333 0.0155 0.5715 0.01825 0.5728333333333333 0.02675 0.5946666666666667 0.25825 0.5946666666666667 0.262 0.592 0.265 0.491 0.19925 0.4855 0.14025 0.48 0.0405 0.477 0.0195 0.4771666666666667 0.00025
0 0.5753333333333334 0 0.579 0 0.5813333333333334 0.0045 0.5885 0 0.6386666666666667 0 0.6716666666666666 0.30625 0.6696666666666666 0.314 0.6611666666666667 0.311 0.6031666666666666 0.2725 0.599 0.26575 0.5795 0.07125 0.5771666666666667 0.019 0.5743333333333334 0.00875 0.5753333333333334 0.00025
0 0.49783333333333335 0.21325 0.5743333333333334 0.259 0.5966666666666667 0.27575 0.6141666666666666 0.47725 0.618 0.504 0.62 0.54375 0.6363333333333333 0.69925 0.6366666666666667 0.71725 0.6418333333333334 0.754 0.6523333333333333 0.762 0.6481666666666667 0.7725 0.651 0.7745 0.651 0.7805 0.6405 0.793 0.5753333333333334 0.81425 0.545 0.821 0.5431666666666667 0.821 0.539 0.81075 0.5255 0.63425 0.5265 0.6195 0.5221666666666667 0.60625 0.5218333333333334 0.58875 0.5175 0.555 0.517 0.529 0.5151666666666667 0.52275 0.5135 0.48525 0.49466666666666664 0.256 0.49366666666666664 0.21575 0.49466666666666664 0.2125 0.49766666666666665 0.21325
0 0.3315 0 0.47 0 0.4726666666666667 0.03525 0.47583333333333333 0.0465 0.48583333333333334 0.18875 0.4841666666666667 0.1945 0.462 0.1825 0.37383333333333335 0.12675 0.335 0.099 0.331 0.04325 0.3315 0.00025
0 0.09283333333333334 0 0.157 0 0.2623333333333333 0.067 0.30666666666666664 0.09175 0.328 0.10575 0.3295 0.10925 0.3313333333333333 0.123 0.3305 0.141 0.3338333333333333 0.2275 0.3353333333333333 0.23375 0.33516666666666667 0.27925 0.34 0.34375 0.3395 0.36375 0.3458333333333333 0.4695 0.3445 0.481 0.3463333333333333 0.5165 0.349 0.53775 0.3495 0.5825 0.3531666666666667 0.616 0.35283333333333333 0.6335 0.3591666666666667 0.7195 0.35983333333333334 0.761 0.3631666666666667 0.78625 0.36433333333333334 0.83225 0.3665 0.84525 0.364 0.86575 0.36083333333333334 0.873 0.326 0.88375 0.30366666666666664 0.88725 0.29583333333333334 0.89275 0.29333333333333333 0.90475 0.10616666666666667 0.95725 0.10116666666666667 0.9565 0.0995 0.953 0.101 0.93525 0.09683333333333333 0.9015 0.09766666666666667 0.87925 0.09083333333333334 0.62125 0.09033333333333333 0.48025 0.08783333333333333 0.40225 0.0895 0.39425 0.0875 0.19225 0.08966666666666667 0.1305 0.08966666666666667 0.0085 0.09283333333333334 0.00025
0 0.18033333333333335 0 0.32266666666666666 0 0.32516666666666666 0.005 0.329 0.0905 0.32816666666666666 0.0935 0.3248333333333333 0.093 0.3135 0.08675 0.19166666666666668 0.0105 0.18033333333333335 0.00025
0 0.606 0.2805 0.6685 0.32025 0.6741666666666667 0.328 0.6891666666666667 0.4665 0.6883333333333334 0.48775 0.693 0.5005 0.7188333333333333 0.7585 0.7171666666666666 0.76525 0.7061666666666667 0.768 0.6961666666666667 0.776 0.6648333333333334 0.7835 0.6515 0.79 0.649 0.78975 0.6475 0.78175 0.6518333333333334 0.76925 0.6513333333333333 0.75875 0.6446666666666667 0.75275 0.643 0.74125 0.6321666666666667 0.61275 0.625 0.56075 0.6241666666666666 0.5305 0.6163333333333333 0.46375 0.6088333333333333 0.366 0.6051666666666666 0.34175 0.6013333333333334 0.285 0.6023333333333334 0.2795 0.6058333333333333 0.2805
0 0.7388333333333333 0.369 0.7728333333333334 0.39275 0.7828333333333334 0.47975 0.808 0.734 0.8056666666666666 0.7375 0.7801666666666667 0.74875 0.776 0.748 0.7728333333333334 0.7275 0.7371666666666666 0.3915 0.7361666666666666 0.3715 0.7386666666666667 0.369
0 0.0028333333333333335 0 0.01633333333333333 0 0.028 0.0035 0.0385 0 0.05633333333333333 0 0.05683333333333333 0.002 0.07483333333333334 0.003 0.07833333333333334 0.0085 0.079 0.03375 0.077 0.054 0.07883333333333334 0.07425 0.07933333333333334 0.14825 0.07733333333333334 0.2055 0.07883333333333334 0.2555 0.07716666666666666 0.33975 0.0795 0.37225 0.07816666666666666 0.4065 0.07983333333333334 0.42775 0.07966666666666666 0.5855 0.08333333333333333 0.71675 0.0825 0.7625 0.08466666666666667 0.8615 0.089 0.9535 0.08866666666666667 0.961 0.08516666666666667 0.967 0.033166666666666664 0.9795 0.015666666666666666 0.9885 0.0085 0.9875 0 0.99225 0 0.662 0.002 0.65875 0 0.6565 0 0.424 0.0018333333333333333 0.4235 0 0.42075 0 0.40575 0.0018333333333333333 0.40525 0.0018333333333333333 0.40025 0 0.39975 0 0.38 0.0018333333333333333 0.3795 0.0021666666666666666 0.37 0 0.3665 0 0.339 0.0018333333333333333 0.3385 0.002 0.33225 0 0.3305 0 0.112 0.0021666666666666666 0.11 0 0.10775 0 0.00225 0.0028333333333333335 0.00025
0 0.69 0 0.7248333333333333 0 0.7365 0.091 0.7356666666666667 0.09475 0.7315 0.09375 0.699 0.0495 0.6941666666666667 0.0395 0.69 0.00025
0 0.33916666666666667 0.11525 0.36716666666666664 0.1285 0.43683333333333335 0.17175 0.4841666666666667 0.20325 0.4875 0.21 0.5018333333333334 0.38675 0.5038333333333334 0.433 0.5093333333333333 0.486 0.5145 0.582 0.5225 0.64725 0.5238333333333334 0.69525 0.5278333333333334 0.7175 0.5301666666666667 0.7695 0.5355 0.81725 0.5328333333333334 0.82275 0.5088333333333334 0.8325 0.478 0.83925 0.45666666666666667 0.849 0.377 0.8685 0.37266666666666665 0.8455 0.36333333333333334 0.701 0.3631666666666667 0.671 0.35883333333333334 0.6405 0.35933333333333334 0.62225 0.3511666666666667 0.48775 0.35083333333333333 0.445 0.3455 0.37025 0.3436666666666667 0.2895 0.33816666666666667 0.19675 0.33666666666666667 0.126 0.339 0.11525
0 0.6815 0.33075 0.7273333333333334 0.359 0.7335 0.36625 0.7655 0.6645 0.7726666666666666 0.743 0.7716666666666666 0.75125 0.725 0.7665 0.7225 0.7655 0.7198333333333333 0.75175 0.7088333333333333 0.63 0.6998333333333333 0.55925 0.6968333333333333 0.51825 0.6915 0.4865 0.6921666666666667 0.4735 0.6776666666666666 0.3355 0.6785 0.33075 0.6813333333333333 0.33075
0 0.6621666666666667 0 0.6896666666666667 0 0.6931666666666667 0.02825 0.6926666666666667 0.03775 0.6891666666666667 0.0375 0.6666666666666666 0.009 0.6621666666666667 0.00025
0 0.706 0.066 0.7308333333333333 0.0955 0.7381666666666666 0.109 0.762 0.29875 0.7703333333333333 0.3755 0.769 0.38275 0.738 0.36325 0.7321666666666666 0.35575 0.7258333333333333 0.289 0.7001666666666667 0.078 0.7006666666666667 0.0625 0.703 0.06075 0.7058333333333333 0.066