0 0.5677083333333334 0.6440058479532164 0.5707236842105263 0.6653874269005848 0.5745614035087719 0.6745248538011696 0.596765350877193 0.7070540935672515 0.5984100877192983 0.70796783625731 0.6058114035087719 0.7072368421052632 0.7047697368421053 0.6597222222222222 0.7080592105263158 0.6573464912280702 0.7083333333333334 0.64546783625731 0.6959978070175439 0.5824195906432749 0.6891447368421053 0.5804093567251462 0.6781798245614035 0.5842470760233918 0.609375 0.6202485380116959 0.5701754385964912 0.6418128654970761
0 0.43832236842105265 0.7306286549707602 0.4375 0.7817982456140351 0.43914473684210525 0.7865497076023392 0.5616776315789473 0.7326388888888888 0.5646929824561403 0.7280701754385965 0.5646929824561403 0.7139985380116959 0.5616776315789473 0.6732456140350878 0.5572916666666666 0.6524122807017544 0.553453947368421 0.6511330409356725 0.5391995614035088 0.6575292397660819 0.49890350877192985 0.6787280701754386 0.44627192982456143 0.7088815789473685 0.44298245614035087 0.7118055555555556 0.43859649122807015 0.7196637426900585
0 0.3618421052631579 0.8031798245614035 0.36211622807017546 0.8179824561403509 0.36293859649122806 0.8196271929824561 0.3665021929824561 0.8210891812865497 0.42297149122807015 0.7951388888888888 0.4262609649122807 0.7925804093567251 0.4276315789473684 0.7865497076023392 0.42735745614035087 0.7404970760233918 0.4262609649122807 0.7196637426900585 0.4251644736842105 0.7176535087719298 0.3686951754385965 0.747624269005848 0.3656798245614035 0.7505482456140351 0.36403508771929827 0.7547514619883041
0 0.35773026315789475 0.8830409356725146 0.3574561403508772 0.9148391812865497 0.35910087719298245 0.9181286549707602 0.3612938596491228 0.9186769005847953 0.3659539473684211 0.9181286549707602 0.3807565789473684 0.9115497076023392 0.4081688596491228 0.8982090643274854 0.4262609649122807 0.8879751461988304 0.4276315789473684 0.8837719298245614 0.4276315789473684 0.8346125730994152 0.4251644736842105 0.8008040935672515 0.42160087719298245 0.8008040935672515 0.3659539473684211 0.8267543859649122 0.3626644736842105 0.8296783625730995 0.36101973684210525 0.8338815789473685
0 0.4375 0.7955043859649122 0.43667763157894735 0.8004385964912281 0.4388706140350877 0.8720760233918129 0.43914473684210525 0.8735380116959064 0.4465460526315789 0.8770102339181286 0.44956140350877194 0.8766447368421053 0.46408991228070173 0.8704312865497076 0.5197368421052632 0.8426535087719298 0.5471491228070176 0.8285818713450293 0.5704495614035088 0.8146929824561403 0.571546052631579 0.8046418128654971 0.5693530701754386 0.7633406432748538 0.5666118421052632 0.7379385964912281 0.5641447368421053 0.7315423976608187 0.45010964912280704 0.7852704678362573 0.4388706140350877 0.7923976608187134
0 0.5770285087719298 0.7278874269005848 0.5764802631578947 0.7342836257309941 0.5814144736842105 0.7867324561403509 0.584703947368421 0.797514619883041 0.5885416666666666 0.80171783625731 0.6085526315789473 0.7971491228070176 0.6869517543859649 0.7587719298245614 0.7214912280701754 0.7399488304093568 0.7225877192982456 0.7379385964912281 0.7225877192982456 0.7300804093567251 0.7206688596491229 0.7165570175438597 0.7127192982456141 0.6820175438596491 0.7080592105263158 0.6681286549707602 0.7064144736842105 0.6672149122807017 0.6883223684210527 0.6741593567251462 0.5951206140350878 0.7167397660818714 0.5822368421052632 0.7231359649122807
0 0.5879934210526315 0.8181652046783626 0.5879934210526315 0.850328947368421 0.5918311403508771 0.8956505847953217 0.5945723684210527 0.9192251461988304 0.5962171052631579 0.9236111111111112 0.5989583333333334 0.9252558479532164 0.6019736842105263 0.924890350877193 0.7286184210526315 0.8697002923976608 0.743421052631579 0.8629385964912281 0.7453399122807017 0.8609283625730995 0.7458881578947368 0.8550804093567251 0.7294407894736842 0.7638888888888888 0.7261513157894737 0.7527412280701754 0.721765350877193 0.75 0.7138157894736842 0.7512792397660819 0.703125 0.7558479532163743 0.6162280701754386 0.8002558479532164 0.5926535087719298 0.8141447368421053
0 0.43914473684210525 0.8965643274853801 0.44051535087719296 0.9884868421052632 0.4427083333333333 0.9925073099415205 0.4468201754385965 0.9919590643274854 0.5054824561403509 0.9671052631578947 0.5586622807017544 0.9437134502923976 0.5816885964912281 0.9323830409356725 0.5825109649122807 0.9252558479532164 0.5794956140350878 0.8901681286549707 0.5720942982456141 0.8280336257309941 0.5709978070175439 0.8269371345029239 0.5682565789473685 0.8258406432748538 0.5641447368421053 0.8260233918128655 0.4487390350877193 0.8828581871345029 0.4438048245614035 0.8861476608187134 0.44051535087719296 0.8903508771929824
0 0.3569078947368421 0.9349415204678363 0.3549890350877193 0.9998172514619883 0.42735745614035087 0.9998172514619883 0.42872807017543857 0.9742324561403509 0.4284539473684211 0.9106359649122807 0.4281798245614035 0.9042397660818714 0.4257127192982456 0.8974780701754386 0.42160087719298245 0.8972953216374269 0.3659539473684211 0.9245248538011696 0.35855263157894735 0.929093567251462
0 0.45614035087719296 0.9943347953216374 0.44901315789473684 0.998172514619883 0.44901315789473684 0.9998172514619883 0.5874451754385965 0.9998172514619883 0.587171052631579 0.9872076023391813 0.5819627192982456 0.9435307017543859 0.578125 0.9429824561403509 0.5677083333333334 0.9462719298245614 0.5189144736842105 0.9665570175438597
0 0.5964912280701754 0.9354897660818714 0.5948464912280702 0.9395102339181286 0.6014254385964912 0.9998172514619883 0.7006578947368421 0.9998172514619883 0.7584978070175439 0.9707602339181286 0.7658991228070176 0.9641812865497076 0.7480811403508771 0.875 0.7442434210526315 0.8722587719298246 0.7168311403508771 0.8824926900584795 0.6165021929824561 0.9237938596491229 0.6060855263157895 0.929093567251462
0 0.8314144736842105 0.9588815789473685 0.8009868421052632 0.998172514619883 0.8009868421052632 0.9998172514619883 0.8788377192982456 0.9998172514619883 0.8629385964912281 0.9342105263157895 0.859375 0.929093567251462 0.8558114035087719 0.9296418128654971 0.852796052631579 0.9322002923976608
0 0.8851425438596491 0.8903508771929824 0.8802083333333334 0.8974780701754386 0.8837719298245614 0.9148391812865497 0.90625 0.9998172514619883 0.9997258771929824 0.9998172514619883 0.9997258771929824 0.8961988304093568 0.9668311403508771 0.7986111111111112 0.9635416666666666 0.79203216374269 0.9594298245614035 0.7934941520467836 0.9487390350877193 0.8062865497076024
0 0.8368969298245614 0.7165570175438597 0.834703947368421 0.7203947368421053 0.8358004385964912 0.7277046783625731 0.8728070175438597 0.8715277777777778 0.8766447368421053 0.8810307017543859 0.8799342105263158 0.8799342105263158 0.8832236842105263 0.877375730994152 0.9572368421052632 0.7796052631578947 0.9564144736842105 0.7658991228070176 0.9479166666666666 0.7368421052631579 0.9147478070175439 0.6341374269005848 0.9078947368421053 0.620796783625731 0.9043311403508771 0.622624269005848 0.9002192982456141 0.6266447368421053
0 0.7538377192982456 0.835343567251462 0.7524671052631579 0.8382675438596491 0.7538377192982456 0.8495979532163743 0.7771381578947368 0.971125730994152 0.7828947368421053 0.9950657894736842 0.7867324561403509 0.9998172514619883 0.7935855263157895 0.9947002923976608 0.8075657894736842 0.9784356725146199 0.8558114035087719 0.9150219298245614 0.8536184210526315 0.8965643274853801 0.8363486842105263 0.820906432748538 0.8209978070175439 0.7578581871345029 0.8171600877192983 0.7501827485380117 0.8141447368421053 0.7496345029239766 0.8114035087719298 0.7520102339181286
0 0.7242324561403509 0.6829312865497076 0.7258771929824561 0.6991959064327485 0.7436951754385965 0.7902046783625731 0.7480811403508771 0.8097587719298246 0.7516447368421053 0.8192616959064327 0.7552083333333334 0.8176169590643275 0.8130482456140351 0.7381213450292398 0.8127741228070176 0.7302631578947368 0.8081140350877193 0.703764619883041 0.7828947368421053 0.5974049707602339 0.7793311403508771 0.5988669590643275 0.7689144736842105 0.6133040935672515 0.7272478070175439 0.6754385964912281
0 0.7993421052631579 0.5677997076023392 0.7982456140350878 0.5712719298245614 0.8001644736842105 0.5807748538011696 0.828125 0.6911549707602339 0.8314144736842105 0.7019371345029239 0.8349780701754386 0.7019371345029239 0.8662280701754386 0.6606359649122807 0.9037828947368421 0.6032529239766082 0.8878837719298246 0.5467836257309941 0.8648574561403509 0.47496345029239767 0.8626644736842105 0.47167397660818716 0.8591008771929824 0.4735014619883041
0 0.9273574561403509 0.5889985380116959 0.9268092105263158 0.5922880116959064 0.9385964912280702 0.6310307017543859 0.9736842105263158 0.7342836257309941 0.9772478070175439 0.7421418128654971 0.9799890350877193 0.7430555555555556 0.9841008771929824 0.7426900584795322 0.9876644736842105 0.7412280701754386 0.9997258771929824 0.7236842105263158 0.9997258771929824 0.4926900584795322 0.9947916666666666 0.4923245614035088 0.9876644736842105 0.5007309941520468 0.934484649122807 0.5769371345029239
0 0.8788377192982456 0.44371345029239767 0.8802083333333334 0.45303362573099415 0.9114583333333334 0.5467836257309941 0.9213267543859649 0.5720029239766082 0.9251644736842105 0.57328216374269 0.9997258771929824 0.4652777777777778 0.9997258771929824 0.4457236842105263 0.9695723684210527 0.37719298245614036 0.9668311403508771 0.3744517543859649 0.9503837719298246 0.36860380116959063 0.9320175438596491 0.364766081871345 0.9251644736842105 0.37225877192982454 0.9081688596491229 0.3972953216374269 0.8804824561403509 0.43914473684210525
0 0.7020285087719298 0.5535453216374269 0.7009320175438597 0.5570175438596491 0.7014802631578947 0.5652412280701754 0.7143640350877193 0.6337719298245614 0.7206688596491229 0.6659356725146199 0.721765350877193 0.6677631578947368 0.7236842105263158 0.6684941520467836 0.7280701754385965 0.6650219298245614 0.7620614035087719 0.612390350877193 0.778234649122807 0.5849780701754386 0.772203947368421 0.5466008771929824 0.7552083333333334 0.4758771929824561 0.7535635964912281 0.47423245614035087 0.7513706140350878 0.47423245614035087 0.7475328947368421 0.47953216374269003
0 0.6811951754385965 0.4449926900584795 0.680921052631579 0.4502923976608187 0.6957236842105263 0.5338084795321637 0.6979166666666666 0.539656432748538 0.7028508771929824 0.5407529239766082 0.7494517543859649 0.46363304093567254 0.7472587719298246 0.44608918128654973 0.7379385964912281 0.4016812865497076 0.7335526315789473 0.38358918128654973 0.7272478070175439 0.36878654970760233 0.7239583333333334 0.3717105263157895
0 0.6716008771929824 0.7404970760233918 0.6713267543859649 0.7430555555555556 0.6726973684210527 0.7447002923976608 0.6787280701754386 0.745796783625731 0.6828399122807017 0.7447002923976608 0.6754385964912281 0.7399488304093568
0 0.7711074561403509 0.4409722222222222 0.7683662280701754 0.44608918128654973 0.768640350877193 0.45321637426900585 0.7897478070175439 0.535453216374269 0.7933114035087719 0.5476973684210527 0.796875 0.5524488304093568 0.8004385964912281 0.5497076023391813 0.8105811403508771 0.5361842105263158 0.8585526315789473 0.4605263157894737 0.856359649122807 0.44590643274853803 0.8278508771929824 0.35471491228070173 0.8245614035087719 0.35581140350877194
0 0.7423245614035088 0.33826754385964913 0.7417763157894737 0.34210526315789475 0.7439692982456141 0.3528874269005848 0.765625 0.4367690058479532 0.7719298245614035 0.42872807017543857 0.8070175438596491 0.37280701754385964 0.8166118421052632 0.35581140350877194 0.8209978070175439 0.34539473684210525 0.8212719298245614 0.3347953216374269 0.8144188596491229 0.31012426900584794 0.8001644736842105 0.27540204678362573 0.7861842105263158 0.2732090643274854 0.7828947368421053 0.2744883040935672 0.772203947368421 0.2889254385964912
0 0.8453947368421053 0.31414473684210525 0.8415570175438597 0.33187134502923976 0.8591008771929824 0.38340643274853803 0.865953947368421 0.3916301169590643 0.890625 0.40862573099415206 0.9347587719298246 0.34502923976608185 0.9446271929824561 0.32803362573099415 0.9457236842105263 0.32108918128654973 0.9399671052631579 0.30372807017543857 0.9078947368421053 0.23026315789473684 0.9043311403508771 0.22971491228070176 0.8963815789473685 0.23812134502923976
0 0.9205043859649122 0.19937865497076024 0.9210526315789473 0.20632309941520469 0.9564144736842105 0.28764619883040937 0.9591557017543859 0.291483918128655 0.9632675438596491 0.29385964912280704 0.9720394736842105 0.28252923976608185 0.9997258771929824 0.24031432748538012 0.9997258771929824 0.09703947368421052 0.9958881578947368 0.08826754385964912 0.9912280701754386 0.08388157894736842 0.9512061403508771 0.1474780701754386
0 0.8793859649122807 0.10489766081871345 0.8796600877192983 0.10928362573099415 0.9147478070175439 0.19078947368421054 0.918859649122807 0.1876827485380117 0.9536732456140351 0.1301169590643275 0.981359649122807 0.08260233918128655 0.984375 0.07236842105263158 0.9810855263157895 0.0626827485380117 0.9564144736842105 0.015716374269005847 0.9459978070175439 0 0.9424342105263158 0 0.9317434210526315 0.014802631578947368
0 0.8078399122807017 0.22478070175438597 0.8083881578947368 0.23428362573099415 0.8231907894736842 0.27905701754385964 0.8349780701754386 0.31103801169590645 0.8382675438596491 0.31432748538011696 0.8418311403508771 0.3115862573099415 0.859375 0.28636695906432746 0.9015899122807017 0.21692251461988304 0.9015899122807017 0.21308479532163743 0.8974780701754386 0.19919590643274854 0.8730811403508771 0.14199561403508773 0.8662280701754386 0.13066520467836257 0.8626644736842105 0.1335891812865497
0 0.6666666666666666 0.3391812865497076 0.6633771929824561 0.34886695906432746 0.6647478070175439 0.36293859649122806 0.6770833333333334 0.42872807017543857 0.6787280701754386 0.4301900584795322 0.6822916666666666 0.4303728070175439 0.6891447368421053 0.42178362573099415 0.7195723684210527 0.36878654970760233 0.7256030701754386 0.35617690058479534 0.7247807017543859 0.34594298245614036 0.7108004385964912 0.28271198830409355 0.709703947368421 0.27923976608187134 0.7064144736842105 0.27631578947368424
0 0.7297149122807017 0.23391812865497075 0.721765350877193 0.24817251461988304 0.7225877192982456 0.26206140350877194 0.7269736842105263 0.28691520467836257 0.734375 0.30738304093567254 0.7480811403508771 0.31505847953216376 0.7516447368421053 0.31432748538011696 0.7779605263157895 0.27266081871345027 0.7850877192982456 0.25237573099415206 0.7864583333333334 0.22697368421052633 0.7793311403508771 0.19956140350877194 0.7689144736842105 0.16831140350877194 0.7650767543859649 0.17178362573099415
0 0.7823464912280702 0.14035087719298245 0.78125 0.1474780701754386 0.8031798245614035 0.2134502923976608 0.8037280701754386 0.2147295321637427 0.8070175438596491 0.21619152046783627 0.8569078947368421 0.13103070175438597 0.8615679824561403 0.12006578947368421 0.8601973684210527 0.11330409356725146 0.84375 0.0720029239766082 0.8349780701754386 0.05592105263157895 0.8316885964912281 0.054276315789473686 0.7853618421052632 0.13322368421052633
0 0.8462171052631579 0.023574561403508772 0.8451206140350878 0.03271198830409357 0.8462171052631579 0.0360014619883041 0.8695175438596491 0.089546783625731 0.8730811403508771 0.09557748538011696 0.8766447368421053 0.09576023391812866 0.9257127192982456 0.011878654970760233 0.9292763157894737 0.005299707602339181 0.9300986842105263 0 0.8599232456140351 0
0 0.756578947368421 0.0670687134502924 0.7557565789473685 0.0710891812865497 0.7584978070175439 0.08095760233918128 0.7754934210526315 0.13212719298245615 0.7765899122807017 0.1339546783625731 0.7793311403508771 0.13523391812865498 0.8289473684210527 0.04422514619883041 0.8283991228070176 0.0360014619883041 0.8138706140350878 0 0.7927631578947368 0
0 0.7017543859649122 0.16904239766081872 0.7003837719298246 0.17562134502923976 0.7151864035087719 0.2414108187134503 0.7168311403508771 0.24214181286549707 0.7247807017543859 0.23081140350877194 0.740953947368421 0.20266812865497075 0.7584978070175439 0.17105263157894737 0.7637061403508771 0.15807748538011696 0.7631578947368421 0.15076754385964913 0.7563048245614035 0.12627923976608188 0.7447916666666666 0.09283625730994152 0.7406798245614035 0.09649122807017543 0.7033991228070176 0.16392543859649122
0 0.6946271929824561 0.30646929824561403 0.6962719298245614 0.3128654970760234 0.706140350877193 0.31505847953216376 0.7143640350877193 0.31487573099415206 0.715734649122807 0.31414473684210525 0.7099780701754386 0.29385964912280704
0 0.6474780701754386 0.26169590643274854 0.6461074561403509 0.26900584795321636 0.647203947368421 0.28307748538011696 0.659265350877193 0.33516081871345027 0.6620065789473685 0.3389985380116959 0.6647478070175439 0.33826754385964913 0.6951754385964912 0.2958698830409357 0.7003837719298246 0.28654970760233917 0.7058662280701754 0.27266081871345027 0.7064144736842105 0.2684576023391813 0.7047697368421053 0.25639619883040937 0.6891447368421053 0.1966374269005848 0.6855811403508771 0.1964546783625731
0 0.6356907894736842 0.20303362573099415 0.6356907894736842 0.22094298245614036 0.6403508771929824 0.2410453216374269 0.6444627192982456 0.24360380116959066 0.6507675438596491 0.2450657894736842 0.6551535087719298 0.24269005847953215 0.6617324561403509 0.23391812865497075 0.6732456140350878 0.2138157894736842 0.6855811403508771 0.18804824561403508 0.6866776315789473 0.1822002923976608 0.6839364035087719 0.16867690058479531 0.6787280701754386 0.14839181286549707 0.6751644736842105 0.14455409356725146 0.6721491228070176 0.1476608187134503
0 0.6875 0.1204312865497076 0.6872258771929824 0.12335526315789473 0.6962719298245614 0.15679824561403508 0.6995614035087719 0.1613669590643275 0.7039473684210527 0.15771198830409358 0.7428728070175439 0.0849780701754386 0.7384868421052632 0.06633771929824561 0.7272478070175439 0.04148391812865497 0.7231359649122807 0.04550438596491228
0 0.7393092105263158 0.019919590643274854 0.7390350877192983 0.02284356725146199 0.7516447368421053 0.06323099415204679 0.7563048245614035 0.0577485380116959 0.765625 0.041666666666666664 0.7850877192982456 0.004751461988304093 0.7861842105263158 0 0.7497258771929824 0