0 0.8003333333333333 0.5167950693374422 0.807 0.5226502311248074 0.8226666666666667 0.5466872110939908 0.831 0.5639445300462249 0.8666666666666667 0.6209553158705701 0.9046666666666666 0.8838212634822804 0.907 0.9047765793528505 0.9043333333333333 0.9078582434514638 0.8546666666666667 0.8329738058551618 0.8526666666666667 0.8311248073959938 0.849 0.8317411402157164 0.835 0.8397534668721109 0.832 0.8351309707241911 0.8093333333333333 0.6375963020030817 0.8046666666666666 0.572573189522342 0.7993333333333333 0.5402157164869029 0.7983333333333333 0.5186440677966102 0.8 0.5167950693374422
0 0.9886666666666667 0.701386748844376 0.9996666666666667 0.7075500770416024 0.9996666666666667 0.7479198767334361 0.9946666666666667 0.746995377503852 0.9893333333333333 0.7340523882896764 0.9866666666666667 0.7081664098613251 0.9883333333333333 0.701386748844376
0 0.9563333333333334 0.6788906009244993 0.9793333333333333 0.6961479198767334 0.9876666666666667 0.7340523882896764 0.9876666666666667 0.7315870570107859 0.9843333333333333 0.7306625577812018 0.9766666666666667 0.7214175654853621 0.9653333333333334 0.7026194144838213 0.9563333333333334 0.6856702619414484 0.956 0.6791987673343606
0 0.381 0.29614791987673345 0.3453333333333333 0.5288135593220339 0.342 0.5340523882896764 0.33466666666666667 0.5318952234206471 0.33 0.5359013867488444 0.27266666666666667 0.5993836671802774 0.2693333333333333 0.5987673343605547 0.27 0.5910631741140215 0.312 0.376271186440678 0.31733333333333336 0.36640986132511555 0.355 0.3204930662557781 0.373 0.3007704160246533 0.38066666666666665 0.29614791987673345
0 0.9523333333333334 0.7645608628659476 0.9996666666666667 0.8409861325115563 0.9996666666666667 0.9944530046224962 0.9946666666666667 0.9975346687211094 0.9873333333333333 0.9956856702619414 0.96 0.8385208012326656 0.9593333333333334 0.824653312788906 0.9496666666666667 0.7805855161787365 0.9486666666666667 0.763944530046225 0.9496666666666667 0.7614791987673344 0.952 0.7645608628659476
0 0.10233333333333333 0.6298921417565485 0.104 0.6357473035439137 0.09733333333333333 0.6705701078582434 0.04466666666666667 0.8557781201848998 0.04066666666666666 0.8628659476117103 0.005 0.9026194144838212 0 0.9044684129429892 0 0.8684129429892141 0.0023333333333333335 0.8671802773497689 0.007333333333333333 0.8548536209553159 0.011333333333333334 0.8332819722650231 0.051666666666666666 0.7057010785824345 0.05533333333333333 0.6853620955315871 0.09166666666666666 0.638828967642527 0.102 0.6302003081664098
0 0.22033333333333333 0.48412942989214175 0.22566666666666665 0.48073959938366717 0.22733333333333333 0.4764252696456086 0.23066666666666666 0.475808936825886 0.231 0.4921417565485362 0.18433333333333332 0.698613251155624 0.13066666666666665 0.7617873651771957 0.11966666666666667 0.7719568567026194 0.11833333333333333 0.7688751926040062 0.13233333333333333 0.7069337442218798 0.163 0.598151001540832 0.17466666666666666 0.5466872110939908 0.184 0.5281972265023113 0.22033333333333333 0.48443759630200306
0 0.168 0.5534668721109399 0.15866666666666668 0.6015408320493066 0.13833333333333334 0.6721109399075501 0.13433333333333333 0.6930662557781202 0.129 0.7060092449922959 0.11233333333333333 0.7793528505392913 0.075 0.8243451463790447 0.06066666666666667 0.8394453004622496 0.05466666666666667 0.8425269645608628 0.05333333333333334 0.8385208012326656 0.056666666666666664 0.8215716486902928 0.06633333333333333 0.7839753466872111 0.092 0.6989214175654853 0.10066666666666667 0.6613251155624037 0.11133333333333334 0.6335901386748845 0.11433333333333333 0.6154083204930663 0.12633333333333333 0.5978428351309707 0.16066666666666668 0.5565485362095531 0.16766666666666666 0.5534668721109399
0 0.36966666666666664 0.7802773497688752 0.37133333333333335 0.7870570107858244 0.369 0.8144838212634823 0.3486666666666667 0.9750385208012327 0.3446666666666667 0.9922958397534669 0.3393333333333333 0.9963020030816641 0.2896666666666667 0.9966101694915255 0.2876666666666667 0.9996918335901387 0.234 0.9996918335901387 0.233 0.9953775038520801 0.25966666666666666 0.8480739599383668 0.2653333333333333 0.8412942989214176 0.2836666666666667 0.8280431432973806 0.28933333333333333 0.8265023112480739 0.31 0.810477657935285 0.331 0.8 0.3556666666666667 0.7830508474576271 0.36233333333333334 0.7799691833590139 0.36933333333333335 0.7802773497688752
0 0.3903333333333333 0.29244992295839756 0.3933333333333333 0.29707241910631743 0.418 0.31494607087827425 0.42766666666666664 0.31956856702619413 0.47333333333333333 0.3531587057010786 0.483 0.3577812018489985 0.49366666666666664 0.3697996918335901 0.492 0.4194144838212635 0.47433333333333333 0.6157164869029276 0.47 0.6160246533127889 0.45266666666666666 0.6058551617873652 0.36233333333333334 0.5482280431432974 0.352 0.5408320493066255 0.34933333333333333 0.536517719568567 0.34833333333333333 0.526040061633282 0.37 0.3975346687211094 0.38 0.3208012326656394 0.3863333333333333 0.29583975346687214 0.39 0.29275808936825887
0 0.249 0.8526964560862866 0.25066666666666665 0.8551617873651772 0.24933333333333332 0.8730354391371341 0.226 0.9996918335901387 0.19133333333333333 0.9996918335901387 0.18966666666666668 0.9975346687211094 0.17166666666666666 0.9959938366718027 0.15233333333333332 0.9972265023112481 0.15 0.9996918335901387 0.12866666666666668 0.9996918335901387 0.12933333333333333 0.9926040061633282 0.143 0.9297380585516178 0.15 0.9137134052388289 0.22933333333333333 0.862557781201849 0.24866666666666667 0.8526964560862866
0 0.6376666666666667 0.6015408320493066 0.6406666666666667 0.6221879815100154 0.6456666666666667 0.9423728813559322 0.6406666666666667 0.9469953775038521 0.5536666666666666 0.9953775038520801 0.5443333333333333 0.9978428351309707 0.544 0.9996918335901387 0.5333333333333333 0.9996918335901387 0.5293333333333333 0.9966101694915255 0.49633333333333335 0.9947611710323575 0.491 0.9916795069337442 0.49866666666666665 0.8585516178736518 0.5016666666666667 0.8489984591679507 0.49933333333333335 0.8422187981510015 0.501 0.8144838212634823 0.5026666666666667 0.7993836671802773 0.505 0.7938366718027735 0.5073333333333333 0.7932203389830509 0.505 0.7916795069337442 0.5043333333333333 0.775346687211094 0.5083333333333333 0.7362095531587057 0.5123333333333333 0.7457627118644068 0.523 0.7482280431432974 0.5256666666666666 0.7599383667180277 0.5293333333333333 0.7559322033898305 0.5326666666666666 0.7571648690292758 0.5363333333333333 0.7513097072419106 0.5376666666666666 0.7559322033898305 0.5433333333333333 0.7562403697996918 0.5506666666666666 0.763944530046225 0.5503333333333333 0.7682588597842835 0.5436666666666666 0.7722650231124807 0.5303333333333333 0.7701078582434515 0.5256666666666666 0.7670261941448382 0.5233333333333333 0.7722650231124807 0.529 0.7759630200308166 0.5256666666666666 0.7768875192604006 0.5226666666666666 0.786748844375963 0.528 0.786748844375963 0.536 0.7821263482280432 0.5473333333333333 0.7799691833590139 0.5523333333333333 0.7750385208012327 0.571 0.7697996918335901 0.5853333333333334 0.7630200308166409 0.5863333333333334 0.7244992295839754 0.5666666666666667 0.7029275808936826 0.568 0.6576271186440678 0.5606666666666666 0.6582434514637905 0.56 0.6545454545454545 0.5813333333333334 0.636979969183359 0.6373333333333333 0.6015408320493066
0 0.05 0.6918335901386748 0.031 0.7688751926040062 0.027666666666666666 0.7725731895223421 0.02 0.8033898305084746 0.005666666666666667 0.8412942989214176 0.008 0.8520801232665639 0.005 0.8542372881355932 0.0033333333333333335 0.8526964560862866 0.0016666666666666668 0.8453004622496147 0.004333333333333333 0.8385208012326656 0 0.8354391371340524 0 0.7583975346687211 0.002 0.7571648690292758 0.0033333333333333335 0.7482280431432974 0.011666666666666667 0.7362095531587057 0.04633333333333333 0.6927580893682589 0.049666666666666665 0.6921417565485362
0 0.505 0.3682588597842835 0.509 0.3697996918335901 0.5156666666666667 0.3781201848998459 0.5263333333333333 0.3827426810477658 0.53 0.38705701078582433 0.5466666666666666 0.39691833590138675 0.557 0.4080123266563945 0.5673333333333334 0.41140215716486905 0.5723333333333334 0.4184899845916795 0.5916666666666667 0.42865947611710326 0.6 0.437904468412943 0.6026666666666667 0.44591679506933746 0.603 0.4588597842835131 0.601 0.5571648690292758 0.498 0.6274268104776579 0.49166666666666664 0.6286594761171033 0.4826666666666667 0.6231124807395994 0.485 0.5550077041602466 0.49733333333333335 0.40030816640986133 0.5 0.3768875192604006 0.5046666666666667 0.36856702619414483
0 0.88 0.6453004622496148 0.9186666666666666 0.7069337442218798 0.9373333333333334 0.7411402157164869 0.941 0.7725731895223421 0.974 0.9602465331278891 0.9773333333333334 0.9852080123266564 0.976 0.9944530046224962 0.971 0.9963020030816641 0.9616666666666667 0.9947611710323575 0.9173333333333333 0.9254237288135593 0.8876666666666667 0.7134052388289677 0.8796666666666667 0.6696456086286595 0.8796666666666667 0.6456086286594761
0 0.2723333333333333 0.4206471494607088 0.2876666666666667 0.4012326656394453 0.30033333333333334 0.3913713405238829 0.30266666666666664 0.4012326656394453 0.2876666666666667 0.4875192604006163 0.267 0.5815100154083205 0.264 0.6058551617873652 0.252 0.626502311248074 0.23766666666666666 0.6391371340523883 0.19466666666666665 0.6896764252696456 0.19133333333333333 0.6912172573189522 0.18966666666666668 0.689060092449923 0.241 0.46348228043143297 0.24833333333333332 0.44992295839753466 0.2723333333333333 0.4209553158705701
0 0.7863333333333333 0.5050847457627119 0.7896666666666666 0.5050847457627119 0.7903333333333333 0.522342064714946 0.794 0.5257318952234207 0.7966666666666666 0.5417565485362096 0.7963333333333333 0.5540832049306625 0.811 0.6853620955315871 0.811 0.7041602465331279 0.828 0.8348228043143298 0.8266666666666667 0.8431432973805855 0.668 0.9322033898305084 0.658 0.9362095531587057 0.6546666666666666 0.9352850539291218 0.6516666666666666 0.8576271186440678 0.658 0.8486902927580894 0.652 0.8400616332819723 0.6473333333333333 0.6274268104776579 0.6483333333333333 0.5987673343605547 0.6513333333333333 0.5916795069337443 0.7863333333333333 0.5053929121725732
0 0.611 0.4400616332819723 0.6473333333333333 0.46687211093990755 0.647 0.4702619414483821 0.6506666666666666 0.4702619414483821 0.6693333333333333 0.4884437596302003 0.681 0.4958397534668721 0.6833333333333333 0.5001540832049307 0.6096666666666667 0.5519260400616333 0.6063333333333333 0.5494607087827427 0.6056666666666667 0.4859784283513097 0.607 0.4422187981510015 0.6086666666666667 0.4391371340523883 0.6106666666666667 0.4400616332819723
0 0.49533333333333335 0.6958397534668721 0.498 0.6979969183359014 0.5016666666666667 0.7106317411402158 0.488 0.9362095531587057 0.4816666666666667 0.9947611710323575 0.453 0.9950693374422188 0.44966666666666666 0.9969183359013868 0.44266666666666665 0.9950693374422188 0.43866666666666665 0.9996918335901387 0.41233333333333333 0.9996918335901387 0.412 0.9978428351309707 0.405 0.9963020030816641 0.39966666666666667 0.9969183359013868 0.3973333333333333 0.9996918335901387 0.36733333333333335 0.9996918335901387 0.36566666666666664 0.9972265023112481 0.359 0.9975346687211094 0.35233333333333333 0.9944530046224962 0.377 0.7781201848998459 0.37933333333333336 0.7713405238828968 0.3873333333333333 0.7630200308166409 0.3973333333333333 0.7571648690292758 0.4043333333333333 0.7559322033898305 0.4146666666666667 0.7448382126348227 0.4256666666666667 0.7402157164869029 0.436 0.7309707241910631 0.44766666666666666 0.7254237288135593 0.453 0.7204930662557781 0.459 0.7189522342064715 0.4633333333333333 0.7130970724191064 0.47733333333333333 0.7057010785824345 0.4826666666666667 0.7050847457627119 0.49133333333333334 0.6961479198767334 0.495 0.6958397534668721
0 0.491 0.9661016949152542 0.49033333333333334 0.9839753466872111 0.493 0.9919876733436055 0.5283333333333333 0.9996918335901387 0.5463333333333333 0.9996918335901387 0.6363333333333333 0.9494607087827427 0.646 0.9426810477657935 0.639 0.639753466872111 0.6383333333333333 0.6261941448382127 0.637 0.624653312788906 0.6333333333333333 0.6237288135593221 0.623 0.6255778120184899 0.513 0.6930662557781202 0.5106666666666667 0.6961479198767334 0.504 0.750693374422188
0 0.137 0.9220338983050848 0.13933333333333334 0.9266563944530046 0.13433333333333333 0.9537750385208013 0.127 0.9861325115562404 0.12066666666666667 0.9996918335901387 0.038 0.9996918335901387 0.038 0.9947611710323575 0.044 0.9802773497688752 0.05 0.9787365177195686 0.13666666666666666 0.9223420647149461