0 0.984 0.7987987987987988 0.986 0.8018018018018018 0.994 0.8018018018018018 0.998 0.8048048048048048 0.998 0.8948948948948949 0.996 0.8918918918918919 0.986 0.8888888888888888 0.982 0.8798798798798799 0.98 0.8138138138138138 0.978 0.8108108108108109 0.978 0.8018018018018018 0.982 0.7987987987987988
0 0.198 0.948948948948949 0.2 0.9519519519519519 0.198 0.993993993993994 0.192 0.993993993993994 0.19 0.996996996996997 0.148 0.996996996996997 0.146 0.993993993993994 0.148 0.990990990990991 0.148 0.9669669669669669 0.15 0.960960960960961 0.154 0.9579579579579579 0.168 0.9579579579579579 0.17 0.954954954954955 0.178 0.954954954954955 0.18 0.9519519519519519 0.196 0.948948948948949
0 0.148 0.9219219219219219 0.148 0.9459459459459459 0.146 0.9519519519519519 0.136 0.954954954954955 0.122 0.963963963963964 0.102 0.963963963963964 0.1 0.960960960960961 0.102 0.933933933933934 0.108 0.9279279279279279 0.114 0.9279279279279279 0.116 0.924924924924925 0.128 0.924924924924925 0.13 0.9219219219219219 0.14 0.9219219219219219 0.142 0.918918918918919 0.146 0.9219219219219219
0 0.77 0.7357357357357357 0.772 0.7387387387387387 0.782 0.7387387387387387 0.79 0.7447447447447447 0.796 0.7447447447447447 0.804 0.7507507507507507 0.804 0.7597597597597597 0.806 0.7627627627627628 0.806 0.8408408408408409 0.788 0.8408408408408409 0.786 0.8378378378378378 0.778 0.8378378378378378 0.776 0.8348348348348348 0.766 0.8348348348348348 0.76 0.8288288288288288 0.758 0.8138138138138138 0.756 0.8108108108108109 0.756 0.7387387387387387 0.758 0.7357357357357357 0.768 0.7357357357357357
0 0.778 0.6666666666666666 0.78 0.6696696696696697 0.792 0.6726726726726727 0.8 0.6786786786786787 0.802 0.6846846846846847 0.802 0.7237237237237237 0.804 0.7297297297297297 0.8 0.7387387387387387 0.78 0.7327327327327328 0.778 0.7297297297297297 0.762 0.7267267267267268 0.754 0.7207207207207207 0.754 0.7057057057057057 0.752 0.7027027027027027 0.752 0.6636636636636637 0.754 0.6606606606606606 0.76 0.6606606606606606 0.762 0.6636636636636637 0.776 0.6666666666666666
0 0.256 0.933933933933934 0.258 0.9369369369369369 0.256 0.990990990990991 0.254 0.993993993993994 0.236 0.993993993993994 0.234 0.996996996996997 0.232 0.993993993993994 0.202 0.993993993993994 0.204 0.987987987987988 0.204 0.9579579579579579 0.206 0.954954954954955 0.206 0.948948948948949 0.222 0.93993993993994 0.242 0.9369369369369369 0.244 0.933933933933934 0.254 0.933933933933934
0 0.584 0.5855855855855856 0.586 0.5885885885885885 0.6 0.5915915915915916 0.614 0.6006006006006006 0.62 0.6006006006006006 0.632 0.6096096096096096 0.632 0.6156156156156156 0.634 0.6186186186186187 0.634 0.6276276276276276 0.632 0.6306306306306306 0.632 0.6576576576576577 0.634 0.6606606606606606 0.634 0.6696696696696697 0.632 0.6726726726726727 0.626 0.6726726726726727 0.624 0.6696696696696697 0.594 0.6606606606606606 0.584 0.6546546546546547 0.58 0.6486486486486487 0.58 0.5945945945945946 0.582 0.5885885885885885
0 0.524 0.6336336336336337 0.536 0.6366366366366366 0.552 0.6456456456456456 0.558 0.6456456456456456 0.568 0.6546546546546547 0.572 0.6546546546546547 0.574 0.6576576576576577 0.574 0.7027027027027027 0.576 0.7057057057057057 0.574 0.7117117117117117 0.574 0.8318318318318318 0.57 0.8348348348348348 0.562 0.8288288288288288 0.556 0.8288288288288288 0.554 0.8258258258258259 0.548 0.8258258258258259 0.54 0.8198198198198198 0.534 0.8198198198198198 0.532 0.8168168168168168 0.522 0.8138138138138138 0.518 0.8078078078078078 0.518 0.7957957957957958 0.52 0.7927927927927928 0.518 0.7897897897897898 0.52 0.7867867867867868 0.52 0.7357357357357357 0.522 0.7327327327327328 0.522 0.7267267267267268 0.52 0.7237237237237237 0.52 0.6786786786786787 0.522 0.6756756756756757 0.522 0.6396396396396397 0.524 0.6366366366366366
0 0.472 0.8888888888888888 0.474 0.8918918918918919 0.488 0.8948948948948949 0.496 0.9009009009009009 0.504 0.9009009009009009 0.512 0.9099099099099099 0.512 0.990990990990991 0.508 0.996996996996997 0.452 0.996996996996997 0.45 0.993993993993994 0.45 0.9159159159159159 0.452 0.9129129129129129 0.452 0.8888888888888888 0.454 0.8858858858858859 0.464 0.8858858858858859 0.466 0.8888888888888888 0.47 0.8888888888888888
0 0.738 0.8258258258258259 0.74 0.8288288288288288 0.746 0.8288288288288288 0.75 0.8348348348348348 0.75 0.8528528528528528 0.748 0.8558558558558559 0.748 0.8648648648648649 0.75 0.8678678678678678 0.748 0.8738738738738738 0.75 0.8978978978978979 0.728 0.8948948948948949 0.726 0.8918918918918919 0.704 0.8858858858858859 0.7 0.8768768768768769 0.7 0.8168168168168168 0.702 0.8138138138138138 0.706 0.8168168168168168 0.714 0.8168168168168168 0.716 0.8198198198198198 0.728 0.8198198198198198 0.732 0.8258258258258259 0.736 0.8258258258258259
0 0.46 0.6036036036036037 0.468 0.6036036036036037 0.47 0.6066066066066066 0.476 0.6066066066066066 0.484 0.6126126126126126 0.496 0.6156156156156156 0.506 0.6246246246246246 0.514 0.6276276276276276 0.516 0.6336336336336337 0.516 0.6546546546546547 0.514 0.6576576576576577 0.516 0.6636636636636637 0.516 0.6786786786786787 0.514 0.6816816816816816 0.514 0.7087087087087087 0.516 0.7117117117117117 0.514 0.7147147147147147 0.514 0.7987987987987988 0.51 0.8108108108108109 0.506 0.8108108108108109 0.486 0.7987987987987988 0.48 0.7987987987987988 0.474 0.7927927927927928 0.47 0.7927927927927928 0.456 0.7837837837837838 0.456 0.6936936936936937 0.458 0.6906906906906907 0.458 0.6846846846846847 0.456 0.6816816816816816 0.458 0.6786786786786787 0.458 0.6126126126126126 0.46 0.6066066066066066
0 0.208 0.9039039039039038 0.222 0.9009009009009009 0.224 0.8978978978978979 0.234 0.8978978978978979 0.244 0.8918918918918919 0.258 0.8918918918918919 0.26 0.8948948948948949 0.26 0.9129129129129129 0.258 0.9159159159159159 0.258 0.9219219219219219 0.248 0.9279279279279279 0.238 0.9279279279279279 0.236 0.9309309309309309 0.226 0.9309309309309309 0.224 0.933933933933934 0.208 0.933933933933934 0.208 0.9069069069069069
0 0.758 0.8378378378378378 0.784 0.8408408408408409 0.786 0.8438438438438438 0.8 0.8438438438438438 0.806 0.8498498498498499 0.806 0.8648648648648649 0.808 0.8678678678678678 0.806 0.8708708708708709 0.806 0.9009009009009009 0.808 0.9039039039039038 0.806 0.9069069069069069 0.806 0.9159159159159159 0.796 0.9159159159159159 0.794 0.9129129129129129 0.784 0.9129129129129129 0.782 0.9099099099099099 0.772 0.9099099099099099 0.77 0.9069069069069069 0.766 0.9069069069069069 0.76 0.9009009009009009 0.76 0.8948948948948949 0.758 0.8918918918918919 0.758 0.8408408408408409
0 0.986 0.7657657657657657 0.028 0.07207207207207207
0 0.396 0.5495495495495496 0.396 0.5645645645645646 0.394 0.5675675675675675 0.394 0.6066066066066066 0.388 0.6156156156156156 0.374 0.6186186186186187 0.372 0.6216216216216216 0.366 0.6216216216216216 0.356 0.6276276276276276 0.348 0.6276276276276276 0.346 0.6306306306306306 0.342 0.6306306306306306 0.34 0.6276276276276276 0.34 0.5915915915915916 0.342 0.5885885885885885 0.34 0.5825825825825826 0.342 0.5795795795795796 0.342 0.5705705705705706 0.35 0.5645645645645646 0.362 0.5615615615615616 0.37 0.5555555555555556 0.376 0.5555555555555556 0.384 0.5495495495495496 0.394 0.5495495495495496
0 0.64 0.6906906906906907 0.646 0.6876876876876877 0.662 0.6966966966966966 0.67 0.6966966966966966 0.676 0.7027027027027027 0.684 0.7027027027027027 0.692 0.7117117117117117 0.692 0.7837837837837838 0.694 0.7867867867867868 0.692 0.7897897897897898 0.692 0.8768768768768769 0.682 0.8768768768768769 0.68 0.8738738738738738 0.672 0.8738738738738738 0.67 0.8708708708708709 0.656 0.8678678678678678 0.648 0.8618618618618619 0.642 0.8618618618618619 0.64 0.8558558558558559 0.64 0.6936936936936937
0 0.598 0.6666666666666666 0.6 0.6696696696696697 0.606 0.6696696696696697 0.608 0.6726726726726727 0.63 0.6816816816816816 0.634 0.6876876876876877 0.634 0.6936936936936937 0.632 0.6966966966966966 0.632 0.7027027027027027 0.634 0.7057057057057057 0.634 0.7297297297297297 0.632 0.7327327327327328 0.634 0.7387387387387387 0.632 0.7417417417417418 0.632 0.7837837837837838 0.634 0.7867867867867868 0.634 0.8078078078078078 0.636 0.8108108108108109 0.636 0.8168168168168168 0.634 0.8198198198198198 0.634 0.8348348348348348 0.636 0.8378378378378378 0.634 0.8408408408408409 0.634 0.8528528528528528 0.632 0.8558558558558559 0.622 0.8558558558558559 0.62 0.8528528528528528 0.614 0.8528528528528528 0.604 0.8468468468468469 0.596 0.8468468468468469 0.594 0.8438438438438438 0.584 0.8408408408408409 0.58 0.8348348348348348 0.58 0.7687687687687688 0.582 0.7657657657657657 0.582 0.7507507507507507 0.58 0.7477477477477478 0.58 0.6936936936936937 0.582 0.6906906906906907 0.582 0.6666666666666666 0.584 0.6636636636636637 0.588 0.6666666666666666 0.596 0.6666666666666666
0 0.142 0.960960960960961 0.144 0.963963963963964 0.144 0.996996996996997 0.096 0.996996996996997 0.096 0.9819819819819819 0.102 0.96996996996997 0.106 0.96996996996997 0.108 0.9669669669669669 0.126 0.9669669669669669 0.128 0.963963963963964 0.136 0.963963963963964 0.14 0.960960960960961
0 0.708 0.6396396396396397 0.71 0.6426426426426426 0.718 0.6426426426426426 0.72 0.6456456456456456 0.734 0.6486486486486487 0.744 0.6606606606606606 0.744 0.6666666666666666 0.746 0.6696696696696697 0.746 0.7147147147147147 0.728 0.7147147147147147 0.72 0.7087087087087087 0.704 0.7057057057057057 0.698 0.6996996996996997 0.696 0.6936936936936937 0.696 0.6396396396396397 0.698 0.6366366366366366 0.706 0.6396396396396397
0 0.993 0.933933933933934 0.014 0.07207207207207207
0 0.918 0.7177177177177178 0.936 0.7177177177177178 0.938 0.7207207207207207 0.948 0.7207207207207207 0.95 0.7237237237237237 0.964 0.7267267267267268 0.966 0.7297297297297297 0.966 0.7507507507507507 0.968 0.7537537537537538 0.968 0.7717717717717718 0.97 0.7747747747747747 0.97 0.7837837837837838 0.968 0.7867867867867868 0.956 0.7867867867867868 0.954 0.7837837837837838 0.944 0.7837837837837838 0.942 0.7807807807807807 0.924 0.7777777777777778 0.92 0.7687687687687688 0.918 0.7207207207207207
0 0 0.7627627627627628 0 0.7027027027027027 0.002 0.6996996996996997 0.02 0.6966966966966966 0.022 0.6936936936936937 0.032 0.6936936936936937 0.032 0.7177177177177178 0.03 0.7207207207207207 0.028 0.7417417417417418 0.022 0.7537537537537538 0.012 0.7567567567567568 0.01 0.7597597597597597 0.004 0.7597597597597597 0.002 0.7627627627627628
0 0.828 0.6846846846846847 0.83 0.6876876876876877 0.84 0.6876876876876877 0.842 0.6906906906906907 0.852 0.6936936936936937 0.858 0.6996996996996997 0.858 0.7537537537537538 0.854 0.7567567567567568 0.836 0.7537537537537538 0.834 0.7507507507507507 0.826 0.7507507507507507 0.824 0.7477477477477478 0.816 0.7477477477477478 0.812 0.7447447447447447 0.81 0.7387387387387387 0.81 0.7027027027027027 0.808 0.6996996996996997 0.808 0.6846846846846847 0.81 0.6816816816816816 0.82 0.6816816816816816 0.822 0.6846846846846847 0.826 0.6846846846846847
0 0.092 0.975975975975976 0.092 0.993993993993994 0.09 0.996996996996997 0.048 0.996996996996997 0.046 0.993993993993994 0.05 0.984984984984985 0.068 0.9819819819819819 0.07 0.978978978978979 0.078 0.978978978978979 0.08 0.975975975975976 0.09 0.975975975975976
0 0.066 0.7447447447447447 0.068 0.7477477477477478 0.068 0.7627627627627628 0.066 0.7657657657657657 0.064 0.8018018018018018 0.062 0.8048048048048048 0.062 0.8168168168168168 0.06 0.8198198198198198 0.06 0.8318318318318318 0.058 0.8348348348348348 0.058 0.8588588588588588 0.056 0.8618618618618619 0.056 0.8738738738738738 0.054 0.8768768768768769 0.054 0.8948948948948949 0.046 0.9009009009009009 0.03 0.9039039039039038 0.028 0.9069069069069069 0.02 0.9069069069069069 0.018 0.9099099099099099 0.014 0.9099099099099099 0.012 0.9039039039039038 0.014 0.9009009009009009 0.016 0.8738738738738738 0.018 0.8708708708708709 0.02 0.8318318318318318 0.022 0.8288288288288288 0.022 0.8168168168168168 0.026 0.8048048048048048 0.03 0.7627627627627628 0.034 0.7567567567567568 0.054 0.7507507507507507 0.064 0.7447447447447447
0 0.64 0.6156156156156156 0.662 0.6186186186186187 0.664 0.6216216216216216 0.68 0.6276276276276276 0.69 0.6366366366366366 0.69 0.6936936936936937 0.688 0.6966966966966966 0.684 0.6966966966966966 0.682 0.6936936936936937 0.66 0.6876876876876877 0.654 0.6816816816816816 0.642 0.6786786786786787 0.64 0.6756756756756757 0.64 0.6696696696696697 0.638 0.6666666666666666 0.638 0.6216216216216216 0.64 0.6186186186186187
0 0.968 0.8918918918918919 0.97 0.8948948948948949 0.974 0.8948948948948949 0.978 0.9009009009009009 0.976 0.9129129129129129 0.978 0.9159159159159159 0.978 0.9519519519519519 0.98 0.954954954954955 0.98 0.960960960960961 0.96 0.960960960960961 0.958 0.9579579579579579 0.948 0.9579579579579579 0.946 0.954954954954955 0.938 0.954954954954955 0.934 0.9519519519519519 0.934 0.9279279279279279 0.932 0.924924924924925 0.93 0.8888888888888888 0.932 0.8858858858858859 0.938 0.8858858858858859 0.94 0.8888888888888888 0.966 0.8918918918918919
0 0.32 0.996996996996997 0.32 0.984984984984985 0.322 0.9819819819819819 0.322 0.93993993993994 0.324 0.9369369369369369 0.324 0.9159159159159159 0.334 0.9099099099099099 0.344 0.9099099099099099 0.346 0.9069069069069069 0.356 0.9069069069069069 0.358 0.9039039039039038 0.368 0.9039039039039038 0.37 0.9009009009009009 0.38 0.9009009009009009 0.382 0.9039039039039038 0.38 0.996996996996997 0.322 0.996996996996997
0 0.704 0.7117117117117117 0.706 0.7147147147147147 0.714 0.7147147147147147 0.722 0.7207207207207207 0.738 0.7237237237237237 0.748 0.7297297297297297 0.748 0.7417417417417418 0.75 0.7447447447447447 0.75 0.8228228228228228 0.746 0.8258258258258259 0.744 0.8228228228228228 0.734 0.8228228228228228 0.728 0.8168168168168168 0.716 0.8168168168168168 0.702 0.8078078078078078 0.698 0.7957957957957958 0.7 0.7927927927927928 0.7 0.7747747747747747 0.698 0.7717717717717718 0.698 0.7147147147147147 0.702 0.7117117117117117
0 0.642 0.9579579579579579 0.658 0.9579579579579579 0.668 0.963963963963964 0.676 0.963963963963964 0.678 0.9669669669669669 0.692 0.96996996996997 0.698 0.975975975975976 0.698 0.996996996996997 0.664 0.996996996996997 0.662 0.993993993993994 0.658 0.993993993993994 0.656 0.996996996996997 0.654 0.993993993993994 0.65 0.996996996996997 0.646 0.993993993993994 0.644 0.996996996996997 0.642 0.993993993993994 0.642 0.960960960960961
0 0.272 0.6666666666666666 0.274 0.6696696696696697 0.274 0.6816816816816816 0.272 0.6846846846846847 0.272 0.7447447447447447 0.27 0.7477477477477478 0.27 0.7717717717717718 0.268 0.7747747747747747 0.268 0.7897897897897898 0.266 0.7927927927927928 0.266 0.8318318318318318 0.264 0.8378378378378378 0.258 0.8438438438438438 0.242 0.8468468468468469 0.24 0.8498498498498499 0.23 0.8498498498498499 0.228 0.8528528528528528 0.216 0.8528528528528528 0.214 0.8498498498498499 0.214 0.8378378378378378 0.216 0.8348348348348348 0.218 0.7747747747747747 0.22 0.7717717717717718 0.222 0.7177177177177178 0.224 0.7147147147147147 0.226 0.6846846846846847 0.246 0.6786786786786787 0.262 0.6696696696696697 0.27 0.6696696696696697
0 0.526 0.5555555555555556 0.528 0.5585585585585585 0.542 0.5615615615615616 0.544 0.5645645645645646 0.572 0.5765765765765766 0.576 0.5825825825825826 0.576 0.6366366366366366 0.574 0.6426426426426426 0.56 0.6426426426426426 0.522 0.6216216216216216 0.522 0.5615615615615616 0.524 0.5585585585585585
0 0.4 0.6186186186186187 0.41 0.6156156156156156 0.412 0.6126126126126126 0.42 0.6126126126126126 0.422 0.6096096096096096 0.436 0.6066066066066066 0.438 0.6036036036036037 0.444 0.6036036036036037 0.446 0.6006006006006006 0.452 0.6006006006006006 0.454 0.6036036036036037 0.452 0.7177177177177178 0.45 0.7207207207207207 0.45 0.7807807807807807 0.446 0.7867867867867868 0.44 0.7867867867867868 0.438 0.7897897897897898 0.42 0.7927927927927928 0.41 0.7987987987987988 0.394 0.7987987987987988 0.394 0.7147147147147147 0.396 0.7117117117117117 0.396 0.6666666666666666 0.398 0.6636636636636637 0.398 0.6246246246246246 0.4 0.6216216216216216
0 0.704 0.975975975975976 0.726 0.978978978978979 0.736 0.984984984984985 0.754 0.987987987987988 0.758 0.993993993993994 0.758 0.996996996996997 0.704 0.996996996996997 0.704 0.978978978978979
0 0.16 0.8678678678678678 0.16 0.8438438438438438 0.162 0.8408408408408409 0.162 0.8198198198198198 0.164 0.8168168168168168 0.164 0.7957957957957958 0.166 0.7927927927927928 0.166 0.7747747747747747 0.168 0.7717717717717718 0.168 0.7507507507507507 0.17 0.7477477477477478 0.172 0.7087087087087087 0.176 0.7027027027027027 0.19 0.6996996996996997 0.192 0.6966966966966966 0.198 0.6966966966966966 0.208 0.6906906906906907 0.218 0.6906906906906907 0.218 0.7117117117117117 0.216 0.7147147147147147 0.216 0.7567567567567568 0.214 0.7597597597597597 0.214 0.7747747747747747 0.212 0.7777777777777778 0.212 0.8048048048048048 0.21 0.8078078078078078 0.21 0.8408408408408409 0.208 0.8438438438438438 0.208 0.8528528528528528 0.202 0.8588588588588588 0.196 0.8588588588588588 0.188 0.8648648648648649 0.162 0.8678678678678678
0 0.462 0.5225225225225225 0.466 0.5225225225225225 0.486 0.5345345345345346 0.492 0.5345345345345346 0.516 0.5525525525525525 0.516 0.6096096096096096 0.514 0.6156156156156156 0.506 0.6156156156156156 0.494 0.6066066066066066 0.49 0.6066066066066066 0.482 0.6006006006006006 0.476 0.6006006006006006 0.46 0.5885885885885885 0.46 0.5315315315315315 0.462 0.5255255255255256
0 0.32 0.8768768768768769 0.32 0.9039039039039038 0.318 0.9069069069069069 0.314 0.9099099099099099 0.306 0.9099099099099099 0.304 0.9129129129129129 0.282 0.9159159159159159 0.28 0.918918918918919 0.264 0.918918918918919 0.266 0.8888888888888888 0.27 0.8858858858858859 0.28 0.8858858858858859 0.282 0.8828828828828829 0.302 0.8798798798798799 0.304 0.8768768768768769 0.318 0.8768768768768769
0 0.174 0.6846846846846847 0.176 0.6816816816816816 0.176 0.6576576576576577 0.178 0.6546546546546547 0.178 0.6366366366366366 0.18 0.6336336336336337 0.184 0.6336336336336337 0.192 0.6276276276276276 0.198 0.6276276276276276 0.206 0.6216216216216216 0.212 0.6216216216216216 0.214 0.6186186186186187 0.224 0.6186186186186187 0.226 0.6216216216216216 0.224 0.6246246246246246 0.224 0.6486486486486487 0.222 0.6516516516516516 0.222 0.6666666666666666 0.22 0.6696696696696697 0.22 0.6756756756756757 0.21 0.6786786786786787 0.208 0.6816816816816816 0.202 0.6816816816816816 0.2 0.6846846846846847 0.194 0.6846846846846847 0.178 0.6936936936936937 0.176 0.6876876876876877
0 0.596 0.9369369369369369 0.598 0.93993993993994 0.606 0.93993993993994 0.614 0.9459459459459459 0.622 0.9459459459459459 0.624 0.948948948948949 0.634 0.9519519519519519 0.638 0.960960960960961 0.638 0.996996996996997 0.58 0.996996996996997 0.58 0.9369369369369369 0.582 0.933933933933934 0.594 0.9369369369369369
0 0.524 0.9099099099099099 0.526 0.9129129129129129 0.534 0.9129129129129129 0.536 0.9159159159159159 0.566 0.924924924924925 0.568 0.9279279279279279 0.572 0.9279279279279279 0.576 0.933933933933934 0.576 0.948948948948949 0.574 0.9519519519519519 0.576 0.954954954954955 0.576 0.993993993993994 0.574 0.996996996996997 0.518 0.996996996996997 0.516 0.993993993993994 0.516 0.9219219219219219 0.518 0.918918918918919 0.518 0.9129129129129129 0.522 0.9099099099099099
0 0.924 0.7867867867867868 0.932 0.7867867867867868 0.934 0.7897897897897898 0.942 0.7897897897897898 0.944 0.7927927927927928 0.96 0.7927927927927928 0.97 0.7987987987987988 0.968 0.8048048048048048 0.97 0.8168168168168168 0.968 0.8198198198198198 0.97 0.8228228228228228 0.97 0.8378378378378378 0.972 0.8408408408408409 0.972 0.8768768768768769 0.974 0.8798798798798799 0.974 0.8858858858858859 0.966 0.8888888888888888 0.964 0.8858858858858859 0.952 0.8858858858858859 0.95 0.8828828828828829 0.932 0.8798798798798799 0.93 0.8768768768768769 0.928 0.8708708708708709 0.928 0.8528528528528528 0.926 0.8498498498498499 0.926 0.8288288288288288 0.924 0.8258258258258259 0.924 0.7897897897897898
0 0.154 0.918918918918919 0.164 0.9129129129129129 0.172 0.9129129129129129 0.174 0.9099099099099099 0.202 0.9069069069069069 0.202 0.933933933933934 0.194 0.9429429429429429 0.17 0.9459459459459459 0.168 0.948948948948949 0.152 0.948948948948949 0.154 0.9219219219219219
0 0.26 0.996996996996997 0.26 0.96996996996997 0.262 0.9669669669669669 0.262 0.93993993993994 0.264 0.933933933933934 0.268 0.9279279279279279 0.284 0.924924924924925 0.286 0.9219219219219219 0.298 0.9219219219219219 0.3 0.918918918918919 0.318 0.918918918918919 0.318 0.972972972972973 0.316 0.975975975975976 0.316 0.993993993993994 0.314 0.996996996996997 0.262 0.996996996996997
0 0.078 0.7297297297297297 0.082 0.6756756756756757 0.086 0.6696696696696697 0.092 0.6696696696696697 0.102 0.6636636636636637 0.11 0.6636636636636637 0.112 0.6606606606606606 0.122 0.6606606606606606 0.12 0.7087087087087087 0.114 0.7177177177177178 0.102 0.7207207207207207 0.1 0.7237237237237237 0.092 0.7237237237237237 0.09 0.7267267267267268 0.082 0.7267267267267268 0.08 0.7297297297297297
0 0.382 0.8588588588588588 0.384 0.8618618618618619 0.384 0.8828828828828829 0.38 0.8918918918918919 0.36 0.8948948948948949 0.358 0.8978978978978979 0.348 0.8978978978978979 0.346 0.9009009009009009 0.338 0.9009009009009009 0.336 0.9039039039039038 0.326 0.9039039039039038 0.324 0.9009009009009009 0.326 0.8738738738738738 0.336 0.8708708708708709 0.338 0.8678678678678678 0.346 0.8678678678678678 0.348 0.8648648648648649 0.36 0.8648648648648649 0.362 0.8618618618618619 0.376 0.8618618618618619 0.38 0.8588588588588588
0 0.226 0.6636636636636637 0.228 0.6606606606606606 0.23 0.6186186186186187 0.234 0.6126126126126126 0.244 0.6066066066066066 0.25 0.6066066066066066 0.252 0.6036036036036037 0.258 0.6036036036036037 0.26 0.6006006006006006 0.268 0.6006006006006006 0.278 0.5945945945945946 0.28 0.5975975975975976 0.28 0.6156156156156156 0.278 0.6186186186186187 0.278 0.6396396396396397 0.276 0.6426426426426426 0.276 0.6546546546546547 0.274 0.6576576576576577 0.254 0.6636636636636637 0.252 0.6666666666666666 0.246 0.6666666666666666 0.244 0.6696696696696697 0.238 0.6696696696696697 0.236 0.6726726726726727 0.228 0.6726726726726727 0.228 0.6666666666666666
0 0.074 0.9579579579579579 0.048 0.04804804804804805
0 0.456 0.5255255255255256 0.456 0.5795795795795796 0.454 0.5825825825825826 0.454 0.5885885885885885 0.444 0.5915915915915916 0.442 0.5945945945945946 0.436 0.5945945945945946 0.428 0.6006006006006006 0.41 0.6036036036036037 0.408 0.6066066066066066 0.4 0.6066066066066066 0.4 0.5495495495495496 0.404 0.5435435435435435 0.408 0.5435435435435435 0.422 0.5345345345345346 0.43 0.5345345345345346 0.432 0.5315315315315315 0.454 0.5255255255255256
0 0 0.7687687687687688 0.006 0.7687687687687688 0.012 0.7627627627627628 0.02 0.7627627627627628 0.022 0.7597597597597597 0.026 0.7627627627627628 0.024 0.7867867867867868 0.022 0.7897897897897898 0.022 0.8018018018018018 0.02 0.8048048048048048 0.02 0.8168168168168168 0.018 0.8198198198198198 0.016 0.8438438438438438 0.014 0.8468468468468469 0.014 0.8618618618618619 0.012 0.8648648648648649 0.014 0.8678678678678678 0.014 0.8738738738738738 0.012 0.8768768768768769 0.008 0.9099099099099099 0.004 0.9129129129129129 0 0.9129129129129129 0 0.7717717717717718
0 0.838 0.8588588588588588 0.84 0.8618618618618619 0.86 0.8618618618618619 0.862 0.8648648648648649 0.864 0.8618618618618619 0.866 0.8648648648648649 0.864 0.8918918918918919 0.862 0.8948948948948949 0.862 0.9039039039039038 0.864 0.9069069069069069 0.862 0.9129129129129129 0.864 0.9159159159159159 0.864 0.9309309309309309 0.86 0.933933933933934 0.856 0.9309309309309309 0.836 0.9279279279279279 0.834 0.924924924924925 0.826 0.924924924924925 0.818 0.918918918918919 0.816 0.8558558558558559 0.818 0.8528528528528528 0.824 0.8528528528528528 0.826 0.8558558558558559 0.834 0.8558558558558559 0.836 0.8588588588588588
0 0.362 0.7237237237237237 0.064 0.1981981981981982
0 0.09 0.7912912912912913 0.06 0.2132132132132132
0 0.336 0.5735735735735735 0.338 0.5795795795795796 0.336 0.5825825825825826 0.336 0.6126126126126126 0.334 0.6156156156156156 0.334 0.6306306306306306 0.328 0.6396396396396397 0.32 0.6396396396396397 0.31 0.6456456456456456 0.302 0.6456456456456456 0.286 0.6546546546546547 0.282 0.6516516516516516 0.282 0.6336336336336337 0.284 0.6306306306306306 0.284 0.5975975975975976 0.286 0.5915915915915916 0.29 0.5915915915915916 0.298 0.5855855855855856 0.304 0.5855855855855856 0.312 0.5795795795795796 0.334 0.5735735735735735
0 0.33 0.6456456456456456 0.332 0.6486486486486487 0.332 0.7207207207207207 0.33 0.7237237237237237 0.33 0.7507507507507507 0.328 0.7537537537537538 0.326 0.8138138138138138 0.32 0.8258258258258259 0.316 0.8258258258258259 0.314 0.8288288288288288 0.304 0.8288288288288288 0.302 0.8318318318318318 0.294 0.8318318318318318 0.284 0.8378378378378378 0.272 0.8378378378378378 0.27 0.8348348348348348 0.27 0.8138138138138138 0.272 0.8108108108108109 0.27 0.8048048048048048 0.272 0.8018018018018018 0.272 0.7867867867867868 0.274 0.7837837837837838 0.274 0.7507507507507507 0.276 0.7477477477477478 0.276 0.7177177177177178 0.278 0.7147147147147147 0.278 0.6726726726726727 0.284 0.6606606606606606 0.292 0.6606606606606606 0.294 0.6576576576576577 0.308 0.6546546546546547 0.322 0.6456456456456456 0.328 0.6456456456456456
0 0.868 0.7717717717717718 0.888 0.7747747747747747 0.89 0.7777777777777778 0.904 0.7777777777777778 0.912 0.7837837837837838 0.912 0.7897897897897898 0.914 0.7927927927927928 0.914 0.8108108108108109 0.916 0.8138138138138138 0.916 0.8618618618618619 0.918 0.8648648648648649 0.914 0.8738738738738738 0.906 0.8738738738738738 0.904 0.8708708708708709 0.884 0.8678678678678678 0.874 0.8618618618618619 0.872 0.8468468468468469 0.87 0.8438438438438438 0.87 0.8198198198198198 0.868 0.8168168168168168 0.868 0.7747747747747747
0 0.876 0.8678678678678678 0.882 0.8738738738738738 0.91 0.8768768768768769 0.92 0.8858858858858859 0.92 0.9279279279279279 0.922 0.9309309309309309 0.922 0.9459459459459459 0.92 0.948948948948949 0.91 0.948948948948949 0.908 0.9459459459459459 0.9 0.9459459459459459 0.898 0.9429429429429429 0.89 0.9429429429429429 0.888 0.93993993993994 0.88 0.93993993993994 0.876 0.9369369369369369 0.876 0.9309309309309309 0.874 0.9279279279279279 0.874 0.8978978978978979 0.872 0.8948948948948949 0.872 0.8738738738738738 0.874 0.8708708708708709
0 0.038 0.6906906906906907 0.048 0.6876876876876877 0.05 0.6846846846846847 0.056 0.6846846846846847 0.058 0.6816816816816816 0.064 0.6816816816816816 0.072 0.6756756756756757 0.076 0.6786786786786787 0.074 0.7147147147147147 0.072 0.7177177177177178 0.072 0.7267267267267268 0.068 0.7357357357357357 0.052 0.7387387387387387 0.044 0.7447447447447447 0.034 0.7447447447447447 0.032 0.7387387387387387 0.034 0.7357357357357357 0.034 0.7207207207207207 0.036 0.7177177177177178 0.036 0.7027027027027027 0.038 0.6996996996996997 0.038 0.6936936936936937
0 0.86 0.7687687687687688 0.862 0.7717717717717718 0.862 0.8288288288288288 0.864 0.8318318318318318 0.864 0.8588588588588588 0.86 0.8558558558558559 0.842 0.8558558558558559 0.84 0.8528528528528528 0.832 0.8528528528528528 0.83 0.8498498498498499 0.818 0.8498498498498499 0.818 0.8438438438438438 0.814 0.8348348348348348 0.812 0.7567567567567568 0.814 0.7537537537537538 0.834 0.7567567567567568 0.836 0.7597597597597597 0.85 0.7627627627627628 0.858 0.7687687687687688
0 0.7 0.7117117117117117 0.72 0.7177177177177178 0.722 0.7207207207207207 0.728 0.7207207207207207 0.73 0.7237237237237237 0.738 0.7237237237237237 0.748 0.7297297297297297 0.748 0.7417417417417418 0.75 0.7447447447447447 0.75 0.8078078078078078 0.752 0.8108108108108109 0.75 0.8138138138138138 0.75 0.8258258258258259 0.748 0.8288288288288288 0.748 0.8498498498498499 0.75 0.8528528528528528 0.748 0.8588588588588588 0.75 0.8618618618618619 0.75 0.8948948948948949 0.732 0.8948948948948949 0.73 0.8918918918918919 0.722 0.8918918918918919 0.72 0.8888888888888888 0.714 0.8888888888888888 0.712 0.8858858858858859 0.702 0.8828828828828829 0.702 0.8738738738738738 0.7 0.8708708708708709 0.7 0.7987987987987988 0.698 0.7957957957957958 0.7 0.7927927927927928 0.7 0.7717717717717718 0.698 0.7687687687687688 0.698 0.7177177177177178 0.7 0.7147147147147147
0 0.386 0.996996996996997 0.386 0.9309309309309309 0.388 0.9279279279279279 0.388 0.9009009009009009 0.394 0.8948948948948949 0.4 0.8948948948948949 0.402 0.8918918918918919 0.414 0.8918918918918919 0.416 0.8888888888888888 0.426 0.8888888888888888 0.428 0.8858858858858859 0.436 0.8858858858858859 0.438 0.8828828828828829 0.444 0.8828828828828829 0.448 0.8918918918918919 0.448 0.8978978978978979 0.446 0.9009009009009009 0.446 0.984984984984985 0.444 0.987987987987988 0.444 0.993993993993994 0.424 0.993993993993994 0.422 0.996996996996997 0.388 0.996996996996997
0 0.126 0.7087087087087087 0.126 0.6846846846846847 0.128 0.6816816816816816 0.128 0.6636636636636637 0.13 0.6576576576576577 0.134 0.6516516516516516 0.154 0.6456456456456456 0.156 0.6426426426426426 0.162 0.6426426426426426 0.164 0.6396396396396397 0.174 0.6396396396396397 0.17 0.6906906906906907 0.162 0.6996996996996997 0.148 0.7027027027027027 0.142 0.7087087087087087 0.128 0.7087087087087087
0 0.166 0.7087087087087087 0.164 0.7717717717717718 0.162 0.7747747747747747 0.162 0.7927927927927928 0.16 0.7957957957957958 0.16 0.8138138138138138 0.158 0.8168168168168168 0.158 0.8348348348348348 0.156 0.8378378378378378 0.154 0.8648648648648649 0.15 0.8708708708708709 0.132 0.8738738738738738 0.13 0.8768768768768769 0.11 0.8768768768768769 0.11 0.8558558558558559 0.112 0.8528528528528528 0.112 0.8318318318318318 0.114 0.8288288288288288 0.114 0.8048048048048048 0.116 0.8018018018018018 0.116 0.7777777777777778 0.118 0.7747747747747747 0.118 0.7567567567567568 0.12 0.7537537537537538 0.122 0.7267267267267268 0.13 0.7177177177177178 0.164 0.7087087087087087