0 0.846 0.933933933933934 0.888 0.933933933933934 0.89 0.9369369369369369 0.89 0.993993993993994 0.886 0.996996996996997 0.844 0.996996996996997 0.844 0.93993993993994 0.846 0.9369369369369369
0 0.576 0.9369369369369369 0.576 0.996996996996997 0.53 0.996996996996997 0.528 0.993993993993994 0.53 0.987987987987988 0.53 0.9819819819819819 0.528 0.978978978978979 0.528 0.972972972972973 0.53 0.96996996996997 0.53 0.93993993993994 0.532 0.9369369369369369 0.574 0.9369369369369369
0 0.55 0.5225225225225225 0.552 0.5255255255255256 0.574 0.5255255255255256 0.576 0.5285285285285285 0.576 0.6576576576576577 0.578 0.6606606606606606 0.578 0.6786786786786787 0.576 0.6816816816816816 0.576 0.7147147147147147 0.574 0.7177177177177178 0.532 0.7177177177177178 0.53 0.7147147147147147 0.53 0.5525525525525525 0.532 0.5495495495495496 0.53 0.5435435435435435 0.532 0.5375375375375375 0.53 0.5285285285285285 0.532 0.5255255255255256 0.548 0.5255255255255256
0 0.792 0.35435435435435436 0.802 0.35435435435435436 0.804 0.35135135135135137 0.83 0.35135135135135137 0.832 0.35435435435435436 0.838 0.35435435435435436 0.838 0.5075075075075075 0.836 0.5105105105105106 0.794 0.5105105105105106 0.792 0.5075075075075075 0.792 0.35735735735735735
0 0.764 0.6231231231231231 0.048 0.19519519519519518
0 0.522 0.9369369369369369 0.522 0.996996996996997 0.476 0.996996996996997 0.476 0.93993993993994 0.478 0.9369369369369369 0.52 0.9369369369369369
0 0.778 0.35135135135135137 0.78 0.35435435435435436 0.786 0.35435435435435436 0.786 0.5075075075075075 0.784 0.5105105105105106 0.742 0.5105105105105106 0.74 0.5045045045045045 0.74 0.35435435435435436 0.744 0.35135135135135137 0.77 0.35135135135135137 0.772 0.35435435435435436 0.776 0.35135135135135137
0 0.7 0.35135135135135137 0.702 0.35435435435435436 0.704 0.35135135135135137 0.726 0.35135135135135137 0.734 0.35735735735735735 0.734 0.5075075075075075 0.732 0.5105105105105106 0.688 0.5105105105105106 0.688 0.46546546546546547 0.686 0.4624624624624625 0.686 0.44744744744744747 0.688 0.4444444444444444 0.686 0.43843843843843844 0.686 0.4264264264264264 0.688 0.42342342342342343 0.688 0.35435435435435436 0.698 0.35135135135135137
0 0.466 0.35135135135135137 0.468 0.35435435435435436 0.472 0.35435435435435436 0.472 0.4024024024024024 0.47 0.40540540540540543 0.47 0.4114114114114114 0.472 0.4144144144144144 0.472 0.44744744744744747 0.47 0.45045045045045046 0.47 0.5105105105105106 0.426 0.5105105105105106 0.424 0.5075075075075075 0.424 0.45045045045045046 0.426 0.44744744744744747 0.424 0.44144144144144143 0.426 0.43843843843843844 0.426 0.43243243243243246 0.424 0.4294294294294294 0.426 0.42342342342342343 0.424 0.4174174174174174 0.424 0.35435435435435436 0.426 0.35135135135135137 0.464 0.35135135135135137
0 0.582 0.996996996996997 0.582 0.93993993993994 0.584 0.9369369369369369 0.626 0.9369369369369369 0.628 0.93993993993994 0.628 0.996996996996997 0.584 0.996996996996997
0 0.636 0.5255255255255256 0.68 0.5255255255255256 0.682 0.5315315315315315 0.682 0.7087087087087087 0.678 0.7177177177177178 0.636 0.7177177177177178 0.636 0.6816816816816816 0.634 0.6786786786786787 0.636 0.6756756756756757 0.636 0.6606606606606606 0.634 0.6576576576576577 0.636 0.5285285285285285
0 0.732 0.7297297297297297 0.732 0.7417417417417418 0.734 0.7447447447447447 0.732 0.7477477477477478 0.734 0.7537537537537538 0.732 0.7567567567567568 0.734 0.7627627627627628 0.734 0.7687687687687688 0.732 0.7717717717717718 0.734 0.7747747747747747 0.732 0.7777777777777778 0.734 0.7807807807807807 0.734 0.8828828828828829 0.732 0.8858858858858859 0.734 0.9159159159159159 0.732 0.9219219219219219 0.728 0.9219219219219219 0.726 0.924924924924925 0.692 0.924924924924925 0.688 0.9219219219219219 0.688 0.8228228228228228 0.686 0.8198198198198198 0.686 0.8138138138138138 0.688 0.8108108108108109 0.688 0.7717717717717718 0.686 0.7687687687687688 0.686 0.7597597597597597 0.688 0.7567567567567568 0.688 0.7327327327327328 0.692 0.7297297297297297 0.73 0.7297297297297297
0 0.95 0.5255255255255256 0.992 0.5255255255255256 0.994 0.5285285285285285 0.994 0.6576576576576577 0.996 0.6606606606606606 0.994 0.6636636636636637 0.994 0.7147147147147147 0.992 0.7177177177177178 0.952 0.7177177177177178 0.95 0.7147147147147147 0.948 0.7087087087087087 0.948 0.6996996996996997 0.95 0.6966966966966966 0.948 0.6936936936936937 0.95 0.6876876876876877 0.948 0.6816816816816816 0.948 0.6606606606606606 0.95 0.6576576576576577 0.948 0.6516516516516516 0.948 0.6216216216216216 0.95 0.6186186186186187 0.948 0.6126126126126126 0.948 0.5855855855855856 0.95 0.5825825825825826 0.95 0.5615615615615616 0.948 0.5585585585585585 0.948 0.5495495495495496 0.95 0.5465465465465466 0.95 0.5285285285285285
0 0.78 0.7297297297297297 0.786 0.7357357357357357 0.786 0.9099099099099099 0.782 0.924924924924925 0.78 0.9219219219219219 0.776 0.924924924924925 0.746 0.924924924924925 0.74 0.918918918918919 0.74 0.7357357357357357 0.744 0.7297297297297297 0.778 0.7297297297297297
0 0.89 0.5255255255255256 0.89 0.7147147147147147 0.888 0.7177177177177178 0.848 0.7177177177177178 0.844 0.7117117117117117 0.844 0.5285285285285285 0.852 0.5225225225225225 0.858 0.5225225225225225 0.86 0.5255255255255256 0.888 0.5255255255255256
0 0.68 0.9369369369369369 0.68 0.948948948948949 0.682 0.9519519519519519 0.682 0.96996996996997 0.68 0.972972972972973 0.68 0.990990990990991 0.682 0.993993993993994 0.68 0.996996996996997 0.636 0.996996996996997 0.634 0.990990990990991 0.634 0.93993993993994 0.636 0.9369369369369369 0.678 0.9369369369369369
0 0.95 0.933933933933934 0.994 0.933933933933934 0.994 0.996996996996997 0.95 0.996996996996997 0.948 0.993993993993994 0.948 0.960960960960961 0.95 0.9579579579579579 0.95 0.9459459459459459 0.948 0.9429429429429429 0.95 0.9369369369369369
0 0.448 0.9684684684684685 0.048 0.06306306306306306
0 0.478 0.5255255255255256 0.482 0.5225225225225225 0.504 0.5225225225225225 0.506 0.5255255255255256 0.522 0.5255255255255256 0.524 0.5285285285285285 0.524 0.7027027027027027 0.522 0.7057057057057057 0.522 0.7177177177177178 0.48 0.7177177177177178 0.478 0.7147147147147147 0.478 0.6996996996996997 0.476 0.6966966966966966 0.476 0.6216216216216216 0.478 0.6186186186186187 0.478 0.6036036036036037 0.476 0.6006006006006006 0.476 0.5855855855855856 0.478 0.5825825825825826 0.476 0.5765765765765766 0.476 0.5555555555555556 0.478 0.5525525525525525 0.478 0.5285285285285285
0 0.66 0.35135135135135137 0.662 0.35435435435435436 0.664 0.35135135135135137 0.67 0.35135135135135137 0.672 0.35435435435435436 0.68 0.35435435435435436 0.682 0.35735735735735735 0.682 0.5045045045045045 0.678 0.5105105105105106 0.636 0.5105105105105106 0.636 0.4084084084084084 0.634 0.40540540540540543 0.634 0.3993993993993994 0.636 0.3963963963963964 0.634 0.39039039039039036 0.634 0.3843843843843844 0.636 0.3813813813813814 0.634 0.37537537537537535 0.636 0.36936936936936937 0.636 0.35435435435435436 0.64 0.35135135135135137 0.658 0.35135135135135137
0 0.53 0.35435435435435436 0.536 0.35435435435435436 0.538 0.35135135135135137 0.568 0.35135135135135137 0.578 0.35735735735735735 0.578 0.39039039039039036 0.576 0.3933933933933934 0.578 0.3993993993993994 0.578 0.4144144144144144 0.576 0.4174174174174174 0.578 0.42042042042042044 0.578 0.43243243243243246 0.576 0.43543543543543545 0.576 0.4444444444444444 0.578 0.44744744744744747 0.578 0.4924924924924925 0.576 0.4954954954954955 0.576 0.5105105105105106 0.532 0.5105105105105106 0.53 0.5075075075075075 0.53 0.35735735735735735
0 0.836 0.5255255255255256 0.838 0.5285285285285285 0.838 0.7147147147147147 0.836 0.7177177177177178 0.794 0.7177177177177178 0.792 0.7147147147147147 0.792 0.5495495495495496 0.794 0.5465465465465466 0.792 0.5405405405405406 0.792 0.5285285285285285 0.798 0.5225225225225225 0.802 0.5255255255255256 0.806 0.5225225225225225 0.824 0.5225225225225225 0.826 0.5255255255255256 0.834 0.5255255255255256
0 0.522 0.7327327327327328 0.522 0.7927927927927928 0.524 0.7957957957957958 0.524 0.8078078078078078 0.522 0.8108108108108109 0.524 0.8138138138138138 0.524 0.8198198198198198 0.522 0.8228228228228228 0.524 0.8258258258258259 0.522 0.8318318318318318 0.522 0.8558558558558559 0.524 0.8618618618618619 0.522 0.8648648648648649 0.522 0.9219219219219219 0.52 0.924924924924925 0.48 0.924924924924925 0.478 0.9219219219219219 0.478 0.9099099099099099 0.476 0.9069069069069069 0.476 0.8828828828828829 0.478 0.8798798798798799 0.476 0.8768768768768769 0.476 0.7567567567567568 0.478 0.7537537537537538 0.478 0.7387387387387387 0.476 0.7357357357357357 0.48 0.7297297297297297 0.518 0.7297297297297297 0.52 0.7327327327327328
0 0.608 0.5225225225225225 0.61 0.5255255255255256 0.628 0.5255255255255256 0.63 0.5285285285285285 0.628 0.5315315315315315 0.63 0.5375375375375375 0.63 0.5465465465465466 0.628 0.5495495495495496 0.63 0.5555555555555556 0.63 0.7147147147147147 0.628 0.7177177177177178 0.584 0.7177177177177178 0.584 0.6696696696696697 0.582 0.6666666666666666 0.582 0.6576576576576577 0.584 0.6546546546546547 0.584 0.6276276276276276 0.582 0.6246246246246246 0.582 0.6156156156156156 0.584 0.6126126126126126 0.584 0.6006006006006006 0.582 0.5975975975975976 0.584 0.5915915915915916 0.584 0.5855855855855856 0.582 0.5825825825825826 0.584 0.5765765765765766 0.584 0.5705705705705706 0.582 0.5675675675675675 0.582 0.5585585585585585 0.584 0.5555555555555556 0.584 0.5285285285285285 0.586 0.5255255255255256 0.606 0.5225225225225225
0 0.984 0.35135135135135137 0.986 0.35435435435435436 0.994 0.35435435435435436 0.994 0.5045045045045045 0.992 0.5105105105105106 0.95 0.5105105105105106 0.95 0.5015015015015015 0.948 0.4984984984984985 0.948 0.4924924924924925 0.95 0.4894894894894895 0.95 0.4594594594594595 0.948 0.45645645645645644 0.948 0.36036036036036034 0.95 0.35435435435435436 0.982 0.35435435435435436
0 0.626 0.7297297297297297 0.628 0.7327327327327328 0.628 0.7447447447447447 0.63 0.7477477477477478 0.628 0.7537537537537538 0.628 0.8258258258258259 0.63 0.8288288288288288 0.63 0.8408408408408409 0.628 0.8438438438438438 0.63 0.8468468468468469 0.63 0.8618618618618619 0.628 0.8648648648648649 0.628 0.8978978978978979 0.63 0.9009009009009009 0.628 0.9039039039039038 0.628 0.9219219219219219 0.626 0.924924924924925 0.584 0.924924924924925 0.582 0.9219219219219219 0.582 0.7387387387387387 0.584 0.7327327327327328 0.588 0.7327327327327328 0.59 0.7297297297297297 0.624 0.7297297297297297
0 0.468 0.7327327327327328 0.47 0.7357357357357357 0.47 0.9219219219219219 0.468 0.924924924924925 0.426 0.924924924924925 0.424 0.918918918918919 0.424 0.7417417417417418 0.426 0.7387387387387387 0.424 0.7357357357357357 0.434 0.7297297297297297 0.46 0.7297297297297297 0.462 0.7327327327327328 0.466 0.7327327327327328
0 0.688 0.9369369369369369 0.696 0.9369369369369369 0.698 0.933933933933934 0.728 0.933933933933934 0.732 0.9369369369369369 0.734 0.9429429429429429 0.734 0.996996996996997 0.688 0.996996996996997 0.688 0.948948948948949 0.686 0.9459459459459459 0.688 0.93993993993994
0 0.636 0.7297297297297297 0.674 0.7297297297297297 0.676 0.7327327327327328 0.68 0.7327327327327328 0.68 0.7537537537537538 0.682 0.7567567567567568 0.682 0.7867867867867868 0.68 0.7897897897897898 0.68 0.7987987987987988 0.682 0.8018018018018018 0.682 0.9009009009009009 0.68 0.9039039039039038 0.68 0.9219219219219219 0.678 0.924924924924925 0.638 0.924924924924925 0.634 0.9099099099099099 0.634 0.9009009009009009 0.636 0.8978978978978979 0.636 0.8918918918918919 0.634 0.8888888888888888 0.636 0.8828828828828829 0.636 0.8498498498498499 0.634 0.8468468468468469 0.634 0.8318318318318318 0.636 0.8288288288288288 0.636 0.8228228228228228 0.634 0.8198198198198198 0.636 0.8168168168168168 0.634 0.8138138138138138 0.634 0.8078078078078078 0.636 0.8048048048048048 0.636 0.7867867867867868 0.634 0.7837837837837838 0.636 0.7807807807807807 0.636 0.7327327327327328
0 0.994 0.7327327327327328 0.994 0.7837837837837838 0.996 0.7867867867867868 0.994 0.7927927927927928 0.994 0.918918918918919 0.99 0.9219219219219219 0.95 0.9219219219219219 0.948 0.9159159159159159 0.948 0.8678678678678678 0.95 0.8648648648648649 0.948 0.8618618618618619 0.948 0.8258258258258259 0.95 0.8228228228228228 0.948 0.8198198198198198 0.948 0.8018018018018018 0.95 0.7987987987987988 0.948 0.7957957957957958 0.948 0.7567567567567568 0.95 0.7537537537537538 0.95 0.7327327327327328 0.952 0.7297297297297297 0.99 0.7297297297297297 0.992 0.7327327327327328
0 0.52 0.35135135135135137 0.524 0.35435435435435436 0.524 0.5045045045045045 0.522 0.5105105105105106 0.478 0.5105105105105106 0.478 0.5015015015015015 0.476 0.4984984984984985 0.478 0.4924924924924925 0.478 0.4774774774774775 0.476 0.4744744744744745 0.476 0.45345345345345345 0.478 0.45045045045045046 0.476 0.4444444444444444 0.476 0.43543543543543545 0.478 0.43243243243243246 0.478 0.3993993993993994 0.476 0.3963963963963964 0.478 0.39039039039039036 0.478 0.35435435435435436 0.48 0.35135135135135137 0.518 0.35135135135135137
0 0.836 0.9369369369369369 0.838 0.93993993993994 0.838 0.996996996996997 0.794 0.996996996996997 0.792 0.993993993993994 0.792 0.9369369369369369 0.794 0.933933933933934 0.832 0.933933933933934 0.834 0.9369369369369369
0 0.888 0.7297297297297297 0.89 0.7327327327327328 0.89 0.7867867867867868 0.892 0.7897897897897898 0.89 0.7957957957957958 0.89 0.8588588588588588 0.892 0.8618618618618619 0.89 0.8648648648648649 0.89 0.9159159159159159 0.886 0.9219219219219219 0.848 0.9219219219219219 0.844 0.9129129129129129 0.846 0.9099099099099099 0.844 0.9069069069069069 0.844 0.7447447447447447 0.846 0.7417417417417418 0.844 0.7357357357357357 0.848 0.7297297297297297 0.886 0.7297297297297297
0 0.582 0.4294294294294294 0.584 0.4264264264264264 0.584 0.4024024024024024 0.582 0.3993993993993994 0.582 0.3933933933933934 0.584 0.39039039039039036 0.582 0.36936936936936937 0.584 0.3663663663663664 0.582 0.3633633633633634 0.582 0.35735735735735735 0.586 0.35135135135135137 0.608 0.35135135135135137 0.61 0.35435435435435436 0.614 0.35135135135135137 0.618 0.35435435435435436 0.622 0.35135135135135137 0.624 0.35435435435435436 0.628 0.35435435435435436 0.63 0.36036036036036034 0.63 0.5045045045045045 0.628 0.5105105105105106 0.584 0.5105105105105106 0.584 0.48348348348348347 0.582 0.4804804804804805 0.582 0.46546546546546547 0.584 0.4624624624624625 0.584 0.43243243243243246
0 0.728 0.5225225225225225 0.734 0.5285285285285285 0.734 0.7147147147147147 0.732 0.7177177177177178 0.69 0.7177177177177178 0.688 0.7147147147147147 0.688 0.6876876876876877 0.686 0.6846846846846847 0.686 0.6786786786786787 0.688 0.6756756756756757 0.688 0.5255255255255256 0.694 0.5255255255255256 0.696 0.5225225225225225 0.726 0.5225225225225225
0 0.92 0.8273273273273273 0.048 0.19519519519519518
0 0.53 0.7327327327327328 0.534 0.7297297297297297 0.56 0.7297297297297297 0.562 0.7327327327327328 0.576 0.7327327327327328 0.576 0.918918918918919 0.574 0.924924924924925 0.532 0.924924924924925 0.53 0.9219219219219219 0.53 0.8558558558558559 0.528 0.8528528528528528 0.528 0.8438438438438438 0.53 0.8408408408408409 0.528 0.8348348348348348 0.53 0.8288288288288288 0.53 0.7357357357357357
0 0.92 0.6231231231231231 0.048 0.19519519519519518
0 0.74 0.9369369369369369 0.744 0.933933933933934 0.782 0.933933933933934 0.786 0.9429429429429429 0.784 0.948948948948949 0.786 0.954954954954955 0.786 0.993993993993994 0.784 0.996996996996997 0.74 0.996996996996997 0.74 0.9459459459459459 0.738 0.9429429429429429 0.74 0.93993993993994
0 0.938 0.933933933933934 0.942 0.9429429429429429 0.942 0.993993993993994 0.94 0.996996996996997 0.898 0.996996996996997 0.896 0.993993993993994 0.896 0.9369369369369369 0.898 0.933933933933934 0.936 0.933933933933934
0 0.828 0.7297297297297297 0.838 0.7357357357357357 0.838 0.9159159159159159 0.834 0.9219219219219219 0.818 0.9219219219219219 0.816 0.924924924924925 0.794 0.9219219219219219 0.792 0.918918918918919 0.792 0.7357357357357357 0.796 0.7297297297297297 0.826 0.7297297297297297
0 0.89 0.35435435435435436 0.89 0.5075075075075075 0.888 0.5105105105105106 0.846 0.5105105105105106 0.844 0.5045045045045045 0.844 0.35735735735735735 0.846 0.35435435435435436 0.856 0.35435435435435436 0.858 0.35135135135135137 0.862 0.35435435435435436 0.864 0.35135135135135137 0.868 0.35435435435435436 0.888 0.35435435435435436
0 0.424 0.5285285285285285 0.426 0.5255255255255256 0.468 0.5255255255255256 0.47 0.5285285285285285 0.47 0.7147147147147147 0.468 0.7177177177177178 0.426 0.7177177177177178 0.426 0.7117117117117117 0.424 0.7087087087087087 0.424 0.6036036036036037 0.426 0.6006006006006006 0.424 0.5975975975975976 0.424 0.5915915915915916 0.426 0.5885885885885885 0.424 0.5825825825825826 0.424 0.5495495495495496 0.426 0.5465465465465466 0.426 0.5375375375375375 0.424 0.5345345345345346 0.426 0.5315315315315315
0 0.938 0.35135135135135137 0.942 0.35735735735735735 0.942 0.5075075075075075 0.94 0.5105105105105106 0.898 0.5105105105105106 0.896 0.5075075075075075 0.896 0.35735735735735735 0.898 0.35435435435435436 0.926 0.35435435435435436 0.928 0.35135135135135137 0.936 0.35435435435435436