0 0.8243333333333334 0.606 0.8286666666666667 0.627 0.83 0.6565 0.839 0.7335 0.842 0.7795 0.766 0.8105 0.762 0.81 0.7583333333333333 0.7875 0.7566666666666667 0.75 0.747 0.6435 0.7546666666666667 0.637 0.768 0.6325 0.8036666666666666 0.6125 0.824 0.606
0 0.9976666666666667 0.5155 0.9996666666666667 0.516 0.9996666666666667 0.6065 0.996 0.609 0.996 0.6125 0.9996666666666667 0.6155 0.9996666666666667 0.7225 0.991 0.726 0.9863333333333333 0.725 0.984 0.7175 0.958 0.5355 0.964 0.5295 0.9973333333333333 0.5155
0 0.16266666666666665 0.8325 0.24533333333333332 0.856 0.246 0.8805 0.238 0.9995 0.22 0.9995 0.21866666666666668 0.9975 0.21633333333333332 0.9995 0.211 0.9995 0.21066666666666667 0.9975 0.19233333333333333 0.9995 0.183 0.9965 0.177 0.997 0.17566666666666667 0.9995 0.14466666666666667 0.9995 0.15733333333333333 0.8485 0.15966666666666668 0.8355 0.16233333333333333 0.8325
0 0.9076666666666666 0.3495 0.9156666666666666 0.3905 0.917 0.4115 0.93 0.4985 0.93 0.5115 0.8813333333333333 0.5375 0.8786666666666667 0.534 0.8746666666666667 0.509 0.8603333333333333 0.3815 0.8973333333333333 0.3545 0.9073333333333333 0.35
0 0.7626666666666667 0.4455 0.7673333333333333 0.4835 0.768 0.51 0.7756666666666666 0.595 0.772 0.599 0.75 0.609 0.748 0.609 0.7453333333333333 0.6035 0.7423333333333333 0.5855 0.7333333333333333 0.466 0.738 0.459 0.7623333333333333 0.4455
0 0.8573333333333333 0.3835 0.8596666666666667 0.39 0.864 0.4235 0.865 0.4455 0.877 0.5395 0.873 0.544 0.8456666666666667 0.5585 0.8416666666666667 0.5585 0.84 0.5545 0.8243333333333334 0.4045 0.833 0.3965 0.857 0.3835
0 0.6543333333333333 0.8845 0.658 0.929 0.66 0.9925 0.6566666666666666 0.9995 0.5973333333333334 0.9995 0.5946666666666667 0.9945 0.5936666666666667 0.9045 0.63 0.8895 0.6496666666666666 0.8835 0.654 0.8845
0 0.03766666666666667 0.3625 0.065 0.3755 0.07266666666666667 0.3825 0.066 0.426 0.06066666666666667 0.483 0.050333333333333334 0.5395 0.012 0.526 0.008666666666666666 0.522 0.03166666666666667 0.367 0.03333333333333333 0.363 0.037333333333333336 0.3625
0 0.446 0.9105 0.484 0.921 0.5013333333333333 0.9285 0.502 0.9775 0.5003333333333333 0.9995 0.44133333333333336 0.9995 0.44166666666666665 0.9165 0.44266666666666665 0.912 0.44566666666666666 0.911
0 0.6446666666666667 0.6955 0.6466666666666666 0.703 0.651 0.775 0.6523333333333333 0.85 0.6463333333333333 0.8555 0.5956666666666667 0.8745 0.593 0.8725 0.592 0.8645 0.591 0.768 0.5883333333333334 0.724 0.6163333333333333 0.7075 0.6443333333333333 0.6955
0 0.7626666666666667 0.845 0.8453333333333334 0.8165 0.8556666666666667 0.8935 0.8646666666666667 0.99 0.863 0.9995 0.816 0.9995 0.8106666666666666 0.9935 0.793 0.993 0.7833333333333333 0.986 0.7776666666666666 0.987 0.7773333333333333 0.9945 0.7753333333333333 0.9945 0.7723333333333333 0.9825 0.772 0.956 0.766 0.917 0.7626666666666667 0.8455
0 0 0.786 0.013 0.789 0.017 0.7955 0.005 0.897 0.0016666666666666668 0.9155 0 0.916 0 0.7865
0 0.571 0.733 0.573 0.7365 0.5743333333333334 0.753 0.5766666666666667 0.8795 0.572 0.8835 0.5346666666666666 0.8975 0.5256666666666666 0.8985 0.5246666666666666 0.8955 0.5233333333333333 0.7585 0.5316666666666666 0.7515 0.5706666666666667 0.7335
0 0 0.344 0.026 0.3555 0.03133333333333333 0.362 0.008666666666666666 0.5105 0.005 0.522 0 0.5205 0 0.3445
0 0.07433333333333333 0.5845 0.117 0.602 0.12233333333333334 0.6085 0.11866666666666667 0.6245 0.10266666666666667 0.772 0.10133333333333333 0.7795 0.09866666666666667 0.781 0.048666666666666664 0.766 0.044 0.7615 0.06633333333333333 0.588 0.06766666666666667 0.584 0.074 0.5845
0 0.377 0.5385 0.42433333333333334 0.5605 0.43266666666666664 0.5675 0.43233333333333335 0.6275 0.429 0.663 0.42933333333333334 0.6965 0.42733333333333334 0.7005 0.395 0.689 0.36733333333333335 0.675 0.37166666666666665 0.5425 0.373 0.5375 0.37666666666666665 0.5385
0 0.7273333333333334 0.654 0.7336666666666667 0.7085 0.7406666666666667 0.817 0.7383333333333333 0.821 0.6923333333333334 0.837 0.6753333333333333 0.8455 0.6706666666666666 0.8415 0.6623333333333333 0.689 0.672 0.6795 0.727 0.654
0 0.6786666666666666 0.4995 0.6806666666666666 0.5045 0.6846666666666666 0.5655 0.6866666666666666 0.6425 0.665 0.656 0.6613333333333333 0.6565 0.66 0.652 0.657 0.5465 0.6546666666666666 0.5205 0.6593333333333333 0.511 0.6783333333333333 0.5
0 0.282 0.669 0.314 0.6805 0.31766666666666665 0.6855 0.31433333333333335 0.8095 0.31133333333333335 0.8395 0.309 0.8425 0.2783333333333333 0.8355 0.269 0.832 0.26766666666666666 0.8285 0.2753333333333333 0.6915 0.278 0.672 0.2816666666666667 0.669
0 0.45066666666666666 0.5765 0.486 0.592 0.5016666666666667 0.603 0.5003333333333333 0.62 0.502 0.7065 0.501 0.7275 0.499 0.731 0.44866666666666666 0.711 0.445 0.7065 0.44666666666666666 0.5955 0.44766666666666666 0.5805 0.4503333333333333 0.5765
0 0.17933333333333334 0.63 0.186 0.6295 0.22033333333333333 0.6435 0.227 0.649 0.25533333333333336 0.658 0.26 0.6635 0.25566666666666665 0.6775 0.25666666666666665 0.696 0.25366666666666665 0.73 0.25033333333333335 0.7405 0.25133333333333335 0.7445 0.24666666666666667 0.748 0.24733333333333332 0.7525 0.25166666666666665 0.754 0.25333333333333335 0.762 0.25166666666666665 0.798 0.24766666666666667 0.823 0.24333333333333335 0.8245 0.22866666666666666 0.821 0.16433333333333333 0.801 0.163 0.7915 0.16466666666666666 0.769 0.17933333333333334 0.6305
0 0.20233333333333334 0.448 0.23133333333333334 0.463 0.23966666666666667 0.4705 0.22733333333333333 0.616 0.186 0.6 0.182 0.5955 0.196 0.4505 0.199 0.447 0.202 0.448
0 0.9973333333333333 0.2905 0.9996666666666667 0.2915 0.9996666666666667 0.4475 0.9976666666666667 0.448 0.9946666666666667 0.458 0.9926666666666667 0.4385 0.9843333333333333 0.4005 0.971 0.3075 0.9943333333333333 0.29 0.997 0.2905
0 0.3313333333333333 0.5145 0.353 0.5245 0.3576666666666667 0.5315 0.35133333333333333 0.6675 0.3463333333333333 0.6685 0.33566666666666667 0.6645 0.328 0.6605 0.323 0.6545 0.327 0.534 0.3283333333333333 0.516 0.331 0.515
0 0.25066666666666665 0.4725 0.2673333333333333 0.4805 0.27266666666666667 0.487 0.2643333333333333 0.6125 0.26266666666666666 0.63 0.261 0.631 0.25433333333333336 0.63 0.22866666666666666 0.616 0.24033333333333334 0.474 0.243 0.47 0.25033333333333335 0.4725
0 0.04633333333333333 0.8005 0.09266666666666666 0.8135 0.09866666666666667 0.8175 0.106 0.817 0.13066666666666665 0.824 0.13766666666666666 0.828 0.13833333333333334 0.8395 0.13266666666666665 0.883 0.12833333333333333 0.9585 0.12366666666666666 0.9995 0.10733333333333334 0.9995 0.099 0.996 0.079 0.9975 0.07833333333333334 0.9995 0.05266666666666667 0.9995 0.052333333333333336 0.9975 0.043333333333333335 0.996 0.035333333333333335 0.9995 0.017333333333333333 0.9995 0.013 0.996 0.03766666666666667 0.8065 0.04 0.8005 0.046 0.8005
0 0.26966666666666667 0.862 0.341 0.8835 0.3416666666666667 0.92 0.33866666666666667 0.968 0.336 0.994 0.33166666666666667 0.9995 0.323 0.9995 0.32133333333333336 0.9965 0.31866666666666665 0.9995 0.309 0.9995 0.30733333333333335 0.9965 0.305 0.9995 0.293 0.997 0.25733333333333336 0.9995 0.2643333333333333 0.874 0.2653333333333333 0.8655 0.2693333333333333 0.862
0 0.9156666666666666 0.852 0.9103333333333333 0.7945 0.9296666666666666 0.7855 0.9603333333333334 0.775 0.967 0.775 0.9963333333333333 0.9705 0.9973333333333333 0.991 0.994 0.9945 0.9663333333333334 0.997 0.9636666666666667 0.9995 0.935 0.9995 0.916 0.8525
0 0.09833333333333333 0.3935 0.137 0.414 0.14266666666666666 0.421 0.13266666666666665 0.496 0.13166666666666665 0.5205 0.12666666666666668 0.5605 0.12333333333333334 0.572 0.085 0.5575 0.072 0.5495 0.074 0.523 0.09133333333333334 0.395 0.098 0.3935
0 0.637 0.5255 0.6406666666666667 0.558 0.6443333333333333 0.6655 0.6336666666666667 0.6735 0.592 0.695 0.5886666666666667 0.6935 0.5876666666666667 0.6895 0.5876666666666667 0.6385 0.5853333333333334 0.6265 0.5833333333333334 0.5605 0.6 0.5465 0.617 0.539 0.6366666666666667 0.526
0 0.905 0.7955 0.9086666666666666 0.806 0.9146666666666666 0.852 0.9203333333333333 0.915 0.9236666666666666 0.9285 0.931 0.9995 0.89 0.9955 0.8833333333333333 0.9605 0.8773333333333333 0.8935 0.8723333333333333 0.862 0.8686666666666667 0.8125 0.873 0.806 0.9046666666666666 0.7955
0 0.37166666666666665 0.705 0.419 0.7235 0.428 0.7305 0.428 0.8175 0.4256666666666667 0.846 0.4256666666666667 0.8765 0.424 0.8775 0.361 0.859 0.36533333333333334 0.712 0.366 0.7065 0.37133333333333335 0.705
0 0.127 0.606 0.158 0.619 0.16033333333333333 0.623 0.14433333333333334 0.7865 0.141 0.793 0.106 0.7835 0.10266666666666667 0.7795 0.12233333333333334 0.6085 0.12666666666666668 0.606
0 0.294 0.495 0.318 0.5075 0.32766666666666666 0.5155 0.32366666666666666 0.577 0.32233333333333336 0.6375 0.321 0.6505 0.31766666666666665 0.6555 0.283 0.6415 0.28 0.6375 0.2806666666666667 0.6035 0.28833333333333333 0.4975 0.2896666666666667 0.4945 0.2936666666666667 0.495
0 0.01 0.5565 0.042666666666666665 0.5705 0.046 0.5755 0.041 0.6255 0.026 0.721 0.023 0.7515 0.019666666666666666 0.7555 0 0.752 0 0.6605 0.003 0.6545 0.003 0.6505 0 0.648 0 0.5615 0.003 0.556 0.009666666666666667 0.5565
0 0.2843333333333333 0.669 0.31066666666666665 0.6785 0.318 0.6845 0.335 0.6885 0.3496666666666667 0.699 0.3453333333333333 0.827 0.342 0.853 0.27666666666666667 0.835 0.2683333333333333 0.83 0.26966666666666667 0.783 0.27666666666666667 0.679 0.2793333333333333 0.6685 0.284 0.669
0 0.9356666666666666 0.5485 0.9483333333333334 0.6225 0.9616666666666667 0.734 0.959 0.738 0.9086666666666666 0.756 0.9056666666666666 0.754 0.9026666666666666 0.741 0.8836666666666667 0.577 0.8873333333333333 0.571 0.9286666666666666 0.5495 0.9353333333333333 0.5485
0 0.8036666666666666 0.417 0.8063333333333333 0.4215 0.813 0.48 0.8206666666666667 0.5535 0.8203333333333334 0.571 0.782 0.593 0.7776666666666666 0.593 0.776 0.5865 0.764 0.446 0.7706666666666667 0.438 0.8033333333333333 0.4175
0 0.14733333333333334 0.4195 0.175 0.433 0.17866666666666667 0.439 0.16466666666666666 0.586 0.16066666666666668 0.5885 0.14366666666666666 0.5825 0.13 0.5765 0.12633333333333333 0.5715 0.13266666666666665 0.5255 0.13633333333333333 0.474 0.144 0.4215 0.147 0.42
0 0.967 0.31 0.9696666666666667 0.3135 0.9753333333333334 0.3455 0.9796666666666667 0.3885 0.986 0.411 0.9956666666666667 0.474 0.991 0.4805 0.9573333333333334 0.4985 0.953 0.4955 0.9493333333333334 0.478 0.9296666666666666 0.337 0.9353333333333333 0.329 0.9666666666666667 0.31
0 0.5676666666666667 0.572 0.5696666666666667 0.579 0.5713333333333334 0.6175 0.5723333333333334 0.703 0.5646666666666667 0.71 0.526 0.7305 0.523 0.7285 0.5223333333333333 0.7195 0.5213333333333333 0.6025 0.543 0.585 0.5673333333333334 0.572
0 0.6596666666666666 0.6405 0.6573333333333333 0.5475 0.655 0.523 0.6563333333333333 0.515 0.7056666666666667 0.4805 0.7166666666666667 0.477 0.7203333333333334 0.5115 0.7266666666666667 0.6195 0.7203333333333334 0.6265 0.6676666666666666 0.6545 0.661 0.6545 0.66 0.641
0 0.8796666666666667 0.5775 0.8883333333333333 0.6325 0.9026666666666666 0.7555 0.8996666666666666 0.7595 0.8696666666666667 0.7715 0.8643333333333333 0.77 0.8616666666666667 0.7625 0.8456666666666667 0.594 0.8523333333333334 0.588 0.8793333333333333 0.5775
0 0.37666666666666665 0.892 0.421 0.904 0.42633333333333334 0.908 0.42633333333333334 0.9585 0.423 0.9995 0.412 0.9995 0.4116666666666667 0.9975 0.4103333333333333 0.9995 0.38033333333333336 0.9995 0.38 0.9975 0.37966666666666665 0.9995 0.36733333333333335 0.9995 0.363 0.997 0.35533333333333333 0.9995 0.3586666666666667 0.8935 0.36233333333333334 0.8885 0.37633333333333335 0.892
0 0.716 0.4765 0.7203333333333334 0.51 0.727 0.6185 0.7243333333333334 0.6245 0.693 0.6415 0.6873333333333334 0.6395 0.686 0.581 0.6806666666666666 0.501 0.685 0.4945 0.7156666666666667 0.4765
0 0.44733333333333336 0.7355 0.49433333333333335 0.754 0.49966666666666665 0.7595 0.5016666666666667 0.7905 0.5016666666666667 0.8545 0.5 0.8625 0.501 0.897 0.49866666666666665 0.901 0.451 0.887 0.44366666666666665 0.882 0.44433333333333336 0.746 0.445 0.7375 0.447 0.7355