0 0.81 0.5186666666666667 0.846 0.5186666666666667 0.854 0.5213333333333333 0.866 0.5213333333333333 0.87 0.524 0.872 0.5306666666666666 0.872 0.7946666666666666 0.87 0.8013333333333333 0.866 0.8026666666666666 0.81 0.8 0.806 0.796 0.806 0.7253333333333334 0.808 0.724 0.806 0.596 0.808 0.5946666666666667 0.808 0.5213333333333333 0.81 0.52
0 0.496 0.24 0.514 0.24266666666666667 0.536 0.24266666666666667 0.56 0.248 0.562 0.256 0.562 0.288 0.56 0.28933333333333333 0.562 0.2906666666666667 0.56 0.2946666666666667 0.56 0.308 0.562 0.30933333333333335 0.56 0.31733333333333336 0.56 0.33066666666666666 0.562 0.332 0.562 0.384 0.56 0.38533333333333336 0.562 0.39066666666666666 0.562 0.4266666666666667 0.56 0.428 0.562 0.43066666666666664 0.562 0.4693333333333333 0.56 0.4706666666666667 0.562 0.472 0.562 0.4866666666666667 0.56 0.49333333333333335 0.556 0.49466666666666664 0.504 0.49333333333333335 0.488 0.492 0.482 0.488 0.482 0.324 0.484 0.32266666666666666 0.482 0.316 0.482 0.24533333333333332 0.484 0.24133333333333334 0.49 0.24 0.494 0.24133333333333334
0 0.704 0 0.768 0 0.77 0.004 0.77 0.252 0.766 0.256 0.756 0.256 0.704 0.25066666666666665 0.704 0.23733333333333334 0.702 0.236 0.704 0.232 0.702 0.22533333333333333 0.704 0.0013333333333333333
0 0.598 0.7973333333333333 0.658 0.7986666666666666 0.664 0.8 0.666 0.804 0.666 0.9893333333333333 0.664 0.9946666666666667 0.658 0.9986666666666667 0.598 0.9986666666666667 0.596 0.996 0.598 0.9906666666666667 0.596 0.8013333333333333 0.598 0.7986666666666666
0 0.598 0 0.658 0 0.66 0.0026666666666666666 0.666 0.004 0.666 0.10933333333333334 0.664 0.11066666666666666 0.666 0.23733333333333334 0.664 0.24533333333333332 0.654 0.248 0.606 0.244 0.598 0.24266666666666667 0.596 0.23866666666666667 0.598 0.22666666666666666 0.596 0.22533333333333333 0.598 0.21866666666666668 0.596 0.21466666666666667 0.596 0.11466666666666667 0.598 0.11333333333333333 0.596 0.018666666666666668 0.598 0.013333333333333334 0.596 0.012 0.598 0.0013333333333333333
0 0.734 0.8013333333333333 0.768 0.8053333333333333 0.768 0.82 0.77 0.8213333333333334 0.77 0.856 0.768 0.8573333333333333 0.77 0.864 0.77 0.9946666666666667 0.764 0.996 0.762 0.9986666666666667 0.704 0.9986666666666667 0.702 0.996 0.702 0.9826666666666667 0.704 0.9813333333333333 0.704 0.9626666666666667 0.702 0.9613333333333334 0.704 0.8026666666666666 0.706 0.8013333333333333 0.732 0.8026666666666666
0 0.704 0.512 0.742 0.512 0.752 0.5146666666666667 0.762 0.5146666666666667 0.768 0.5173333333333333 0.77 0.524 0.77 0.792 0.766 0.7973333333333333 0.71 0.796 0.704 0.7933333333333333 0.704 0.7453333333333333 0.702 0.744 0.704 0.7426666666666667 0.702 0.7373333333333333 0.704 0.7333333333333333 0.704 0.6973333333333334 0.702 0.696 0.704 0.5133333333333333
0 0.912 0.27466666666666667 0.936 0.27466666666666667 0.97 0.28 0.972 0.284 0.972 0.3466666666666667 0.974 0.348 0.972 0.34933333333333333 0.972 0.36666666666666664 0.974 0.368 0.972 0.37066666666666664 0.972 0.5373333333333333 0.97 0.5386666666666666 0.932 0.5386666666666666 0.918 0.5373333333333333 0.912 0.5346666666666666 0.912 0.4826666666666667 0.91 0.48133333333333334 0.912 0.4746666666666667 0.912 0.45866666666666667 0.91 0.4573333333333333 0.912 0.45066666666666666 0.912 0.42 0.91 0.4186666666666667 0.912 0.288 0.91 0.2813333333333333 0.912 0.276
0 0.484 0 0.56 0 0.562 0.004 0.56 0.010666666666666666 0.562 0.013333333333333334 0.56 0.02 0.562 0.22933333333333333 0.56 0.236 0.554 0.23866666666666667 0.488 0.23333333333333334 0.484 0.232 0.482 0.22533333333333333 0.482 0.17333333333333334 0.484 0.172 0.482 0.168 0.482 0.0026666666666666666 0.484 0.0013333333333333333
0 0.862 0.2693333333333333 0.868 0.27066666666666667 0.87 0.2733333333333333 0.87 0.288 0.872 0.28933333333333333 0.872 0.328 0.87 0.3293333333333333 0.872 0.3333333333333333 0.872 0.38 0.87 0.38133333333333336 0.872 0.392 0.87 0.5026666666666667 0.872 0.5106666666666667 0.868 0.5146666666666667 0.822 0.5133333333333333 0.81 0.512 0.806 0.508 0.808 0.268 0.81 0.26666666666666666 0.832 0.26666666666666666 0.86 0.2693333333333333
0 0.764 0.26266666666666666 0.768 0.264 0.768 0.2773333333333333 0.77 0.2786666666666667 0.77 0.5013333333333333 0.766 0.508 0.736 0.508 0.722 0.5053333333333333 0.706 0.5053333333333333 0.702 0.5 0.704 0.496 0.702 0.4866666666666667 0.702 0.4706666666666667 0.704 0.4693333333333333 0.702 0.456 0.704 0.26 0.724 0.25866666666666666 0.762 0.26266666666666666
0 0.84 0.8066666666666666 0.842 0.808 0.862 0.808 0.87 0.8106666666666666 0.872 0.8226666666666667 0.872 0.9986666666666667 0.808 0.9986666666666667 0.806 0.996 0.808 0.984 0.806 0.9813333333333333 0.808 0.808 0.81 0.8066666666666666 0.83 0.808 0.838 0.8066666666666666
0 0.598 0.5066666666666667 0.636 0.5053333333333333 0.648 0.508 0.662 0.508 0.666 0.5133333333333333 0.666 0.784 0.664 0.792 0.656 0.7933333333333333 0.652 0.792 0.648 0.7933333333333333 0.612 0.792 0.598 0.7906666666666666 0.596 0.7866666666666666 0.596 0.7733333333333333 0.598 0.772 0.596 0.7706666666666667 0.598 0.508
0 0.81 0 0.87 0 0.872 0.005333333333333333 0.87 0.25866666666666666 0.866 0.26266666666666666 0.84 0.26266666666666666 0.812 0.26 0.806 0.252 0.806 0.19333333333333333 0.808 0.192 0.806 0.18933333333333333 0.808 0.18666666666666668 0.808 0.164 0.806 0.16266666666666665 0.808 0.072 0.806 0.06266666666666666 0.808 0.06133333333333333 0.808 0.0026666666666666666 0.81 0.0013333333333333333
0 0.94 0.5426666666666666 0.952 0.5453333333333333 0.966 0.5453333333333333 0.972 0.5493333333333333 0.972 0.8026666666666666 0.97 0.8066666666666666 0.928 0.8066666666666666 0.914 0.8053333333333333 0.91 0.8026666666666666 0.91 0.7533333333333333 0.912 0.752 0.91 0.744 0.912 0.5693333333333334 0.91 0.5666666666666667 0.912 0.5653333333333334 0.912 0.5453333333333333 0.916 0.5426666666666666 0.938 0.5426666666666666
0 0.502 0.49733333333333335 0.514 0.5 0.538 0.5 0.56 0.5053333333333333 0.562 0.5186666666666667 0.56 0.52 0.562 0.5226666666666666 0.562 0.5693333333333334 0.56 0.5706666666666667 0.562 0.756 0.56 0.7666666666666667 0.562 0.772 0.56 0.7853333333333333 0.552 0.788 0.498 0.7866666666666666 0.486 0.7853333333333333 0.482 0.7813333333333333 0.484 0.7706666666666667 0.482 0.764 0.484 0.76 0.482 0.748 0.484 0.7466666666666667 0.482 0.7386666666666667 0.482 0.648 0.484 0.6466666666666666 0.482 0.5026666666666667 0.486 0.49733333333333335 0.5 0.49733333333333335
0 0.918 0.8093333333333333 0.96 0.812 0.97 0.8133333333333334 0.972 0.816 0.972 0.944 0.974 0.9453333333333334 0.972 0.9533333333333334 0.974 0.9946666666666667 0.972 0.9986666666666667 0.912 0.9986666666666667 0.91 0.9973333333333333 0.91 0.812 0.916 0.8093333333333333
0 0.642 0.252 0.652 0.25466666666666665 0.662 0.25466666666666665 0.666 0.25866666666666666 0.666 0.49733333333333335 0.664 0.5013333333333333 0.602 0.49866666666666665 0.596 0.49466666666666664 0.598 0.252 0.6 0.25066666666666665 0.64 0.252
0 0.912 0 0.972 0 0.972 0.26666666666666666 0.968 0.272 0.92 0.2693333333333333 0.914 0.268 0.91 0.264 0.91 0.008 0.912 0.0013333333333333333
0 0.51 0.792 0.56 0.796 0.562 0.808 0.562 0.8426666666666667 0.56 0.844 0.562 0.9946666666666667 0.556 0.996 0.554 0.9986666666666667 0.484 0.9986666666666667 0.484 0.9426666666666667 0.482 0.9413333333333334 0.482 0.924 0.484 0.9226666666666666 0.482 0.8173333333333334 0.484 0.8106666666666666 0.482 0.8013333333333333 0.486 0.792 0.508 0.792