0 0.6588541666666666 0.5289351851851852 0.7303240740740741 0.5750385802469136 0.765625 0.6020447530864198 0.7864583333333334 0.8904320987654321 0.7864583333333334 0.9058641975308642 0.7829861111111112 0.908179012345679 0.6883680555555556 0.8537808641975309 0.6707175925925926 0.8412422839506173 0.65625 0.6072530864197531 0.6536458333333334 0.5360725308641975 0.6545138888888888 0.5298996913580247 0.6585648148148148 0.5289351851851852
0 0.6753472222222222 0.8586033950617284 0.7870370370370371 0.9251543209876543 0.7902199074074074 0.9322916666666666 0.7934027777777778 0.9998070987654321 0.6770833333333334 0.9998070987654321 0.6701388888888888 0.8697916666666666 0.6710069444444444 0.859375 0.6750578703703703 0.8586033950617284
0 0.2560763888888889 0.25578703703703703 0.3003472222222222 0.2835648148148148 0.35561342592592593 0.3211805555555556 0.35792824074074076 0.3246527777777778 0.3532986111111111 0.6442901234567902 0.34953703703703703 0.6504629629629629 0.34172453703703703 0.6477623456790124 0.24537037037037038 0.589891975308642 0.24074074074074073 0.5842978395061729 0.24913194444444445 0.31712962962962965 0.2523148148148148 0.26080246913580246 0.25578703703703703 0.25578703703703703
0 0.8070023148148148 0.9363425925925926 0.9068287037037037 0.9944058641975309 0.9050925925925926 0.9998070987654321 0.8087384259259259 0.9998070987654321 0.8038194444444444 0.9475308641975309 0.8067129629629629 0.9365354938271605
0 0.3767361111111111 0.33719135802469136 0.4635416666666667 0.3940972222222222 0.5002893518518519 0.4201388888888889 0.5031828703703703 0.42476851851851855 0.5086805555555556 0.7089120370370371 0.5083912037037037 0.7299382716049383 0.5049189814814815 0.7415123456790124 0.49797453703703703 0.7397762345679012 0.45283564814814814 0.7143132716049383 0.37818287037037035 0.6689814814814815 0.37094907407407407 0.6612654320987654 0.37123842592592593 0.42804783950617287 0.3726851851851852 0.3439429012345679 0.3732638888888889 0.3385416666666667 0.37644675925925924 0.33719135802469136
0 0.2456597222222222 0.605516975308642 0.31047453703703703 0.6433256172839507 0.3506944444444444 0.6684027777777778 0.35300925925925924 0.671875 0.3498263888888889 0.9774305555555556 0.3489583333333333 0.9945987654320988 0.34375 0.9998070987654321 0.30092592592592593 0.9998070987654321 0.30063657407407407 0.998070987654321 0.29311342592592593 0.996141975308642 0.27546296296296297 0.9969135802469136 0.27199074074074076 0.9998070987654321 0.22743055555555555 0.9998070987654321 0.2259837962962963 0.9951774691358025 0.23640046296296297 0.6705246913580247 0.23987268518518517 0.6107253086419753 0.24131944444444445 0.6059027777777778 0.24537037037037038 0.605516975308642
0 0.5300925925925926 0.7748842592592593 0.6163194444444444 0.8236882716049383 0.6548032407407407 0.8487654320987654 0.6626157407407407 0.9890046296296297 0.6600115740740741 0.9998070987654321 0.6142939814814815 0.9998070987654321 0.6131365740740741 0.9976851851851852 0.6096643518518519 0.9998070987654321 0.5726273148148148 0.9998070987654321 0.5711805555555556 0.9974922839506173 0.5668402777777778 0.9978780864197531 0.5662615740740741 0.9998070987654321 0.5324074074074074 0.9998070987654321 0.5257523148148148 0.7903163580246914 0.5263310185185185 0.7775848765432098 0.5298032407407407 0.7748842592592593
0 0.9030671296296297 0.6938657407407407 0.9858217592592593 0.748070987654321 0.9953703703703703 0.7586805555555556 0.9976851851851852 0.7993827160493827 0.9997106481481481 0.8015046296296297 0.9997106481481481 0.9967206790123457 0.9730902777777778 0.9969135802469136 0.9667245370370371 0.998070987654321 0.9664351851851852 0.9998070987654321 0.9334490740740741 0.9998070987654321 0.9265046296296297 0.9915123456790124 0.8981481481481481 0.7037037037037037 0.8998842592592593 0.6938657407407407 0.9007523148148148 0.6925154320987654 0.9027777777777778 0.6938657407407407
0 0.5225694444444444 0.4363425925925926 0.5914351851851852 0.4809027777777778 0.6348379629629629 0.5108024691358025 0.6383101851851852 0.5154320987654321 0.6475694444444444 0.6805555555555556 0.6524884259259259 0.8184799382716049 0.6507523148148148 0.8275462962962963 0.6235532407407407 0.8150077160493827 0.5529513888888888 0.7735339506172839 0.53125 0.7596450617283951 0.5257523148148148 0.7521219135802469 0.5188078703703703 0.4841820987654321 0.5188078703703703 0.4398148148148148 0.5222800925925926 0.4363425925925926
0 0.7832754629629629 0.6126543209876543 0.8735532407407407 0.6716820987654321 0.8842592592592593 0.6822916666666666 0.9114583333333334 0.972608024691358 0.9117476851851852 0.9807098765432098 0.9085648148148148 0.982445987654321 0.8981481481481481 0.9785879629629629 0.8295717592592593 0.9375 0.8093171296296297 0.9249614197530864 0.8029513888888888 0.9182098765432098 0.7815393518518519 0.6473765432098766 0.7803819444444444 0.6207561728395061 0.7829861111111112 0.6126543209876543
0 0.3738425925925926 0.6820987654320988 0.48032407407407407 0.7438271604938271 0.5043402777777778 0.7586805555555556 0.5098379629629629 0.7650462962962963 0.5153356481481481 0.9770447530864198 0.5150462962962963 0.9942129629629629 0.5112847222222222 0.9998070987654321 0.4053819444444444 0.9998070987654321 0.40422453703703703 0.9976851851851852 0.40162037037037035 0.9998070987654321 0.36863425925925924 0.9998070987654321 0.3666087962962963 0.9392361111111112 0.3695023148148148 0.7065972222222222 0.37008101851851855 0.6876929012345679 0.37355324074074076 0.6820987654320988