0 0.25 0.2491103202846975 0.252 0.2526690391459075 0.262 0.2526690391459075 0.264 0.25622775800711745 0.28 0.25622775800711745 0.288 0.2491103202846975 0.3 0.2491103202846975 0.302 0.2526690391459075 0.316 0.2526690391459075 0.318 0.2491103202846975 0.32 0.2526690391459075 0.324 0.2526690391459075 0.326 0.2597864768683274 0.324 0.2846975088967972 0.32 0.29537366548042704 0.318 0.31316725978647686 0.314 0.3202846975088968 0.206 0.3202846975088968 0.206 0.31316725978647686 0.21 0.30604982206405695 0.214 0.28825622775800713 0.228 0.25622775800711745 0.236 0.2491103202846975 0.24 0.2526690391459075 0.248 0.2491103202846975
0 0.858 0.15658362989323843 0.916 0.15658362989323843 0.936 0.17793594306049823 0.94 0.18505338078291814 0.936 0.18505338078291814 0.934 0.18861209964412812 0.884 0.18861209964412812 0.868 0.17437722419928825 0.86 0.1601423487544484
0 0.748 0.08185053380782918 0.756 0.09608540925266904 0.756 0.099644128113879 0.698 0.099644128113879 0.694 0.09608540925266904 0.69 0.08540925266903915 0.692 0.08185053380782918 0.746 0.08185053380782918
0 0.658 0.26334519572953735 0.662 0.2597864768683274 0.744 0.2597864768683274 0.774 0.3202846975088968 0.772 0.3238434163701068 0.678 0.3238434163701068 0.674 0.3202846975088968 0.67 0.3096085409252669 0.668 0.298932384341637 0.66 0.28113879003558717 0.658 0.2669039145907473
0 0.764 0.15302491103202848 0.766 0.15658362989323843 0.774 0.15658362989323843 0.776 0.15302491103202848 0.778 0.15658362989323843 0.802 0.15658362989323843 0.812 0.16725978647686832 0.822 0.18505338078291814 0.82 0.18861209964412812 0.752 0.18861209964412812 0.746 0.18149466192170818 0.746 0.17793594306049823 0.736 0.15658362989323843 0.762 0.15302491103202848
0 0.59 0.07829181494661921 0.594 0.07829181494661921 0.596 0.07473309608540925 0.652 0.07829181494661921 0.66 0.09608540925266904 0.65 0.10320284697508897 0.646 0.10320284697508897 0.644 0.099644128113879 0.594 0.099644128113879 0.59 0.08185053380782918
0 0.502 0.0711743772241993 0.504 0.07473309608540925 0.558 0.07473309608540925 0.562 0.08896797153024912 0.562 0.099644128113879 0.494 0.099644128113879 0.49 0.08540925266903915 0.49 0.07473309608540925 0.494 0.0711743772241993 0.5 0.0711743772241993
0 0.722 0.708185053380783 0.724 0.7117437722419929 0.738 0.7117437722419929 0.744 0.7224199288256228 0.752 0.7508896797153025 0.754 0.7651245551601423 0.758 0.7722419928825622 0.768 0.8113879003558719 0.772 0.8185053380782918 0.78 0.8469750889679716 0.782 0.8612099644128114 0.788 0.8718861209964412 0.796 0.900355871886121 0.796 0.9074733096085409 0.802 0.9181494661921709 0.816 0.9715302491103203 0.82 0.9786476868327402 0.824 0.9928825622775801 0.806 0.9928825622775801 0.804 0.99644128113879 0.796 0.99644128113879 0.794 0.9928825622775801 0.734 0.9928825622775801 0.732 0.99644128113879 0.648 0.9928825622775801 0.646 0.99644128113879 0.608 0.99644128113879 0.606 0.9928825622775801 0.604 0.9857651245551602 0.604 0.9715302491103203 0.6 0.9572953736654805 0.6 0.9395017793594306 0.594 0.9145907473309609 0.594 0.896797153024911 0.592 0.8932384341637011 0.592 0.8825622775800712 0.588 0.8647686832740213 0.586 0.8327402135231317 0.584 0.8291814946619217 0.584 0.8185053380782918 0.58 0.8042704626334519 0.58 0.7900355871886121 0.576 0.7722419928825622 0.576 0.7544483985765125 0.572 0.7366548042704626 0.572 0.7117437722419929 0.574 0.708185053380783 0.628 0.708185053380783 0.63 0.7117437722419929 0.648 0.7117437722419929 0.65 0.708185053380783 0.72 0.708185053380783
0 0.078 0.08896797153024912 0.082 0.07829181494661921 0.094 0.06761565836298933 0.144 0.06761565836298933 0.146 0.07473309608540925 0.142 0.08540925266903915 0.134 0.09252669039145907 0.086 0.09252669039145907 0.084 0.08896797153024912 0.08 0.08896797153024912
0 0.372 0.2526690391459075 0.47 0.2526690391459075 0.474 0.26334519572953735 0.474 0.28825622775800713 0.476 0.2918149466192171 0.476 0.3202846975088968 0.472 0.3238434163701068 0.37 0.3238434163701068 0.368 0.3202846975088968 0.364 0.3202846975088968 0.362 0.31316725978647686 0.366 0.298932384341637 0.368 0.2669039145907473 0.372 0.25622775800711745
0 0.95 0.2597864768683274 0.998 0.2597864768683274 0.998 0.3167259786476868 0.996 0.31316725978647686 0.992 0.31316725978647686 0.976 0.2918149466192171 0.97 0.28825622775800713 0.952 0.2669039145907473 0.952 0.26334519572953735
0 0.434 0.0711743772241993 0.436 0.07473309608540925 0.462 0.07473309608540925 0.464 0.08185053380782918 0.464 0.09608540925266904 0.46 0.099644128113879 0.4 0.099644128113879 0.398 0.09608540925266904 0.392 0.09608540925266904 0.39 0.09252669039145907 0.39 0.08540925266903915 0.394 0.0711743772241993 0.432 0.0711743772241993
0 0.33 0.010676156583629894 0.332 0.014234875444839857 0.342 0.014234875444839857 0.344 0.010676156583629894 0.346 0.014234875444839857 0.368 0.014234875444839857 0.372 0.021352313167259787 0.37 0.028469750889679714 0.366 0.03202846975088968 0.316 0.03202846975088968 0.314 0.028469750889679714 0.31 0.028469750889679714 0.312 0.014234875444839857 0.314 0.010676156583629894 0.328 0.010676156583629894
0 0.148 0.24555160142348753 0.15 0.2491103202846975 0.172 0.2491103202846975 0.172 0.2597864768683274 0.166 0.2704626334519573 0.164 0.28113879003558717 0.15 0.3096085409252669 0.15 0.31316725978647686 0.14 0.3202846975088968 0.12 0.3202846975088968 0.118 0.3167259786476868 0.046 0.3167259786476868 0.044 0.31316725978647686 0.062 0.28113879003558717 0.064 0.28113879003558717 0.084 0.2491103202846975 0.146 0.24555160142348753
0 0.128 0.17793594306049823 0.15 0.1423487544483986 0.162 0.1423487544483986 0.164 0.1387900355871886 0.168 0.1423487544483986 0.22 0.1423487544483986 0.22 0.15658362989323843 0.218 0.16370106761565836 0.208 0.18149466192170818 0.204 0.18149466192170818 0.202 0.18505338078291814 0.188 0.18505338078291814 0.186 0.18149466192170818 0.13 0.18149466192170818
0 0.236 0.06761565836298933 0.238 0.0711743772241993 0.254 0.0711743772241993 0.254 0.08185053380782918 0.252 0.08896797153024912 0.246 0.09608540925266904 0.204 0.09608540925266904 0.202 0.09252669039145907 0.184 0.09252669039145907 0.184 0.08540925266903915 0.196 0.06761565836298933 0.234 0.06761565836298933
0 0.662 0.1494661921708185 0.664 0.15302491103202848 0.692 0.15302491103202848 0.696 0.16725978647686832 0.702 0.17437722419928825 0.704 0.18149466192170818 0.702 0.18861209964412812 0.628 0.18861209964412812 0.618 0.16725978647686832 0.618 0.15302491103202848 0.628 0.15302491103202848 0.63 0.1494661921708185 0.66 0.1494661921708185
0 0 0.23843416370106763 0.004 0.23843416370106763 0.006 0.24199288256227758 0.016 0.24199288256227758 0.018 0.24555160142348753 0.016 0.25622775800711745 0.014 0.25622775800711745 0 0.2775800711743772 0 0.24199288256227758
0 0.384 0.14590747330960854 0.464 0.14590747330960854 0.468 0.16370106761565836 0.468 0.18505338078291814 0.466 0.18861209964412812 0.392 0.18861209964412812 0.39 0.18505338078291814 0.38 0.18505338078291814 0.38 0.16725978647686832 0.384 0.1494661921708185
0 0.22 0.41637010676156583 0.222 0.4199288256227758 0.226 0.41637010676156583 0.238 0.41637010676156583 0.24 0.4199288256227758 0.292 0.41637010676156583 0.294 0.4199288256227758 0.292 0.4483985765124555 0.29 0.45195729537366547 0.282 0.501779359430605 0.278 0.5124555160142349 0.278 0.5231316725978647 0.272 0.5444839857651246 0.272 0.5516014234875445 0.27 0.5551601423487544 0.122 0.5551601423487544 0.12 0.5516014234875445 0.128 0.5302491103202847 0.128 0.5231316725978647 0.138 0.501779359430605 0.154 0.45907473309608543 0.156 0.4483985765124555 0.17 0.4199288256227758 0.182 0.4199288256227758 0.184 0.41637010676156583 0.19 0.41637010676156583 0.192 0.4199288256227758 0.218 0.4199288256227758
0 0.358 0.0711743772241993 0.36 0.07473309608540925 0.358 0.09608540925266904 0.354 0.09608540925266904 0.352 0.099644128113879 0.33 0.099644128113879 0.328 0.09608540925266904 0.324 0.09608540925266904 0.322 0.099644128113879 0.292 0.099644128113879 0.29 0.09608540925266904 0.286 0.09608540925266904 0.286 0.08896797153024912 0.294 0.0711743772241993 0.356 0.0711743772241993
0 0 0.9893238434163701 0 0.8683274021352313 0.006 0.8576512455516014 0.018 0.8220640569395018 0.032 0.7900355871886121 0.034 0.7793594306049823 0.04 0.7686832740213523 0.06 0.7153024911032029 0.234 0.7153024911032029 0.236 0.7188612099644128 0.234 0.7473309608540926 0.232 0.7508896797153025 0.228 0.7793594306049823 0.224 0.7900355871886121 0.218 0.8327402135231317 0.214 0.8434163701067615 0.212 0.8612099644128114 0.208 0.8718861209964412 0.206 0.896797153024911 0.202 0.9074733096085409 0.202 0.9145907473309609 0.2 0.9181494661921709 0.194 0.9572953736654805 0.19 0.9679715302491103 0.188 0.9857651245551602 0.186 0.9928825622775801 0.182 0.99644128113879 0.146 0.99644128113879 0.144 0.9928825622775801 0.134 0.9928825622775801 0.132 0.99644128113879 0.074 0.99644128113879 0.072 0.9928825622775801 0.052 0.9928825622775801 0.05 0.99644128113879 0.018 0.99644128113879 0.016 0.9928825622775801 0.004 0.9928825622775801 0.002 0.9893238434163701
0 0.64 0.41637010676156583 0.642 0.4199288256227758 0.648 0.4199288256227758 0.65 0.41637010676156583 0.658 0.42704626334519574 0.662 0.4377224199288256 0.662 0.44483985765124556 0.666 0.45907473309608543 0.682 0.501779359430605 0.682 0.5088967971530249 0.694 0.5480427046263345 0.694 0.5551601423487544 0.55 0.5551601423487544 0.548 0.5516014234875445 0.548 0.5444839857651246 0.546 0.5409252669039146 0.546 0.5231316725978647 0.544 0.5195729537366548 0.544 0.5088967971530249 0.54 0.49110320284697506 0.54 0.47686832740213525 0.538 0.47330960854092524 0.538 0.45907473309608543 0.534 0.4412811387900356 0.534 0.4199288256227758 0.536 0.41637010676156583 0.57 0.41637010676156583 0.572 0.4199288256227758 0.586 0.4199288256227758 0.588 0.41637010676156583 0.638 0.41637010676156583
0 0.164 0.0071174377224199285 0.166 0.010676156583629894 0.188 0.010676156583629894 0.188 0.017793594306049824 0.182 0.02491103202846975 0.176 0.02491103202846975 0.174 0.028469750889679714 0.16 0.028469750889679714 0.158 0.03202846975088968 0.156 0.028469750889679714 0.144 0.028469750889679714 0.142 0.02491103202846975 0.134 0.02491103202846975 0.132 0.021352313167259787 0.136 0.014234875444839857 0.14 0.010676156583629894 0.146 0.010676156583629894 0.148 0.0071174377224199285 0.152 0.010676156583629894 0.162 0.010676156583629894
0 0.796 0.08185053380782918 0.842 0.08185053380782918 0.854 0.09608540925266904 0.852 0.099644128113879 0.802 0.099644128113879 0.796 0.08896797153024912 0.796 0.08540925266903915
0 0.946 0.41637010676156583 0.948 0.4199288256227758 0.952 0.4199288256227758 0.954 0.41637010676156583 0.962 0.41637010676156583 0.964 0.4199288256227758 0.972 0.41637010676156583 0.976 0.4234875444839858 0.978 0.4234875444839858 0.98 0.41637010676156583 0.986 0.41637010676156583 0.988 0.4199288256227758 0.996 0.4199288256227758 0.998 0.4234875444839858 0.998 0.48398576512455516 0.994 0.49466192170818507 0.994 0.5088967971530249 0.998 0.5160142348754448 0.998 0.5551601423487544 0.982 0.5551601423487544 0.976 0.5480427046263345 0.974 0.5409252669039146 0.972 0.5409252669039146 0.956 0.5124555160142349 0.954 0.5124555160142349 0.922 0.45907473309608543 0.92 0.45907473309608543 0.9 0.4234875444839858 0.9 0.4199288256227758 0.91 0.4199288256227758 0.912 0.41637010676156583 0.918 0.41637010676156583 0.92 0.4199288256227758 0.936 0.4199288256227758 0.938 0.41637010676156583 0.944 0.41637010676156583
0 0.002 0.17437722419928825 0.006 0.16370106761565836 0.018 0.1494661921708185 0.032 0.1423487544483986 0.034 0.1387900355871886 0.044 0.1387900355871886 0.046 0.1423487544483986 0.078 0.1423487544483986 0.08 0.14590747330960854 0.092 0.14590747330960854 0.092 0.1494661921708185 0.078 0.17437722419928825 0.074 0.17793594306049823 0.062 0.17793594306049823 0.06 0.18149466192170818 0.058 0.17793594306049823 0.052 0.18149466192170818 0.05 0.17793594306049823 0.006 0.17793594306049823 0.004 0.17437722419928825
0 0.026 0.41637010676156583 0.028 0.4199288256227758 0.052 0.4199288256227758 0.054 0.41637010676156583 0.058 0.4199288256227758 0.092 0.4199288256227758 0.094 0.4234875444839858 0.09 0.4412811387900356 0.068 0.48398576512455516 0.062 0.501779359430605 0.04 0.5444839857651246 0.04 0.5480427046263345 0.032 0.5551601423487544 0 0.5551601423487544 0 0.48398576512455516 0.004 0.47330960854092524 0.004 0.4697508896797153 0 0.46619217081850534 0 0.4199288256227758 0.024 0.4199288256227758
0 0.548 0.2526690391459075 0.558 0.2597864768683274 0.562 0.2597864768683274 0.566 0.2526690391459075 0.582 0.2526690391459075 0.584 0.25622775800711745 0.586 0.2526690391459075 0.604 0.2526690391459075 0.608 0.25622775800711745 0.612 0.26334519572953735 0.628 0.3202846975088968 0.626 0.3238434163701068 0.522 0.3238434163701068 0.518 0.3202846975088968 0.518 0.3096085409252669 0.516 0.30604982206405695 0.516 0.2918149466192171 0.514 0.28825622775800713 0.514 0.25622775800711745 0.516 0.2526690391459075 0.546 0.2526690391459075
0 0.74 0.41637010676156583 0.742 0.4199288256227758 0.826 0.4199288256227758 0.832 0.42704626334519574 0.832 0.4306049822064057 0.836 0.43416370106761565 0.856 0.47330960854092524 0.856 0.47686832740213525 0.872 0.501779359430605 0.872 0.505338078291815 0.884 0.5266903914590747 0.884 0.5302491103202847 0.894 0.5444839857651246 0.896 0.5551601423487544 0.764 0.5551601423487544 0.758 0.5480427046263345 0.756 0.5373665480427047 0.722 0.4483985765124555 0.716 0.42704626334519574 0.716 0.4199288256227758 0.718 0.41637010676156583 0.724 0.41637010676156583 0.726 0.4199288256227758 0.734 0.4199288256227758 0.738 0.41637010676156583
0 0.301 0.16725978647686832 0.094 0.0498220640569395
0 0.32 0.7117437722419929 0.494 0.7117437722419929 0.498 0.7224199288256228 0.5 0.7864768683274022 0.502 0.7900355871886121 0.504 0.8434163701067615 0.506 0.8469750889679716 0.508 0.9217081850533808 0.51 0.9252669039145908 0.51 0.9430604982206405 0.512 0.9466192170818505 0.512 0.9822064056939501 0.514 0.9857651245551602 0.514 0.9928825622775801 0.512 0.99644128113879 0.462 0.99644128113879 0.46 0.9928825622775801 0.43 0.9928825622775801 0.428 0.99644128113879 0.424 0.9928825622775801 0.422 0.99644128113879 0.414 0.99644128113879 0.412 0.9928825622775801 0.388 0.9928825622775801 0.386 0.99644128113879 0.384 0.9928825622775801 0.374 0.9928825622775801 0.372 0.99644128113879 0.338 0.99644128113879 0.336 0.9928825622775801 0.33 0.9928825622775801 0.328 0.99644128113879 0.286 0.99644128113879 0.284 0.9893238434163701 0.288 0.9750889679715302 0.29 0.9466192170818505 0.294 0.9323843416370107 0.294 0.9110320284697508 0.296 0.9074733096085409 0.298 0.8790035587188612 0.302 0.8612099644128114 0.302 0.8469750889679716 0.304 0.8434163701067615 0.304 0.8291814946619217 0.308 0.8113879003558719 0.308 0.797153024911032 0.31 0.7935943060498221 0.312 0.7615658362989324 0.316 0.7437722419928826 0.316 0.7295373665480427 0.32 0.7153024911032029
0 0.846 0.2597864768683274 0.848 0.26334519572953735 0.858 0.26334519572953735 0.86 0.2597864768683274 0.88 0.2597864768683274 0.894 0.28113879003558717 0.92 0.31316725978647686 0.922 0.3202846975088968 0.918 0.3238434163701068 0.836 0.3238434163701068 0.832 0.3202846975088968 0.814 0.28825622775800713 0.812 0.28825622775800713 0.802 0.2704626334519573 0.802 0.26334519572953735 0.84 0.26334519572953735 0.844 0.2597864768683274
0 0.862 0.708185053380783 0.864 0.7117437722419929 0.89 0.7117437722419929 0.892 0.708185053380783 0.904 0.708185053380783 0.906 0.7117437722419929 0.964 0.7117437722419929 0.966 0.708185053380783 0.97 0.708185053380783 0.972 0.7117437722419929 0.98 0.7117437722419929 0.998 0.7437722419928826 0.998 0.8362989323843416 0.994 0.8434163701067615 0.994 0.8505338078291815 0.998 0.8647686832740213 0.998 0.9359430604982206 0.994 0.9430604982206405 0.994 0.9572953736654805 0.998 0.9644128113879004 0.998 0.9893238434163701 0.996 0.9928825622775801 0.98 0.9928825622775801 0.978 0.99644128113879 0.95 0.99644128113879 0.948 0.9928825622775801 0.93 0.9928825622775801 0.928 0.9893238434163701 0.926 0.9786476868327402 0.92 0.9679715302491103 0.912 0.9430604982206405 0.906 0.9323843416370107 0.888 0.8825622775800712 0.882 0.8718861209964412 0.88 0.8612099644128114 0.868 0.8362989323843416 0.852 0.7935943060498221 0.85 0.7829181494661922 0.836 0.7508896797153025 0.832 0.7330960854092526 0.826 0.7188612099644128 0.826 0.7117437722419929 0.83 0.708185053380783 0.86 0.708185053380783
0 0.5 0.1494661921708185 0.532 0.1494661921708185 0.534 0.14590747330960854 0.58 0.1494661921708185 0.588 0.18149466192170818 0.586 0.18861209964412812 0.506 0.18861209964412812 0.502 0.18505338078291814 0.502 0.17793594306049823 0.5 0.17437722419928825 0.5 0.15302491103202848
0 0.9 0.08185053380782918 0.94 0.08185053380782918 0.952 0.09252669039145907 0.952 0.09608540925266904 0.938 0.09608540925266904 0.936 0.099644128113879 0.93 0.099644128113879 0.928 0.09608540925266904 0.908 0.09608540925266904 0.9 0.08540925266903915
0 0 0.060498220640569395 0.032 0.06405693950177936 0.034 0.06761565836298933 0.034 0.07473309608540925 0.026 0.08540925266903915 0.022 0.08540925266903915 0.02 0.08896797153024912 0 0.08896797153024912 0 0.06405693950177936
0 0.374 0.4128113879003559 0.376 0.41637010676156583 0.398 0.41637010676156583 0.4 0.4128113879003559 0.426 0.4128113879003559 0.428 0.41637010676156583 0.452 0.41637010676156583 0.454 0.4128113879003559 0.46 0.4128113879003559 0.462 0.41637010676156583 0.478 0.41637010676156583 0.48 0.4199288256227758 0.482 0.4412811387900356 0.484 0.44483985765124556 0.484 0.48398576512455516 0.486 0.4875444839857651 0.486 0.5124555160142349 0.488 0.5160142348754448 0.488 0.5551601423487544 0.338 0.5551601423487544 0.336 0.5516014234875445 0.338 0.5480427046263345 0.338 0.5338078291814946 0.34 0.5302491103202847 0.34 0.5160142348754448 0.342 0.5124555160142349 0.342 0.498220640569395 0.344 0.49466192170818507 0.344 0.4804270462633452 0.346 0.47686832740213525 0.346 0.46619217081850534 0.348 0.4626334519572954 0.352 0.4234875444839858 0.354 0.41637010676156583 0.358 0.4128113879003559 0.372 0.4128113879003559