0 0.22133333333333333 0.82 0.38566666666666666 0.821 0.41433333333333333 0.8235 0.4146666666666667 0.985 0.41133333333333333 0.996 0.4083333333333333 0.9945 0.4073333333333333 0.9905 0.4063333333333333 0.994 0.39066666666666666 0.9975 0.3903333333333333 0.9995 0.37033333333333335 0.9995 0.364 0.9965 0.21066666666666667 0.9995 0.20666666666666667 0.9965 0.20433333333333334 0.96 0.20666666666666667 0.946 0.20466666666666666 0.92 0.206 0.8305 0.207 0.8255 0.221 0.82
0 0.636 0 0.6903333333333334 0 0.6923333333333334 0.0025 0.6986666666666667 0.002 0.699 0 0.81 0 0.8156666666666667 0.0025 0.8423333333333334 0 0.8443333333333334 0.026 0.8453333333333334 0.1705 0.845 0.2275 0.842 0.236 0.7366666666666667 0.238 0.638 0.235 0.6356666666666667 0.2275 0.637 0.217 0.635 0.1255 0.636 0.0005
0 0.7933333333333333 0.2465 0.8416666666666667 0.2465 0.845 0.253 0.847 0.4945 0.8463333333333334 0.5185 0.842 0.5235 0.659 0.5235 0.6406666666666667 0.522 0.638 0.516 0.6356666666666667 0.357 0.637 0.253 0.6436666666666667 0.2475 0.793 0.2465
0 0.433 0 0.444 0.003 0.44966666666666666 0.003 0.452 0 0.45566666666666666 0.002 0.457 0 0.47733333333333333 0 0.4776666666666667 0.002 0.498 0.005 0.5076666666666667 0 0.5363333333333333 0 0.5396666666666666 0.004 0.5453333333333333 0.003 0.547 0 0.5756666666666667 0 0.584 0.005 0.593 0 0.6276666666666667 0 0.6303333333333333 0.0145 0.6283333333333333 0.0565 0.63 0.0705 0.6286666666666667 0.1085 0.6303333333333333 0.1715 0.628 0.1885 0.63 0.199 0.6283333333333333 0.2165 0.63 0.2305 0.6283333333333333 0.2345 0.6203333333333333 0.2375 0.588 0.24 0.428 0.239 0.423 0.237 0.42133333333333334 0.228 0.42133333333333334 0.008 0.424 0.002 0.433 0.0005
0 0.5413333333333333 0.532 0.6233333333333333 0.5325 0.6303333333333333 0.536 0.631 0.807 0.627 0.811 0.6066666666666667 0.8125 0.5413333333333333 0.8105 0.502 0.815 0.4513333333333333 0.8145 0.42633333333333334 0.812 0.4216666666666667 0.807 0.421 0.5365 0.425 0.5325 0.523 0.5345 0.541 0.532
0 0.9186666666666666 0.2455 0.9996666666666667 0.248 0.9996666666666667 0.301 0.9973333333333333 0.304 0.996 0.3315 0.9973333333333333 0.3385 0.9996666666666667 0.34 0.9996666666666667 0.414 0.998 0.4145 0.9996666666666667 0.4155 0.9996666666666667 0.52 0.9906666666666667 0.5235 0.9463333333333334 0.524 0.8653333333333333 0.522 0.856 0.519 0.854 0.5085 0.8536666666666667 0.4075 0.8516666666666667 0.3635 0.854 0.249 0.867 0.246 0.9183333333333333 0.2455
0 0.23133333333333334 0 0.24866666666666667 0 0.25133333333333335 0.003 0.25333333333333335 0 0.2816666666666667 0 0.284 0.0025 0.3 0.0045 0.32 0.0035 0.329 0 0.3476666666666667 0 0.3486666666666667 0.0025 0.3586666666666667 0.002 0.35933333333333334 0 0.3596666666666667 0.002 0.37333333333333335 0.003 0.41633333333333333 0 0.41533333333333333 0.0295 0.4166666666666667 0.042 0.4156666666666667 0.2135 0.4136666666666667 0.233 0.38366666666666666 0.2375 0.22366666666666668 0.235 0.22066666666666668 0.23 0.22166666666666668 0.2165 0.219 0.204 0.22066666666666668 0.1905 0.21933333333333332 0.1645 0.222 0.151 0.21933333333333332 0.143 0.22266666666666668 0.1335 0.22133333333333333 0.1245 0.225 0.11 0.223 0.1055 0.222 0.0905 0.22433333333333333 0.05 0.22233333333333333 0.0435 0.22166666666666668 0.013 0.22266666666666668 0.0045 0.23133333333333334 0.0005
0 0.11566666666666667 0.819 0.19633333333333333 0.8215 0.198 0.849 0.19633333333333333 0.872 0.197 0.9255 0.19566666666666666 0.9285 0.19766666666666666 0.949 0.19633333333333333 0.988 0.198 0.9945 0.19466666666666665 0.9995 0.15 0.9995 0.14066666666666666 0.9965 0.09233333333333334 0.9995 0.092 0.9975 0.079 0.9955 0.043333333333333335 0.9955 0.024666666666666667 0.9995 0.022333333333333334 0.997 0.005 0.997 0 0.9935 0 0.9615 0.0026666666666666666 0.96 0.0033333333333333335 0.9545 0.003 0.9425 0 0.9395 0.002 0.9365 0 0.9345 0 0.8625 0.0026666666666666666 0.86 0.0023333333333333335 0.8555 0 0.8545 0 0.823 0.11533333333333333 0.819
0 0.011 0.5345 0.08066666666666666 0.537 0.123 0.535 0.16433333333333333 0.538 0.18233333333333332 0.5345 0.19633333333333333 0.536 0.2 0.5595 0.19766666666666666 0.5745 0.19833333333333333 0.6135 0.19633333333333333 0.6265 0.19766666666666666 0.6325 0.19633333333333333 0.648 0.19833333333333333 0.6545 0.197 0.6785 0.199 0.7335 0.19666666666666666 0.7605 0.197 0.808 0.19266666666666668 0.8115 0.14933333333333335 0.813 0 0.812 0 0.694 0.002 0.6935 0 0.691 0 0.539 0.010666666666666666 0.5345
0 0.7723333333333333 0.819 0.7936666666666666 0.821 0.819 0.8185 0.846 0.82 0.849 0.823 0.8513333333333334 0.9785 0.8506666666666667 0.995 0.8486666666666667 0.9995 0.83 0.9995 0.827 0.997 0.7723333333333333 0.9995 0.767 0.9965 0.7153333333333334 0.9995 0.7106666666666667 0.9965 0.6466666666666666 0.9965 0.6403333333333333 0.9945 0.6383333333333333 0.9605 0.6383333333333333 0.8445 0.6403333333333333 0.823 0.6466666666666666 0.8205 0.772 0.8195
0 0.024666666666666667 0.246 0.04566666666666667 0.2485 0.18233333333333332 0.246 0.19633333333333333 0.248 0.19966666666666666 0.253 0.19966666666666666 0.2865 0.19833333333333333 0.289 0.19966666666666666 0.2995 0.19733333333333333 0.304 0.19966666666666666 0.3095 0.20066666666666666 0.3665 0.19866666666666666 0.3825 0.19933333333333333 0.425 0.19633333333333333 0.4285 0.19633333333333333 0.432 0.19933333333333333 0.4355 0.195 0.439 0.19866666666666666 0.453 0.199 0.463 0.196 0.468 0.19233333333333333 0.4535 0.19133333333333333 0.4635 0.18866666666666668 0.4685 0.18933333333333333 0.4765 0.196 0.474 0.19833333333333333 0.4775 0.19966666666666666 0.496 0.19666666666666666 0.512 0.198 0.519 0.19633333333333333 0.522 0.18933333333333333 0.5225 0.10666666666666667 0.524 0 0.5215 0 0.4755 0.0026666666666666666 0.474 0.002 0.468 0 0.4675 0 0.434 0.0026666666666666666 0.432 0.003 0.4225 0.002 0.4145 0 0.4135 0 0.2535 0.008 0.247 0.024333333333333332 0.246
0 0.004666666666666667 0 0.03866666666666667 0 0.03933333333333333 0.002 0.04033333333333333 0 0.115 0 0.11533333333333333 0.002 0.13533333333333333 0 0.136 0.002 0.15366666666666667 0.0035 0.15766666666666668 0 0.19866666666666666 0 0.201 0.0105 0.202 0.1435 0.20066666666666666 0.1545 0.20233333333333334 0.1595 0.20066666666666666 0.2305 0.196 0.2355 0.18933333333333333 0.233 0.18433333333333332 0.237 0.16333333333333333 0.2375 0.018 0.237 0 0.2345 0 0.006 0.004666666666666667 0.0005
0 0.608 0.818 0.629 0.8195 0.6316666666666667 0.8235 0.633 0.8465 0.632 0.929 0.6333333333333333 0.935 0.6316666666666667 0.9855 0.6343333333333333 0.9945 0.6266666666666667 0.9995 0.5916666666666667 0.9995 0.586 0.9965 0.5643333333333334 0.9945 0.5013333333333333 0.997 0.49466666666666664 0.994 0.442 0.9995 0.44166666666666665 0.9975 0.42333333333333334 0.9955 0.421 0.99 0.42033333333333334 0.831 0.422 0.823 0.425 0.821 0.49466666666666664 0.8205 0.5086666666666667 0.821 0.5123333333333333 0.8235 0.5276666666666666 0.82 0.6076666666666667 0.818
0 0.9026666666666666 0.533 0.9256666666666666 0.5315 0.941 0.5345 0.9996666666666667 0.536 0.9996666666666667 0.5785 0.9963333333333333 0.5815 0.9996666666666667 0.5865 0.9996666666666667 0.7345 0.9976666666666667 0.7355 0.9996666666666667 0.7395 0.9996666666666667 0.7885 0.9973333333333333 0.7895 0.9946666666666667 0.8 0.997 0.8105 0.9323333333333333 0.813 0.8683333333333333 0.811 0.859 0.8085 0.8566666666666667 0.798 0.8553333333333333 0.77 0.8573333333333333 0.755 0.8556666666666667 0.7315 0.8563333333333333 0.7 0.8543333333333333 0.69 0.8556666666666667 0.6745 0.8536666666666667 0.6615 0.855 0.6435 0.8533333333333334 0.634 0.8546666666666667 0.5355 0.8636666666666667 0.5325 0.9023333333333333 0.533
0 0.22533333333333333 0.5335 0.238 0.536 0.3516666666666667 0.5335 0.408 0.5355 0.41133333333333333 0.5335 0.414 0.537 0.416 0.553 0.416 0.624 0.414 0.748 0.415 0.781 0.41333333333333333 0.809 0.41133333333333333 0.812 0.398 0.8135 0.352 0.812 0.3353333333333333 0.8145 0.23633333333333334 0.8135 0.21933333333333332 0.812 0.21533333333333332 0.8085 0.21433333333333332 0.741 0.217 0.7275 0.21366666666666667 0.689 0.21733333333333332 0.6625 0.21533333333333332 0.6545 0.21733333333333332 0.6355 0.214 0.6225 0.21766666666666667 0.606 0.21766666666666667 0.5805 0.21533333333333332 0.56 0.21333333333333335 0.5565 0.20966666666666667 0.558 0.20766666666666667 0.5535 0.21 0.551 0.21666666666666667 0.5515 0.216 0.5405 0.219 0.536 0.225 0.5335
0 0.24733333333333332 0.2455 0.40166666666666667 0.2475 0.4116666666666667 0.2485 0.415 0.2515 0.416 0.423 0.4156666666666667 0.4995 0.414 0.5215 0.4063333333333333 0.5245 0.32266666666666666 0.526 0.2693333333333333 0.524 0.255 0.521 0.248 0.5235 0.234 0.523 0.22233333333333333 0.522 0.21933333333333332 0.519 0.21833333333333332 0.3515 0.22166666666666668 0.25 0.22566666666666665 0.2465 0.247 0.2455
0 0.883 0.8195 0.96 0.82 0.9996666666666667 0.8235 0.9996666666666667 0.946 0.9976666666666667 0.9475 0.9973333333333333 0.9565 0.998 0.962 0.9996666666666667 0.9625 0.9996666666666667 0.981 0.997 0.983 0.9953333333333333 0.994 0.9856666666666667 0.997 0.9196666666666666 0.996 0.9106666666666666 0.9975 0.9103333333333333 0.9995 0.861 0.9995 0.8586666666666667 0.9945 0.8593333333333333 0.9555 0.857 0.9465 0.859 0.932 0.857 0.864 0.8576666666666667 0.8455 0.8593333333333333 0.8415 0.858 0.8245 0.8616666666666667 0.82 0.8826666666666667 0.8195
0 0.4573333333333333 0.247 0.6166666666666667 0.247 0.6293333333333333 0.2515 0.6283333333333333 0.267 0.63 0.2935 0.628 0.306 0.63 0.3105 0.6306666666666667 0.3695 0.629 0.397 0.6316666666666667 0.4705 0.63 0.521 0.606 0.524 0.574 0.522 0.49066666666666664 0.5245 0.4246666666666667 0.523 0.4216666666666667 0.521 0.421 0.517 0.4216666666666667 0.2545 0.42533333333333334 0.2495 0.457 0.247
0 0.7346666666666667 0.533 0.8416666666666667 0.5335 0.845 0.5365 0.8473333333333334 0.5585 0.8466666666666667 0.6295 0.8493333333333334 0.7015 0.848 0.8065 0.8453333333333334 0.81 0.8363333333333334 0.811 0.7016666666666667 0.8115 0.6753333333333333 0.814 0.644 0.8115 0.6406666666666667 0.81 0.639 0.804 0.638 0.5405 0.6403333333333333 0.534 0.6436666666666667 0.533 0.6736666666666666 0.535 0.7343333333333333 0.533
0 0.8516666666666667 0 0.8593333333333333 0 0.86 0.002 0.867 0 0.8743333333333333 0.003 0.906 0.002 0.9063333333333333 0 0.9156666666666666 0 0.918 0.003 0.926 0.0025 0.9276666666666666 0 0.9656666666666667 0 0.973 0.003 0.994 0.003 0.9996666666666667 0.0115 0.9996666666666667 0.0475 0.996 0.0535 0.9973333333333333 0.0595 0.9996666666666667 0.0605 0.9996666666666667 0.1 0.998 0.1005 0.9996666666666667 0.1025 0.9996666666666667 0.164 0.998 0.1645 0.9996666666666667 0.165 0.9996666666666667 0.193 0.9976666666666667 0.194 0.9996666666666667 0.198 0.9996666666666667 0.235 0.967 0.2375 0.867 0.2365 0.8556666666666667 0.232 0.8533333333333334 0.2245 0.8543333333333333 0.2165 0.8516666666666667 0.1975 0.8533333333333334 0.1615 0.8516666666666667 0.1015 0.855 0.0745 0.8526666666666667 0.071 0.8516666666666667 0.0605 0.8533333333333334 0.038 0.8516666666666667 0.0005