0 0.9965 0.6297134238310709 0.99975 0.6300904977375565 0.99975 0.7507541478129713 0.9425 0.776395173453997 0.9355 0.7760180995475113 0.937 0.7435897435897436 0.936 0.6855203619909502 0.93775 0.6576168929110106 0.93975 0.6546003016591252 0.9765 0.6365007541478129 0.99625 0.6297134238310709
0 0.223 0.9996229260935143 0.2235 0.9924585218702866 0.2265 0.9894419306184012 0.307 0.9513574660633484 0.3105 0.951734539969834 0.3115 0.9573906485671192 0.31075 0.9950980392156863 0.30925 0.9996229260935143 0.28075 0.9996229260935143 0.27925 0.9969834087481146 0.27575 0.9996229260935143 0.22325 0.9996229260935143
0 0.6925 0.7515082956259427 0.68925 0.75 0.68825 0.7386877828054299 0.68925 0.5735294117647058 0.69075 0.47021116138763197 0.69225 0.4611613876319759 0.69775 0.4555052790346908 0.78275 0.41289592760180993 0.7865 0.41365007541478127 0.78775 0.4211915535444947 0.78625 0.6874057315233786 0.7845 0.7047511312217195 0.78025 0.7100301659125189 0.7665 0.7171945701357466 0.69275 0.751131221719457
0 0.2035 0.702865761689291 0.20625 0.7085218702865762 0.2065 0.717948717948718 0.19975 0.9604072398190046 0.19725 0.9875565610859729 0.17175 0.9973604826546003 0.1405 0.9962292609351433 0.12425 0.997737556561086 0.124 0.9996229260935143 0.115 0.9947209653092006 0.11575 0.9211915535444947 0.12125 0.8174962292609351 0.122 0.7481146304675717 0.127 0.7409502262443439 0.20325 0.702865761689291
0 0.67025 0.07126696832579185 0.6715 0.07880844645550528 0.6695 0.1817496229260935 0.582 0.23039215686274508 0.5785 0.23039215686274508 0.57675 0.22737556561085973 0.57825 0.12518853695324283 0.57975 0.11764705882352941 0.63 0.0889894419306184 0.668 0.07013574660633484 0.67 0.07126696832579185
0 0.78375 0.729260935143288 0.7855 0.7386877828054299 0.784 0.8487933634992458 0.69175 0.8917797888386124 0.68625 0.8902714932126696 0.686 0.8823529411764706 0.68825 0.8461538461538461 0.687 0.7888386123680241 0.689 0.7737556561085973 0.7835 0.729260935143288
0 0.55075 0.1346153846153846 0.55375 0.138763197586727 0.55425 0.14630467571644043 0.55175 0.1779788838612368 0.55325 0.1964555052790347 0.55125 0.2447209653092006 0.5285 0.25904977375565613 0.4675 0.28921568627450983 0.46225 0.2861990950226244 0.465 0.2107843137254902 0.464 0.19155354449472098 0.46575 0.17873303167420815 0.5505 0.1346153846153846
0 0.038 0 0.0785 0 0.08125 0.004524886877828055 0.085 0.003770739064856712 0.087 0 0.11725 0 0.119 0.004524886877828055 0.11775 0.0524132730015083 0.11575 0.0614630467571644 0.03975 0.10520361990950226 0.0365 0.10256410256410256 0.038 0.0003770739064856712
0 0.6955 0 0.749 0 0.75 0.0030165912518853697 0.7395 0.01282051282051282 0.6985 0.032805429864253395 0.696 0.030165912518853696 0.6965 0.011689291101055807 0.69425 0.004901960784313725 0.6955 0.0003770739064856712
0 0.283 0 0.3315 0 0.33275 0.004524886877828055 0.32725 0.21681749622926094 0.322 0.22171945701357465 0.24775 0.2594268476621418 0.24475 0.2579185520361991 0.24425 0.24811463046757165 0.25025 0.06070889894419306 0.24975 0.023001508295625944 0.25375 0.016214177978883863 0.283 0.0003770739064856712
0 0.547 0.39819004524886875 0.54975 0.4046003016591252 0.55025 0.42835595776772245 0.5475 0.5113122171945701 0.5435 0.5158371040723982 0.46125 0.5546757164404224 0.4585 0.5524132730015083 0.45775 0.5328054298642534 0.45975 0.47398190045248867 0.45875 0.4506033182503771 0.4605 0.44268476621417796 0.54675 0.39819004524886875
0 0.55 0.26357466063348417 0.55175 0.2703619909502262 0.55225 0.29298642533936653 0.5495 0.37745098039215685 0.5155 0.3978129713423831 0.4635 0.4226998491704374 0.45925 0.4215686274509804 0.459 0.3808446455505279 0.461 0.3141025641025641 0.46275 0.30995475113122173 0.50325 0.2861990950226244 0.54975 0.26395173453996984
0 0.6855 0.9996229260935143 0.68425 0.9181749622926093 0.68775 0.9110105580693816 0.78225 0.8668929110105581 0.78475 0.8725490196078431 0.7845 0.9573906485671192 0.78425 0.9815233785822021 0.781 0.9920814479638009 0.76675 0.9996229260935143 0.68575 0.9996229260935143
0 0.614875 0.8672699849170438 0.09725 0.16214177978883862
0 0.90925 0.6704374057315233 0.91125 0.6738310708898945 0.912 0.6847662141779789 0.91075 0.7892156862745098 0.90475 0.7944947209653092 0.8215 0.8322021116138764 0.81075 0.834841628959276 0.80925 0.807315233785822 0.81075 0.7171945701357466 0.83725 0.701734539969834 0.909 0.6704374057315233
0 0.9925 0.2379336349924585 0.99975 0.2409502262443439 0.99975 0.28318250377073906 0.9425 0.31221719457013575 0.93875 0.3118401206636501 0.93775 0.3065610859728507 0.938 0.20437405731523378 0.94 0.19532428355957768 0.977 0.17420814479638008 0.99975 0.166289592760181 0.99975 0.22850678733031674 0.9915 0.23378582202111614 0.99225 0.2379336349924585
0 0.35975 0 0.3975 0 0.401 0.004901960784313725 0.4125 0 0.444 0 0.44425 0.0026395173453996985 0.43975 0.17307692307692307 0.35575 0.21794871794871795 0.3535 0.21380090497737556 0.35625 0.12028657616892911 0.3555 0.09087481146304675 0.3575 0.013574660633484163 0.35975 0.0003770739064856712
0 0.7875 0.13914027149321267 0.79 0.1466817496229261 0.788 0.2537707390648567 0.7425 0.27941176470588236 0.6965 0.30128205128205127 0.6925 0.3009049773755656 0.6915 0.29374057315233787 0.6935 0.22360482654600303 0.6925 0.19570135746606335 0.694 0.18891402714932126 0.70225 0.1817496229260935 0.74025 0.16063348416289594 0.779 0.14064856711915535 0.78725 0.13914027149321267
0 0.91125 0.21003016591251886 0.913 0.21342383107088989 0.9135 0.23039215686274508 0.912 0.3269230769230769 0.82175 0.3740573152337858 0.814 0.3759426847662142 0.81225 0.3702865761689291 0.81375 0.2594268476621418 0.911 0.21040723981900453
0 0.667 0.33861236802413275 0.6685 0.358974358974359 0.666 0.4517345399698341 0.57825 0.49660633484162897 0.57425 0.49660633484162897 0.57275 0.4935897435897436 0.574 0.38423831070889897 0.6575 0.3401206636500754 0.66675 0.33861236802413275
0 0.938 0.9996229260935143 0.93675 0.9626696832579186 0.93725 0.946078431372549 0.939 0.941553544494721 0.9965 0.9166666666666666 0.99975 0.9166666666666666 0.99975 0.9822775263951734 0.99675 0.9841628959276018 0.99475 0.9996229260935143 0.9745 0.9996229260935143 0.97425 0.997737556561086 0.93825 0.9996229260935143
0 0.968 0.09935897435897435 0.064 0.14969834087481146
0 0.012 0.013574660633484163 0.01475 0.01809954751131222 0.01475 0.024886877828054297 0.0115 0.11990950226244344 0.00525 0.12405731523378583 0 0.12405731523378583 0 0.0196078431372549 0.01175 0.013951734539969835
0 0.10225 0.4962292609351433 0.1045 0.5018853695324283 0.10475 0.5267722473604827 0.10025 0.6067119155354449 0.079 0.6202865761689291 0.0225 0.6485671191553545 0.018 0.6470588235294118 0.018 0.6187782805429864 0.0205 0.5433634992458521 0.02275 0.5380844645550528 0.102 0.49660633484162897
0 0.21375 0.3125942684766214 0.21675 0.31485671191553544 0.21725 0.32541478129713425 0.21475 0.41365007541478127 0.21275 0.4215686274509804 0.134 0.4634238310708899 0.12975 0.46003016591251883 0.13325 0.35558069381598795 0.1575 0.3404977375565611 0.17575 0.3333333333333333 0.2135 0.3125942684766214
0 0.2205 0.023001508295625944 0.223 0.02564102564102564 0.224 0.032805429864253395 0.2175 0.2911010558069382 0.204 0.3009049773755656 0.137 0.3344645550527903 0.13425 0.33144796380090497 0.1345 0.2944947209653092 0.14125 0.06787330316742081 0.14425 0.06297134238310709 0.22025 0.023001508295625944
0 0.5805 0 0.662 0 0.6695 0.005279034690799397 0.6725 0.023001508295625944 0.67175 0.04562594268476621 0.66975 0.05015082956259427 0.58125 0.0969079939668175 0.579 0.0953996983408748 0.579 0.01546003016591252 0.5805 0.0003770739064856712
0 0.42525 0.8985671191553545 0.425 0.9819004524886877 0.42325 0.9947209653092006 0.4155 0.9996229260935143 0.4135 0.997737556561086 0.33675 0.9996229260935143 0.3355 0.9453242835595776 0.339 0.9366515837104072 0.4215 0.8981900452488688 0.425 0.8985671191553545
0 0.207 0.5727752639517345 0.21 0.5765460030165912 0.21 0.5923831070889894 0.20675 0.6817496229260935 0.12675 0.723604826546003 0.123 0.723604826546003 0.12225 0.7205882352941176 0.12575 0.6127450980392157 0.17175 0.5878582202111614 0.20675 0.5727752639517345
0 0.787 0.27526395173454 0.789 0.27941176470588236 0.789 0.3152337858220211 0.78675 0.3902714932126697 0.696 0.4374057315233786 0.6915 0.4358974358974359 0.69125 0.3480392156862745 0.69275 0.32428355957767724 0.69875 0.31862745098039214 0.78675 0.27526395173454
0 0.90875 0.34992458521870284 0.91175 0.3521870286576169 0.9125 0.38687782805429866 0.9105 0.6440422322775264 0.90375 0.6515837104072398 0.88725 0.6602564102564102 0.81575 0.692684766214178 0.81075 0.6892911010558069 0.81325 0.40158371040723984 0.8205 0.3940422322775264 0.9085 0.34992458521870284
0 0.43575 0.32315233785822023 0.43775 0.3273001508295626 0.43825 0.3525641025641026 0.43575 0.42722473604826544 0.434 0.4374057315233786 0.349 0.4803921568627451 0.3465 0.47435897435897434 0.34875 0.3695324283559578 0.3575 0.36236802413273 0.4355 0.32315233785822023
0 0.909 0.9539969834087482 0.9115 0.9558823529411765 0.913 0.9834087481146304 0.9125 0.9950980392156863 0.9105 0.9996229260935143 0.87725 0.9996229260935143 0.877 0.997737556561086 0.87575 0.9996229260935143 0.82175 0.9996229260935143 0.8215 0.997737556561086 0.813 0.9996229260935143 0.8115 0.9950980392156863 0.8315 0.9890648567119156 0.90875 0.9539969834087482
0 0.94025 0 0.9955 0 0.996 0.004147812971342383 0.99175 0.00942684766214178 0.942 0.03619909502262444 0.93975 0.033182503770739065 0.94025 0.0003770739064856712
0 0.42925 0.5908748114630468 0.43225 0.5950226244343891 0.4325 0.6059577677224736 0.426 0.8766968325791855 0.4145 0.8842383107088989 0.342 0.916289592760181 0.338 0.9144042232277526 0.33725 0.9027149321266968 0.34425 0.6346153846153846 0.3545 0.6263197586726998 0.429 0.5908748114630468
0 0.43225 0.4577677224736048 0.43475 0.4604072398190045 0.43525 0.4675716440422323 0.432 0.5678733031674208 0.42275 0.5750377073906485 0.35925 0.6063348416289592 0.349 0.6104826546003017 0.3445 0.6093514328808446 0.34625 0.504524886877828 0.34825 0.4984917043740573 0.432 0.4581447963800905
0 0.314 0.6632730015082956 0.31675 0.6677978883861236 0.31725 0.6764705882352942 0.31125 0.9083710407239819 0.3095 0.9140271493212669 0.23125 0.9536199095022625 0.2265 0.9502262443438914 0.2255 0.9355203619909502 0.2275 0.918552036199095 0.23125 0.8110859728506787 0.23325 0.7055052790346908 0.24 0.6979638009049773 0.31375 0.6636500754147813
0 0.395375 0.2718702865761689 0.09025 0.1546003016591252
0 0.00925 0.9181749622926093 0.01175 0.8733031674208145 0.011 0.8484162895927602 0.0145 0.799396681749623 0.0225 0.7929864253393665 0.09525 0.7582956259426847 0.0965 0.7714932126696833 0.08975 0.9950980392156863 0.08675 0.9996229260935143 0.05975 0.9996229260935143 0.05725 0.996606334841629 0.00825 0.9996229260935143 0.0055 0.994343891402715 0.0095 0.918552036199095
0 0.5405 0.8438914027149321 0.54225 0.8457767722473605 0.543 0.8548265460030166 0.54025 0.9615384615384616 0.46 0.9996229260935143 0.451 0.9996229260935143 0.449 0.995475113122172 0.451 0.8891402714932126 0.4525 0.8842383107088989 0.54025 0.8438914027149321
0 0.321 0.5158371040723982 0.32225 0.530920060331825 0.3185 0.6255656108597285 0.23525 0.668552036199095 0.2325 0.6666666666666666 0.23275 0.5976621417797888 0.233 0.5705128205128205 0.236 0.5569381598793364 0.24 0.552790346907994 0.3115 0.5177224736048266 0.32075 0.5158371040723982
0 0.4565 0.5987933634992458 0.45725 0.581447963800905 0.46075 0.5746606334841629 0.53325 0.5384615384615384 0.54675 0.5335595776772247 0.548 0.5546757164404224 0.54275 0.8205128205128205 0.5395 0.8250377073906485 0.5025 0.8423831070889894 0.45975 0.8616138763197587 0.45325 0.8619909502262444 0.452 0.8412518853695324 0.45675 0.5991704374057315
0 0.81625 0 0.91375 0 0.91525 0.01546003016591252 0.91425 0.04638009049773756 0.9125 0.05203619909502263 0.8175 0.10294117647058823 0.81475 0.09992458521870287 0.81625 0.0003770739064856712
0 0.93475 0.8661387631975868 0.9345 0.8042986425339367 0.93625 0.7978883861236803 0.94225 0.7929864253393665 0.9945 0.7692307692307693 0.99975 0.7692307692307693 0.99975 0.8951734539969834 0.9465 0.918552036199095 0.93675 0.919683257918552 0.9345 0.9136500754147813 0.935 0.8665158371040724
0 0.0995 0.6278280542986425 0.101 0.6346153846153846 0.09675 0.7375565610859729 0.01575 0.7782805429864253 0.01375 0.7760180995475113 0.01375 0.7684766214177979 0.018 0.6704374057315233 0.0245 0.6640271493212669 0.09925 0.6278280542986425
0 0.469 0 0.5555 0 0.556 0.004901960784313725 0.5545 0.10294117647058823 0.553 0.11236802413273002 0.491 0.1478129713423831 0.46675 0.1583710407239819 0.466 0.09803921568627451 0.469 0.0003770739064856712
0 0.908 0.8099547511312217 0.91075 0.8141025641025641 0.91175 0.8242835595776772 0.91175 0.9223227752639518 0.91025 0.9321266968325792 0.898 0.9404223227752639 0.81075 0.9766214177978884 0.808 0.9668174962292609 0.808 0.8646304675716441 0.81 0.8555806938159879 0.82025 0.8487933634992458 0.90775 0.8099547511312217
0 0.21075 0.4411764705882353 0.21325 0.4423076923076923 0.214 0.44607843137254904 0.214 0.4687028657616893 0.21025 0.5509049773755657 0.131 0.5920060331825038 0.1265 0.5920060331825038 0.1255 0.5867269984917044 0.12875 0.48265460030165913 0.1575 0.4660633484162896 0.2105 0.4411764705882353
0 0.323 0.3819758672699849 0.325 0.3861236802413273 0.32525 0.41704374057315236 0.32175 0.49434389140271495 0.23825 0.5373303167420814 0.235 0.5361990950226244 0.23425 0.5331825037707391 0.236 0.4358974358974359 0.23825 0.4253393665158371 0.32275 0.3819758672699849
0 0.10675 0.3706636500754148 0.10825 0.3797134238310709 0.106 0.4634238310708899 0.104 0.47888386123680243 0.02675 0.5203619909502263 0.02325 0.5184766214177979 0.02275 0.5101809954751131 0.02525 0.4675716440422323 0.0245 0.43174962292609353 0.02725 0.41251885369532426 0.1065 0.3706636500754148
0 0.3255 0.25339366515837103 0.328 0.25678733031674206 0.3285 0.26998491704374056 0.325 0.36236802413273 0.315 0.3702865761689291 0.2415 0.4068627450980392 0.23825 0.4046003016591252 0.2415 0.2997737556561086 0.25525 0.2895927601809955 0.32525 0.25339366515837103
0 0.6585 0.9238310708898945 0.66125 0.9253393665158371 0.662 0.9343891402714932 0.66025 0.9996229260935143 0.628 0.9996229260935143 0.62675 0.9973604826546003 0.565 0.9996229260935143 0.564 0.9950980392156863 0.5645 0.973604826546003 0.567 0.9653092006033183 0.65825 0.9238310708898945
0 0.99975 0.30618401206636503 0.99975 0.3778280542986425 0.998 0.3782051282051282 0.9965 0.38763197586727 0.997 0.39177978883861236 0.99975 0.39328808446455504 0.99975 0.6055806938159879 0.941 0.6334841628959276 0.9385 0.6331070889894419 0.937 0.6255656108597285 0.93775 0.5882352941176471 0.93625 0.5674962292609351 0.9375 0.4566365007541478 0.93625 0.40535444947209653 0.93825 0.33748114630467574 0.94175 0.3322021116138763 0.94925 0.32805429864253394 0.99475 0.30618401206636503 0.9995 0.30618401206636503
0 0.14325 0 0.21375 0 0.21525 0.004901960784313725 0.188 0.023001508295625944 0.1435 0.04562594268476621 0.14175 0.043363499245852186 0.14325 0.0003770739064856712
0 0.0095 0.13914027149321267 0.01175 0.1455505279034691 0.01 0.19984917043740574 0.0085 0.2055052790346908 0.00225 0.2066365007541478 0.004 0.21040723981900453 0.0085 0.2107843137254902 0.00925 0.21681749622926094 0.00725 0.27111613876319757 0.0035 0.2737556561085973 0 0.2737556561085973 0 0.14177978883861236 0.00925 0.13914027149321267
0 0.62175 0.2824283559577677 0.0965 0.16289592760180996
0 0.11475 0.083710407239819 0.11625 0.08710407239819004 0.116 0.11236802413273002 0.11 0.3223981900452489 0.10775 0.34879336349924583 0.0985 0.3563348416289593 0.0315 0.3914027149321267 0.028 0.3891402714932127 0.02775 0.35822021116138764 0.03125 0.24019607843137256 0.0345 0.19532428355957768 0.0345 0.15309200603318251 0.0375 0.12669683257918551 0.0445 0.11953242835595777 0.0745 0.10256410256410256 0.1145 0.083710407239819
0 0.66375 0.47549019607843135 0.66575 0.47737556561085975 0.66625 0.5199849170437406 0.66225 0.7654600301659125 0.65075 0.773001508295626 0.57175 0.808446455505279 0.5695 0.8069381598793364 0.56925 0.7960030165912518 0.5715 0.6825037707390649 0.5705 0.5953996983408748 0.57225 0.5788084464555053 0.57275 0.5226244343891403 0.5785 0.5154600301659125 0.6635 0.47549019607843135
0 0.79 0.003770739064856712 0.7915 0.007541478129713424 0.791 0.08861236802413273 0.79025 0.11538461538461539 0.78875 0.11877828054298642 0.7155 0.15912518853695323 0.697 0.16666666666666666 0.695 0.1647812971342383 0.69625 0.05467571644042232 0.752 0.0222473604826546 0.78975 0.003770739064856712
0 0.91175 0.07126696832579185 0.91425 0.09087481146304675 0.9125 0.18891402714932126 0.8175 0.23906485671191555 0.81325 0.23755656108597284 0.81225 0.22926093514328807 0.81275 0.1297134238310709 0.81425 0.12330316742081449 0.83825 0.10822021116138764 0.9115 0.07126696832579185