0 0.3292929292929293 0.8151041666666666 0.36610549943883275 0.8151041666666666 0.37149270482603813 0.818359375 0.37194163860830526 0.9635416666666666 0.3696969696969697 0.9996744791666666 0.3391694725028058 0.9996744791666666 0.3324354657687991 0.9954427083333334 0.28911335578002245 0.9970703125 0.28484848484848485 0.9996744791666666 0.254320987654321 0.9996744791666666 0.2516273849607183 0.9967447916666666 0.22850729517396184 0.9977213541666666 0.22783389450056116 0.9996744791666666 0.22581369248035915 0.9977213541666666 0.19012345679012346 0.9996744791666666 0.18249158249158248 0.99609375 0.1510662177328844 0.9996744791666666 0.14859708193041526 0.9947916666666666 0.14971941638608305 0.8512369791666666 0.15151515151515152 0.8203125 0.1580246913580247 0.8177083333333334 0.3290684624017957 0.8151041666666666
0 0.3122334455667789 0.4150390625 0.3654320987654321 0.4147135416666667 0.37149270482603813 0.4176432291666667 0.37328843995510663 0.5035807291666666 0.37194163860830526 0.546875 0.3696969696969697 0.5494791666666666 0.3600448933782267 0.5504557291666666 0.244668911335578 0.5520833333333334 0.16296296296296298 0.5520833333333334 0.15555555555555556 0.5501302083333334 0.15398428731762065 0.5325520833333334 0.15757575757575756 0.4182942708333333 0.211672278338945 0.4153645833333333 0.31200897867564537 0.4150390625
0 0.7474747474747475 0.06575520833333333 0.7898989898989899 0.06575520833333333 0.7919191919191919 0.06803385416666667 0.8006734006734006 0.2373046875 0.8053872053872054 0.4013671875 0.8038159371492705 0.404296875 0.7898989898989899 0.4049479166666667 0.6287317620650954 0.4075520833333333 0.6024691358024692 0.4072265625 0.6002244668911335 0.4007161458333333 0.5946127946127946 0.2109375 0.593939393939394 0.07096354166666667 0.5984287317620651 0.0673828125 0.6049382716049383 0.06673177083333333 0.7472502805836139 0.06575520833333333
0 0.378675645342312 0 0.4675645342312009 0 0.4702581369248036 0.0032552083333333335 0.4794612794612795 0 0.5780022446689114 0 0.5804713804713805 0.007161458333333333 0.5802469135802469 0.044270833333333336 0.5780022446689114 0.0498046875 0.38338945005611674 0.051432291666666664 0.37912457912457914 0.045572916666666664 0.378675645342312 0.0003255208333333333
0 0.7164983164983165 0.572265625 0.8123456790123457 0.5735677083333334 0.8145903479236812 0.580078125 0.8163860830527497 0.6064453125 0.8197530864197531 0.6901041666666666 0.8181818181818182 0.6943359375 0.7023569023569024 0.5817057291666666 0.7003367003367004 0.5745442708333334 0.716273849607183 0.572265625
0 0.5461279461279461 0.06705729166666667 0.5782267115600449 0.06770833333333333 0.5802469135802469 0.07063802083333333 0.5872053872053872 0.3212890625 0.588327721661055 0.3987630208333333 0.5876543209876544 0.4059244791666667 0.5854096520763188 0.4085286458333333 0.5398428731762065 0.4078776041666667 0.522334455667789 0.4039713541666667 0.4 0.2835286458333333 0.3836139169472503 0.265625 0.38002244668911334 0.2587890625 0.37890011223344555 0.10904947916666667 0.3811447811447811 0.07063802083333333 0.3993265993265993 0.06803385416666667 0.5459034792368126 0.06705729166666667
0 0 0 0.023793490460157128 0 0.025813692480359147 0.0026041666666666665 0.031874298540965205 0.001953125 0.03209876543209877 0 0.155331088664422 0 0.15600448933782268 0.00390625 0.15510662177328843 0.046875 0.1510662177328844 0.053059895833333336 0.14118967452300785 0.051106770833333336 0.07654320987654321 0.052734375 0.04287317620650954 0.051106770833333336 0.003367003367003367 0.043294270833333336 0.0029180695847362513 0.038736979166666664 0 0.036783854166666664 0 0.0003255208333333333
0 0.5910213243546577 0 0.6637485970819305 0 0.6646464646464646 0.0022786458333333335 0.6693602693602694 0 0.705050505050505 0 0.7093153759820426 0.0029296875 0.7133557800224467 0 0.786307519640853 0 0.7901234567901234 0.008463541666666666 0.7916947250280584 0.040364583333333336 0.7898989898989899 0.046875 0.7748597081930415 0.0478515625 0.5966329966329966 0.049153645833333336 0.5916947250280583 0.043294270833333336 0.5896745230078564 0.006510416666666667 0.5910213243546577 0.0003255208333333333
0 0.47586980920314254 0.4137369791666667 0.49113355780022444 0.4147135416666667 0.49988776655443323 0.4182942708333333 0.591919191919192 0.5081380208333334 0.5957351290684624 0.51953125 0.5950617283950618 0.5452473958333334 0.5840628507295174 0.5485026041666666 0.41997755331088665 0.5504557291666666 0.38608305274971944 0.5501302083333334 0.37890011223344555 0.5465494791666666 0.3782267115600449 0.4176432291666667 0.38316498316498315 0.4147135416666667 0.475645342312009 0.4137369791666667
0 0.7207631874298541 0.8095703125 0.7636363636363637 0.8115234375 0.8255892255892255 0.8098958333333334 0.8285072951739618 0.8118489583333334 0.8303030303030303 0.8216145833333334 0.8305274971941639 0.8977864583333334 0.8334455667789001 0.9108072916666666 0.8325476992143659 0.9228515625 0.837037037037037 0.9908854166666666 0.8338945005611672 0.9996744791666666 0.7991021324354658 0.9996744791666666 0.7941638608305275 0.9967447916666666 0.7627384960718294 0.9973958333333334 0.7602693602693603 0.9996744791666666 0.7265993265993266 0.9996744791666666 0.7245791245791245 0.9970703125 0.6709315375982042 0.9996744791666666 0.6686868686868687 0.9970703125 0.656341189674523 0.9964192708333334 0.6462401795735129 0.9977213541666666 0.6457912457912458 0.9996744791666666 0.6170594837261504 0.9996744791666666 0.6143658810325477 0.9947916666666666 0.6130190796857463 0.966796875 0.6098765432098765 0.8359375 0.6107744107744107 0.8141276041666666 0.7205387205387206 0.8095703125
0 0.9977553310886644 0.81640625 0.9997755331088665 0.8167317708333334 0.9997755331088665 0.8684895833333334 0.9943883277216611 0.8671875 0.9485970819304153 0.8212890625 0.951290684624018 0.8177083333333334 0.9975308641975309 0.81640625
0 0.09652076318742986 0.416015625 0.1409652076318743 0.4163411458333333 0.1494949494949495 0.4186197916666667 0.15129068462401796 0.4397786458333333 0.1483726150392817 0.5494791666666666 0.1441077441077441 0.5520833333333334 0.07564534231200898 0.5540364583333334 0.014814814814814815 0.5540364583333334 0 0.5511067708333334 0 0.4192708333333333 0.00808080808080808 0.4166666666666667 0.0962962962962963 0.416015625
0 0.17194163860830528 0.12630208333333334 0.2053872053872054 0.14388020833333334 0.256341189674523 0.18098958333333334 0.26891133557800223 0.19401041666666666 0.29652076318742987 0.2158203125 0.37037037037037035 0.2900390625 0.37194163860830526 0.2958984375 0.37037037037037035 0.3981119791666667 0.27227833894500564 0.4007161458333333 0.1665544332210999 0.4000651041666667 0.16026936026936026 0.3974609375 0.16296296296296298 0.13834635416666666 0.16498316498316498 0.126953125 0.1717171717171717 0.12630208333333334
0 0.8356902356902357 0.748046875 0.8792368125701459 0.7893880208333334 0.8792368125701459 0.79296875 0.8765432098765432 0.7939453125 0.8381593714927048 0.7936197916666666 0.8345679012345679 0.791015625 0.8334455667789001 0.7516276041666666 0.8354657687991022 0.748046875
0 0.804040404040404 0.4231770833333333 0.8074074074074075 0.427734375 0.8085297418630752 0.4427083333333333 0.8123456790123457 0.5540364583333334 0.7198653198653199 0.5563151041666666 0.6751964085297418 0.5537109375 0.6047138047138048 0.484375 0.602020202020202 0.4788411458333333 0.6011223344556678 0.4677734375 0.602020202020202 0.4254557291666667 0.8038159371492705 0.4231770833333333
0 0.5443322109988776 0.4251302083333333 0.588327721661055 0.4251302083333333 0.590347923681257 0.4348958333333333 0.5907968574635242 0.466796875 0.5887766554433221 0.470703125 0.5459034792368126 0.4296875 0.5445566778900113 0.4254557291666667
0 0.3672278338945006 0.5667317708333334 0.3717171717171717 0.5709635416666666 0.37037037037037035 0.6012369791666666 0.3712682379349046 0.7900390625 0.36924803591470257 0.7952473958333334 0.36049382716049383 0.7985026041666666 0.18698092031425365 0.80078125 0.16026936026936026 0.8001302083333334 0.15331088664422 0.7936197916666666 0.15286195286195287 0.728515625 0.15510662177328843 0.693359375 0.1537598204264871 0.6748046875 0.15735129068462403 0.5709635416666666 0.16835016835016836 0.5686848958333334 0.367003367003367 0.5667317708333334
0 0.38002244668911334 0.3001302083333333 0.4785634118967452 0.3974609375 0.46038159371492704 0.400390625 0.37890011223344555 0.3984375 0.37755331088664423 0.3063151041666667 0.3797979797979798 0.3004557291666667
0 0.3037037037037037 0.06608072916666667 0.35914702581369246 0.06673177083333333 0.36610549943883275 0.06770833333333333 0.36790123456790125 0.07063802083333333 0.3696969696969697 0.22298177083333334 0.36879910213243544 0.2451171875 0.36632996632996634 0.24967447916666666 0.3012345679012346 0.1865234375 0.28619528619528617 0.17513020833333334 0.2792368125701459 0.16634114583333334 0.2186307519640853 0.12109375 0.20089786756453423 0.10904947916666667 0.1685746352413019 0.0927734375 0.1654320987654321 0.087890625 0.16520763187429854 0.0712890625 0.1681257014590348 0.0673828125 0.30347923681257016 0.06608072916666667
0 0.05409652076318743 0.818359375 0.13737373737373737 0.818359375 0.1414141414141414 0.8209635416666666 0.13872053872053872 0.978515625 0.13445566778900112 0.9996744791666666 0.07317620650953985 0.9996744791666666 0.0718294051627385 0.9973958333333334 0.06801346801346801 0.9996744791666666 0.06419753086419754 0.9977213541666666 0.06105499438832772 0.9996744791666666 0.0590347923681257 0.9977213541666666 0.05611672278338945 0.9996744791666666 0.03209876543209877 0.9996744791666666 0.031425364758698095 0.9977213541666666 0.010325476992143659 0.9996744791666666 0 0.9947916666666666 0 0.888671875 0.00202020202020202 0.8870442708333334 0 0.8863932291666666 0 0.8209635416666666 0.05387205387205387 0.818359375
0 0.5364758698092031 0.8131510416666666 0.5995510662177329 0.814453125 0.6029180695847363 0.8649088541666666 0.6011223344556678 0.9114583333333334 0.6038159371492705 0.9401041666666666 0.6038159371492705 0.9915364583333334 0.5988776655443322 0.99609375 0.5813692480359147 0.9970703125 0.5766554433221099 0.9996744791666666 0.5221099887766555 0.9996744791666666 0.5167227833894501 0.9967447916666666 0.5019079685746353 0.9996744791666666 0.4767676767676768 0.9996744791666666 0.4749719416386083 0.9973958333333334 0.4682379349046016 0.9996744791666666 0.4359147025813693 0.9996744791666666 0.43232323232323233 0.9964192708333334 0.41414141414141414 0.9973958333333334 0.4123456790123457 0.9996744791666666 0.38428731762065094 0.9996744791666666 0.3824915824915825 0.9954427083333334 0.38226711560044896 0.9632161458333334 0.3802469135802469 0.9563802083333334 0.3829405162738496 0.9358723958333334 0.3809203142536476 0.916015625 0.38271604938271603 0.8675130208333334 0.3813692480359147 0.830078125 0.3836139169472503 0.8160807291666666 0.5362514029180696 0.8131510416666666
0 0.5851851851851851 0.5638020833333334 0.5930415263748597 0.5654296875 0.5955106621773288 0.5748697916666666 0.5995510662177329 0.7932942708333334 0.5818181818181818 0.7955729166666666 0.4092031425364759 0.7981770833333334 0.3881032547699214 0.7978515625 0.38159371492704824 0.7932942708333334 0.38159371492704824 0.6832682291666666 0.37912457912457914 0.6057942708333334 0.3802469135802469 0.5706380208333334 0.38630751964085297 0.5667317708333334 0.5849607182940516 0.5638020833333334
0 0.9708193041526375 0.5709635416666666 0.9997755331088665 0.5729166666666666 0.9997755331088665 0.6070963541666666 0.9968574635241302 0.609375 0.9966329966329966 0.6227213541666666 0.9968574635241302 0.6682942708333334 0.9997755331088665 0.6722005208333334 0.9997755331088665 0.7037760416666666 0.9957351290684624 0.70703125 0.9964085297418631 0.7242838541666666 0.997979797979798 0.73046875 0.9997755331088665 0.7307942708333334 0.9997755331088665 0.8004557291666666 0.9461279461279462 0.8011067708333334 0.9322109988776656 0.80078125 0.9209876543209876 0.7945963541666666 0.8320987654320988 0.7067057291666666 0.8264870931537598 0.5777994791666666 0.8280583613916948 0.5729166666666666 0.970594837261504 0.5709635416666666
0 0.6024691358024692 0.5172526041666666 0.6307519640852974 0.5432942708333334 0.632996632996633 0.546875 0.6249158249158249 0.5491536458333334 0.6002244668911335 0.5472005208333334 0.5993265993265994 0.525390625 0.6 0.5188802083333334 0.6022446689113355 0.5172526041666666
0 0.16947250280583614 0 0.20134680134680136 0 0.20628507295173962 0.0032552083333333335 0.21301907968574635 0 0.24781144781144782 0 0.24803591470258138 0.001953125 0.24870931537598204 0 0.2725028058361392 0 0.2783389450056117 0.004231770833333333 0.29225589225589227 0.001953125 0.2924803591470258 0 0.3681257014590348 0 0.36902356902356903 0.013346354166666666 0.36835016835016837 0.046223958333333336 0.36632996632996634 0.052083333333333336 0.362962962962963 0.050130208333333336 0.31829405162738494 0.053059895833333336 0.1712682379349046 0.052083333333333336 0.16700336700336701 0.044596354166666664 0.16610549943883277 0.026692708333333332 0.16632996632996633 0.006510416666666667 0.16947250280583614 0.0003255208333333333
0 0.04377104377104377 0.5699869791666666 0.14118967452300785 0.5703125 0.145679012345679 0.5729166666666666 0.14231200897867566 0.796875 0.13378226711560046 0.8011067708333334 0.026038159371492706 0.8024088541666666 0 0.8001302083333334 0 0.5719401041666666 0.04354657687991021 0.5699869791666666
0 0.9162738496071829 0.4222005208333333 0.9997755331088665 0.4231770833333333 0.9997755331088665 0.494140625 0.9961840628507295 0.498046875 0.9977553310886644 0.5234375 0.9997755331088665 0.5250651041666666 0.9997755331088665 0.5524088541666666 0.9173961840628507 0.5553385416666666 0.8267115600448933 0.5537109375 0.8237934904601572 0.5270182291666666 0.8197530864197531 0.4319661458333333 0.8206509539842873 0.42578125 0.8240179573512907 0.4235026041666667 0.9160493827160494 0.4222005208333333
0 0.8599326599326599 0.8089192708333334 0.8886644219977553 0.8089192708333334 0.901010101010101 0.8128255208333334 0.9997755331088665 0.91015625 0.9997755331088665 0.9602864583333334 0.997979797979798 0.9606119791666666 0.9961840628507295 0.9697265625 0.9955106621773289 0.9915364583333334 0.9941638608305275 0.9947916666666666 0.9854096520763187 0.9996744791666666 0.9468013468013468 0.9967447916666666 0.9176206509539843 0.9967447916666666 0.9124579124579124 0.9996744791666666 0.8511784511784511 0.9996744791666666 0.8451178451178452 0.9947916666666666 0.8374859708193042 0.8108723958333334 0.8597081930415263 0.8089192708333334
0 0.6141414141414141 0.5641276041666666 0.644668911335578 0.5651041666666666 0.654320987654321 0.5703125 0.7829405162738496 0.6949869791666666 0.8255892255892255 0.7408854166666666 0.8278338945005612 0.7838541666666666 0.8242424242424242 0.7919921875 0.6812570145903479 0.794921875 0.6190796857463524 0.7945963541666666 0.6112233445566779 0.7932942708333334 0.6092031425364759 0.7900390625 0.6080808080808081 0.6959635416666666 0.6056116722783389 0.662109375 0.603591470258137 0.5699869791666666 0.6062850729517396 0.5654296875 0.6139169472502806 0.5641276041666666
0 0.8017957351290684 0 0.9948372615039281 0 0.9997755331088665 0.007486979166666667 0.9997755331088665 0.045247395833333336 0.8109988776655443 0.047526041666666664 0.8042648709315376 0.04296875 0.8017957351290684 0.0003255208333333333
0 0 0.07356770833333333 0.009652076318742986 0.07291666666666667 0.06127946127946128 0.0830078125 0.10976430976430976 0.09733072916666667 0.1494949494949495 0.11653645833333333 0.15241301907968574 0.11979166666666667 0.1537598204264871 0.1328125 0.14971941638608305 0.2864583333333333 0.1490460157126824 0.3974609375 0.1351290684624018 0.4010416666666667 0 0.4010416666666667 0 0.3196614583333333 0.0026936026936026937 0.31640625 0.00202020202020202 0.3033854166666667 0 0.3024088541666667 0 0.23697916666666666 0.002244668911335578 0.23470052083333334 0.0024691358024691358 0.22135416666666666 0 0.21907552083333334 0 0.07389322916666667
0 0.927946127946128 0.064453125 0.9997755331088665 0.06608072916666667 0.9997755331088665 0.0869140625 0.9977553310886644 0.08756510416666667 0.9948372615039281 0.09537760416666667 0.9950617283950617 0.09895833333333333 0.9997755331088665 0.10416666666666667 0.9997755331088665 0.15885416666666666 0.9914702581369248 0.16471354166666666 0.9997755331088665 0.1728515625 0.9997755331088665 0.255859375 0.9950617283950617 0.26171875 0.9957351290684624 0.279296875 0.9997755331088665 0.2828776041666667 0.9997755331088665 0.333984375 0.997979797979798 0.3343098958333333 0.9997755331088665 0.3356119791666667 0.9997755331088665 0.3854166666666667 0.9975308641975309 0.3870442708333333 0.9997755331088665 0.3896484375 0.9997755331088665 0.4010416666666667 0.9948372615039281 0.4039713541666667 0.8857463524130191 0.4049479166666667 0.8271604938271605 0.4046223958333333 0.8210998877665544 0.4039713541666667 0.819304152637486 0.4007161458333333 0.8127946127946128 0.279296875 0.8058361391694725 0.072265625 0.8074074074074075 0.0673828125 0.8112233445566779 0.0654296875 0.9277216610549944 0.064453125