0 0.396 0.06266666666666666 0.404 0.06666666666666667 0.408 0.07333333333333333 0.414 0.07733333333333334 0.422 0.07733333333333334 0.472 0.11333333333333333 0.472 0.12 0.458 0.13866666666666666 0.452 0.13866666666666666 0.426 0.11733333333333333 0.394 0.09866666666666667 0.396 0.09066666666666667 0.41 0.07733333333333334 0.4 0.07333333333333333 0.4 0.07066666666666667 0.394 0.068 0.394 0.064
0 0.786 0.508 0.832 0.5386666666666666 0.848 0.552 0.85 0.56 0.848 0.6093333333333333 0.836 0.6053333333333333 0.798 0.58 0.798 0.5773333333333334 0.78 0.5666666666666667 0.774 0.5586666666666666 0.778 0.508 0.78 0.5066666666666667 0.784 0.508
0 0.378 0.156 0.41 0.17866666666666667 0.416 0.18533333333333332 0.416 0.18933333333333333 0.408 0.2 0.392 0.216 0.384 0.21466666666666667 0.366 0.20133333333333334 0.356 0.19866666666666666 0.35 0.19333333333333333 0.35 0.18933333333333333 0.322 0.172 0.322 0.16 0.34 0.144 0.348 0.14 0.354 0.14 0.376 0.156
0 0.858 0.64 0.882 0.652 0.904 0.6693333333333333 0.926 0.6813333333333333 0.932 0.688 0.938 0.7613333333333333 0.93 0.76 0.92 0.752 0.906 0.7453333333333333 0.858 0.7106666666666667 0.856 0.6413333333333333
0 0.616 0.13066666666666665 0.626 0.14133333333333334 0.626 0.14933333333333335 0.62 0.16 0.604 0.15333333333333332 0.602 0.14933333333333335 0.57 0.128 0.568 0.124 0.57 0.11333333333333333 0.58 0.10533333333333333 0.614 0.13066666666666665
0 0.45 0.052 0.458 0.06 0.478 0.072 0.496 0.088 0.494 0.09466666666666666 0.484 0.10533333333333333 0.48 0.10666666666666667 0.428 0.072 0.428 0.064 0.432 0.056 0.44 0.050666666666666665 0.448 0.052
0 0.668 0.25333333333333335 0.678 0.25733333333333336 0.718 0.2866666666666667 0.714 0.316 0.71 0.31733333333333336 0.66 0.284 0.66 0.272 0.666 0.25466666666666665
0 0.712 0.46 0.716 0.46 0.726 0.4653333333333333 0.728 0.4693333333333333 0.774 0.49866666666666665 0.772 0.544 0.77 0.556 0.766 0.5573333333333333 0.704 0.5133333333333333 0.704 0.49333333333333335 0.708 0.48133333333333334 0.708 0.468 0.712 0.4613333333333333
0 0.074 0.9466666666666667 0.09 0.9573333333333334 0.094 0.9573333333333334 0.114 0.9693333333333334 0.12 0.9706666666666667 0.126 0.9773333333333334 0.136 0.98 0.14 0.9853333333333333 0.15 0.9866666666666667 0.164 0.996 0.164 0.9986666666666667 0.1 0.9986666666666667 0.098 0.996 0.084 0.996 0.08 0.9986666666666667 0.038 0.9986666666666667 0.046 0.9826666666666667 0.056 0.9706666666666667 0.06 0.96 0.072 0.948
0 0.524 0.20133333333333334 0.55 0.21733333333333332 0.58 0.24 0.582 0.24933333333333332 0.574 0.26266666666666666 0.57 0.276 0.504 0.232 0.504 0.22266666666666668 0.518 0.20266666666666666 0.522 0.20133333333333334
0 0.688 0.6173333333333333 0.756 0.6613333333333333 0.76 0.6693333333333333 0.76 0.7093333333333334 0.758 0.7106666666666667 0.758 0.7373333333333333 0.754 0.7533333333333333 0.74 0.748 0.678 0.7066666666666667 0.674 0.7013333333333334 0.674 0.684 0.678 0.6733333333333333 0.684 0.624 0.688 0.6186666666666667
0 0.494 0.24266666666666667 0.502 0.244 0.528 0.2613333333333333 0.536 0.264 0.546 0.27466666666666667 0.562 0.284 0.562 0.29333333333333333 0.55 0.32 0.546 0.324 0.536 0.32133333333333336 0.476 0.276 0.48 0.264 0.494 0.244
0 0.792 0.2986666666666667 0.802 0.30133333333333334 0.842 0.33066666666666666 0.848 0.3466666666666667 0.848 0.3506666666666667 0.84 0.36 0.808 0.3413333333333333 0.79 0.324 0.792 0.3
0 0.664 0.868 0.736 0.9146666666666666 0.742 0.9226666666666666 0.742 0.9493333333333334 0.74 0.9506666666666667 0.736 0.9986666666666667 0.698 0.9986666666666667 0.696 0.9973333333333333 0.686 0.9986666666666667 0.682 0.996 0.678 0.9986666666666667 0.676 0.9973333333333333 0.672 0.9986666666666667 0.626 0.9986666666666667 0.626 0.9813333333333333 0.63 0.9693333333333334 0.632 0.9466666666666667 0.636 0.9373333333333334 0.636 0.924 0.646 0.864 0.648 0.8626666666666667 0.656 0.864 0.662 0.868
0 0.6 0.252 0.648 0.2866666666666667 0.65 0.29333333333333333 0.646 0.3 0.644 0.31333333333333335 0.638 0.32266666666666666 0.606 0.304 0.586 0.2866666666666667 0.576 0.2826666666666667 0.574 0.27466666666666667 0.584 0.25333333333333335 0.59 0.24666666666666667 0.598 0.252
0 0.7 0.132 0.704 0.132 0.74 0.15733333333333333 0.74 0.16666666666666666 0.736 0.17333333333333334 0.73 0.172 0.72 0.16533333333333333 0.714 0.16666666666666666 0.72 0.17333333333333334 0.736 0.184 0.736 0.19733333333333333 0.734 0.20266666666666666 0.73 0.204 0.69 0.17466666666666666 0.694 0.15733333333333333 0.708 0.16133333333333333 0.71 0.16 0.71 0.15733333333333333 0.698 0.14933333333333335 0.698 0.13466666666666666 0.7 0.13333333333333333
0 0.394 0.6986666666666667 0.406 0.7 0.42 0.708 0.506 0.7653333333333333 0.504 0.7826666666666666 0.498 0.7946666666666666 0.498 0.804 0.48 0.856 0.48 0.8653333333333333 0.476 0.872 0.474 0.884 0.466 0.8973333333333333 0.452 0.8933333333333333 0.346 0.824 0.34 0.8173333333333334 0.346 0.8066666666666666 0.352 0.7853333333333333 0.36 0.7733333333333333 0.366 0.7533333333333333 0.374 0.744 0.38 0.7253333333333334 0.394 0.7
0 0.25 0.009333333333333334 0.252 0.014666666666666666 0.266 0.02 0.27 0.025333333333333333 0.29 0.04 0.302 0.04533333333333334 0.3 0.05333333333333334 0.292 0.06133333333333333 0.28 0.068 0.272 0.068 0.264 0.06133333333333333 0.242 0.04933333333333333 0.238 0.044 0.216 0.029333333333333333 0.224 0.018666666666666668 0.236 0.016 0.244 0.008 0.248 0.009333333333333334
0 0.844 0.23333333333333334 0.848 0.23333333333333334 0.874 0.25066666666666665 0.882 0.252 0.89 0.2653333333333333 0.888 0.2826666666666667 0.882 0.2813333333333333 0.864 0.26666666666666666 0.852 0.2653333333333333 0.848 0.2613333333333333 0.844 0.24666666666666667 0.844 0.23466666666666666
0 0.488 0.484 0.496 0.4866666666666667 0.574 0.54 0.574 0.5493333333333333 0.568 0.5613333333333334 0.568 0.5693333333333334 0.554 0.616 0.55 0.6173333333333333 0.534 0.6093333333333333 0.472 0.568 0.458 0.556 0.458 0.5453333333333333 0.462 0.54 0.462 0.5346666666666666 0.488 0.48533333333333334
0 0.682 0.7306666666666667 0.736 0.768 0.75 0.7746666666666666 0.754 0.7813333333333333 0.752 0.8093333333333333 0.75 0.8106666666666666 0.748 0.8706666666666667 0.744 0.8906666666666667 0.74 0.8906666666666667 0.716 0.8773333333333333 0.652 0.832 0.668 0.7333333333333333 0.672 0.7266666666666667 0.68 0.7306666666666667
0 0.466 0.292 0.472 0.292 0.484 0.29733333333333334 0.498 0.30933333333333335 0.536 0.33466666666666667 0.54 0.34 0.54 0.3466666666666667 0.532 0.36 0.526 0.37733333333333335 0.52 0.384 0.51 0.38 0.452 0.3413333333333333 0.442 0.33066666666666666 0.458 0.3 0.466 0.29333333333333333
0 0.556 0.029333333333333333 0.564 0.032 0.566 0.030666666666666665 0.574 0.036 0.574 0.04 0.592 0.048 0.596 0.05466666666666667 0.602 0.058666666666666666 0.602 0.06133333333333333 0.59 0.072 0.582 0.07066666666666667 0.574 0.06533333333333333 0.572 0.058666666666666666 0.558 0.04933333333333333 0.558 0.03866666666666667 0.556 0.037333333333333336 0.554 0.03866666666666667 0.556 0.030666666666666665
0 0.48 0.12 0.532 0.15466666666666667 0.536 0.16133333333333333 0.534 0.16933333333333334 0.526 0.18 0.518 0.18266666666666667 0.502 0.17333333333333334 0.494 0.16666666666666666 0.494 0.164 0.464 0.14666666666666667 0.464 0.136 0.48 0.12133333333333333
0 0.882 0.31466666666666665 0.846 0.2853333333333333 0.844 0.276 0.848 0.26666666666666666 0.884 0.28933333333333333 0.892 0.292 0.892 0.316 0.888 0.31733333333333336 0.884 0.31466666666666665
0 0.788 0.684 0.796 0.692 0.852 0.7293333333333333 0.852 0.7453333333333333 0.854 0.7466666666666667 0.854 0.8186666666666667 0.852 0.82 0.83 0.808 0.762 0.76 0.766 0.6813333333333333 0.768 0.676 0.772 0.6746666666666666 0.786 0.684
0 0.762 0.172 0.788 0.19066666666666668 0.794 0.19733333333333333 0.792 0.21333333333333335 0.778 0.20666666666666667 0.762 0.19333333333333333 0.754 0.19066666666666668 0.752 0.18533333333333332 0.754 0.17466666666666666 0.76 0.172
0 0.854 0.49066666666666664 0.914 0.5293333333333333 0.918 0.5346666666666666 0.918 0.56 0.92 0.5613333333333334 0.92 0.5786666666666667 0.916 0.58 0.856 0.54 0.852 0.5133333333333333 0.852 0.49333333333333335 0.854 0.492
0 0.394 0.236 0.44 0.26666666666666666 0.46 0.284 0.46 0.292 0.436 0.3253333333333333 0.43 0.3253333333333333 0.422 0.32133333333333336 0.358 0.27466666666666667 0.358 0.268 0.376 0.244 0.386 0.236 0.392 0.236
0 0.452 0.5773333333333334 0.492 0.604 0.512 0.6146666666666667 0.526 0.628 0.544 0.64 0.544 0.6493333333333333 0.536 0.6693333333333333 0.534 0.6853333333333333 0.522 0.7146666666666667 0.518 0.7373333333333333 0.514 0.7413333333333333 0.464 0.7106666666666667 0.42 0.6813333333333333 0.406 0.6693333333333333 0.41 0.6533333333333333 0.428 0.6186666666666667 0.442 0.584 0.446 0.5786666666666667 0.45 0.5773333333333334
0 0.656 0.096 0.668 0.104 0.67 0.10266666666666667 0.672 0.104 0.676 0.11066666666666666 0.698 0.12933333333333333 0.696 0.14 0.688 0.14533333333333334 0.692 0.15733333333333333 0.684 0.17466666666666666 0.68 0.17466666666666666 0.68 0.172 0.67 0.16266666666666665 0.67 0.15466666666666667 0.668 0.15333333333333332 0.664 0.156 0.66 0.15466666666666667 0.66 0.15066666666666667 0.65 0.14533333333333334 0.638 0.13466666666666666 0.64 0.124 0.648 0.116 0.648 0.10666666666666667 0.654 0.09733333333333333
0 0.6 0.556 0.664 0.5986666666666667 0.658 0.6213333333333333 0.656 0.6453333333333333 0.652 0.652 0.652 0.668 0.646 0.6813333333333333 0.64 0.68 0.56 0.6253333333333333 0.56 0.616 0.566 0.6053333333333333 0.57 0.58 0.574 0.5666666666666667 0.58 0.5573333333333333 0.58 0.552 0.586 0.548 0.598 0.556
0 0.804 0.20133333333333334 0.812 0.20933333333333334 0.832 0.22133333333333333 0.842 0.232 0.842 0.244 0.838 0.24933333333333332 0.806 0.228 0.798 0.22666666666666666 0.796 0.20133333333333334 0.798 0.2 0.802 0.20133333333333334
0 0.004 0.8973333333333333 0.032 0.92 0.058 0.9373333333333334 0.058 0.9466666666666667 0.03 0.9946666666666667 0.022 0.9986666666666667 0.01 0.9986666666666667 0.008 0.996 0 0.9933333333333333 0.002 0.992 0 0.9893333333333333 0 0.9013333333333333 0.002 0.8986666666666666
0 0.626 0.39866666666666667 0.688 0.44 0.69 0.4493333333333333 0.682 0.49333333333333335 0.678 0.49466666666666664 0.668 0.48933333333333334 0.618 0.45466666666666666 0.612 0.448 0.612 0.43733333333333335 0.624 0.4
0 0.296 0.10533333333333333 0.3 0.10533333333333333 0.302 0.10933333333333334 0.31 0.112 0.31 0.11466666666666667 0.308 0.11333333333333333 0.304 0.11466666666666667 0.308 0.128 0.304 0.13333333333333333 0.31 0.13866666666666666 0.312 0.136 0.32 0.136 0.318 0.14 0.32 0.148 0.316 0.15466666666666667 0.324 0.15733333333333333 0.324 0.16266666666666665 0.32 0.16266666666666665 0.316 0.15866666666666668 0.306 0.15733333333333333 0.282 0.14 0.284 0.13066666666666665 0.282 0.12933333333333333 0.278 0.132 0.278 0.12666666666666668 0.294 0.13466666666666666 0.302 0.13333333333333333 0.296 0.12933333333333333 0.294 0.124 0.298 0.12 0.296 0.10666666666666667
0 0.786 0.44133333333333336 0.804 0.452 0.814 0.4613333333333333 0.846 0.4826666666666667 0.846 0.4866666666666667 0.85 0.49066666666666664 0.848 0.492 0.848 0.5306666666666666 0.842 0.5306666666666666 0.812 0.512 0.78 0.4866666666666667 0.78 0.4613333333333333 0.784 0.44266666666666665
0 0.476 0.9386666666666666 0.506 0.9586666666666667 0.524 0.9666666666666667 0.542 0.98 0.562 0.9906666666666667 0.566 0.9946666666666667 0.564 0.9986666666666667 0.448 0.9986666666666667 0.46 0.9626666666666667 0.462 0.948 0.466 0.94 0.47 0.9373333333333334 0.474 0.9386666666666666
0 0.644 0.48933333333333334 0.674 0.5093333333333333 0.678 0.5146666666666667 0.672 0.5573333333333333 0.666 0.5773333333333334 0.66 0.5773333333333334 0.588 0.5266666666666666 0.59 0.508 0.598 0.49066666666666664 0.604 0.4666666666666667 0.608 0.4653333333333333 0.642 0.48933333333333334
0 0.79 0.3413333333333333 0.794 0.3413333333333333 0.842 0.37333333333333335 0.846 0.38133333333333336 0.844 0.4106666666666667 0.82 0.396 0.806 0.384 0.788 0.37333333333333335 0.786 0.36533333333333334 0.79 0.3426666666666667
0 0.004 0.052 0.066 0.09466666666666666 0.066 0.1 0.042 0.11066666666666666 0.01 0.132 0 0.128 0 0.108 0.006 0.09866666666666667 0 0.08666666666666667 0 0.056 0.002 0.05333333333333334
0 0.744 0.2613333333333333 0.778 0.2853333333333333 0.782 0.2853333333333333 0.786 0.2906666666666667 0.788 0.2946666666666667 0.786 0.31866666666666665 0.784 0.32 0.778 0.31866666666666665 0.74 0.29333333333333333 0.736 0.2853333333333333 0.742 0.26266666666666666
0 0.026 0.45066666666666666 0.096 0.49466666666666664 0.096 0.49733333333333335 0.128 0.5173333333333333 0.134 0.524 0.132 0.532 0.124 0.5386666666666666 0.102 0.5706666666666667 0.07 0.6053333333333333 0.06 0.62 0.05 0.628 0.04 0.6266666666666667 0.006 0.6053333333333333 0 0.5986666666666667 0 0.56 0.004 0.5546666666666666 0 0.5506666666666666 0 0.5186666666666667 0.004 0.5173333333333333 0.004 0.5093333333333333 0 0.5066666666666667 0 0.464 0.02 0.448 0.024 0.45066666666666666
0 0.852 0.43333333333333335 0.856 0.43333333333333335 0.904 0.4653333333333333 0.91 0.472 0.912 0.48533333333333334 0.912 0.5106666666666667 0.91 0.512 0.856 0.47733333333333333 0.85 0.4666666666666667 0.85 0.436 0.852 0.43466666666666665
0 0.12 0.35733333333333334 0.144 0.36933333333333335 0.144 0.372 0.206 0.412 0.22 0.424 0.214 0.43466666666666665 0.156 0.5013333333333333 0.146 0.5 0.126 0.488 0.044 0.432 0.042 0.428 0.044 0.42133333333333334 0.066 0.4026666666666667 0.086 0.38133333333333336 0.098 0.37333333333333335 0.112 0.3586666666666667 0.118 0.35733333333333334
0 0.378 0.02 0.382 0.02 0.392 0.012 0.398 0.012 0.4 0.018666666666666668 0.41 0.028 0.436 0.04533333333333334 0.436 0.050666666666666665 0.424 0.06266666666666666 0.418 0.064 0.4 0.052 0.396 0.052 0.386 0.04133333333333333 0.372 0.034666666666666665 0.372 0.025333333333333333 0.378 0.021333333333333333
0 0.456 0.15066666666666667 0.47 0.164 0.498 0.18133333333333335 0.514 0.19466666666666665 0.514 0.20266666666666666 0.508 0.208 0.508 0.212 0.5 0.224 0.496 0.22533333333333333 0.478 0.21333333333333335 0.474 0.208 0.45 0.19466666666666665 0.448 0.19066666666666668 0.434 0.18133333333333335 0.434 0.17333333333333334 0.454 0.152
0 0.604 0.20933333333333334 0.614 0.212 0.63 0.22266666666666668 0.64 0.232 0.66 0.244 0.662 0.24933333333333332 0.656 0.2733333333333333 0.654 0.276 0.646 0.27466666666666667 0.598 0.24133333333333334 0.594 0.236 0.594 0.22666666666666666 0.604 0.21066666666666667
0 0.074 0.10133333333333333 0.092 0.11066666666666666 0.152 0.15333333333333332 0.148 0.16133333333333333 0.108 0.18933333333333333 0.1 0.19333333333333333 0.094 0.19333333333333333 0.062 0.17066666666666666 0.06 0.164 0.044 0.16 0.018 0.14133333333333334 0.018 0.13066666666666665 0.026 0.128 0.036 0.12 0.068 0.10266666666666667 0.072 0.10266666666666667
0 0.446 0.3546666666666667 0.482 0.37866666666666665 0.488 0.38533333333333336 0.512 0.4 0.506 0.4226666666666667 0.498 0.43466666666666665 0.494 0.4493333333333333 0.488 0.456 0.48 0.45466666666666666 0.46 0.44266666666666665 0.404 0.4013333333333333 0.404 0.3933333333333333 0.43 0.352 0.438 0.3506666666666667 0.444 0.3546666666666667
0 0.702 0.532 0.732 0.5493333333333333 0.742 0.5586666666666666 0.764 0.5706666666666667 0.768 0.5786666666666667 0.766 0.624 0.762 0.644 0.75 0.64 0.726 0.624 0.692 0.5986666666666667 0.69 0.592 0.692 0.5906666666666667 0.692 0.5746666666666667 0.698 0.556 0.698 0.54 0.702 0.5333333333333333
0 0.722 0.39866666666666667 0.726 0.39866666666666667 0.762 0.4226666666666667 0.776 0.43333333333333335 0.778 0.43733333333333335 0.774 0.48 0.766 0.4786666666666667 0.742 0.464 0.714 0.44266666666666665 0.714 0.4266666666666667 0.722 0.4
0 0.602 0.06133333333333333 0.608 0.06133333333333333 0.63 0.076 0.638 0.08533333333333333 0.648 0.092 0.648 0.10133333333333333 0.644 0.10666666666666667 0.634 0.11066666666666666 0.638 0.11466666666666667 0.638 0.12266666666666666 0.632 0.132 0.628 0.13333333333333333 0.618 0.12266666666666666 0.588 0.104 0.586 0.1 0.586 0.09066666666666667 0.59 0.08666666666666667 0.594 0.084 0.602 0.088 0.604 0.08666666666666667 0.604 0.08266666666666667 0.596 0.076 0.596 0.06933333333333333 0.602 0.06266666666666666
0 0.166 0.5413333333333333 0.248 0.5946666666666667 0.262 0.608 0.216 0.6853333333333333 0.19 0.72 0.178 0.716 0.144 0.696 0.06 0.6373333333333333 0.104 0.5786666666666667 0.114 0.5706666666666667 0.116 0.5653333333333334 0.122 0.5613333333333334 0.142 0.536 0.146 0.5333333333333333 0.154 0.5346666666666666 0.164 0.5413333333333333
0 0.2 0.2853333333333333 0.26 0.324 0.284 0.3453333333333333 0.268 0.36933333333333335 0.236 0.404 0.23 0.404 0.224 0.4013333333333333 0.136 0.3413333333333333 0.142 0.328 0.152 0.32133333333333336 0.158 0.31333333333333335 0.182 0.2946666666666667 0.188 0.2866666666666667 0.194 0.284 0.198 0.2853333333333333
0 0.546 0.16533333333333333 0.562 0.17466666666666666 0.568 0.18133333333333335 0.598 0.20266666666666666 0.598 0.21333333333333335 0.588 0.22933333333333333 0.584 0.22933333333333333 0.574 0.22133333333333333 0.546 0.20533333333333334 0.526 0.188 0.54 0.16666666666666666 0.544 0.16533333333333333
0 0.594 0.15466666666666667 0.602 0.15866666666666668 0.614 0.17066666666666666 0.612 0.18133333333333335 0.604 0.19333333333333333 0.6 0.19333333333333333 0.59 0.18533333333333332 0.586 0.18133333333333335 0.586 0.17733333333333334 0.584 0.176 0.58 0.17733333333333334 0.55 0.156 0.552 0.144 0.562 0.132 0.568 0.13466666666666666 0.592 0.15466666666666667
0 0.004 0.6306666666666667 0.02 0.644 0.026 0.6453333333333333 0.034 0.6506666666666666 0.034 0.6546666666666666 0.03 0.6613333333333333 0.022 0.6666666666666666 0 0.696 0 0.632 0.002 0.632
0 0.422 0.43466666666666665 0.448 0.45466666666666666 0.472 0.4693333333333333 0.48 0.47733333333333333 0.47 0.504 0.466 0.508 0.466 0.5133333333333333 0.448 0.548 0.434 0.5426666666666666 0.352 0.4866666666666667 0.352 0.47733333333333333 0.36 0.468 0.364 0.456 0.378 0.43866666666666665 0.378 0.43466666666666665 0.388 0.42 0.396 0.4186666666666667 0.42 0.43466666666666665
0 0.752 0.9266666666666666 0.8 0.9546666666666667 0.834 0.98 0.856 0.9906666666666667 0.854 0.9986666666666667 0.746 0.9986666666666667 0.75 0.928
0 0.532 0.11066666666666666 0.548 0.12133333333333333 0.556 0.13066666666666665 0.55 0.144 0.542 0.15066666666666667 0.5 0.124 0.49 0.11466666666666667 0.492 0.10133333333333333 0.504 0.09333333333333334 0.51 0.09333333333333334 0.53 0.11066666666666666
0 0.846 0.33866666666666667 0.856 0.34 0.896 0.36666666666666664 0.9 0.372 0.9 0.404 0.852 0.372 0.846 0.356 0.846 0.34
0 0.734 0.336 0.732 0.30933333333333335 0.738 0.30133333333333334 0.778 0.328 0.786 0.3373333333333333 0.786 0.3426666666666667 0.782 0.36666666666666664 0.78 0.36666666666666664 0.736 0.336
0 0.196 0.76 0.248 0.792 0.314 0.836 0.318 0.8413333333333334 0.314 0.8533333333333334 0.306 0.8653333333333333 0.304 0.876 0.292 0.9 0.288 0.9146666666666666 0.268 0.952 0.268 0.9573333333333334 0.262 0.9666666666666667 0.258 0.98 0.25 0.992 0.236 0.9986666666666667 0.218 0.9986666666666667 0.196 0.988 0.178 0.9733333333333334 0.16 0.964 0.136 0.9466666666666667 0.132 0.9466666666666667 0.108 0.9293333333333333 0.098 0.9253333333333333 0.092 0.9173333333333333 0.098 0.8986666666666666 0.114 0.876 0.13 0.844 0.138 0.836 0.142 0.8253333333333334 0.156 0.8066666666666666 0.158 0.8 0.164 0.7946666666666666 0.178 0.768 0.188 0.7573333333333333 0.194 0.76
0 0.258 0.22666666666666666 0.336 0.2786666666666667 0.336 0.2853333333333333 0.304 0.3253333333333333 0.298 0.3293333333333333 0.294 0.3293333333333333 0.236 0.2906666666666667 0.212 0.272 0.214 0.26266666666666666 0.242 0.236 0.256 0.22666666666666666
0 0.312 0.18 0.36 0.212 0.38 0.228 0.38 0.23333333333333334 0.35 0.268 0.344 0.26666666666666666 0.316 0.248 0.31 0.24133333333333334 0.296 0.236 0.286 0.22533333333333333 0.27 0.216 0.274 0.20666666666666667 0.29 0.19333333333333333 0.296 0.18533333333333332 0.306 0.17866666666666667 0.31 0.18
0 0.046 0.6666666666666666 0.056 0.6706666666666666 0.092 0.6946666666666667 0.104 0.7 0.172 0.7466666666666667 0.172 0.7546666666666667 0.166 0.7613333333333333 0.164 0.7706666666666667 0.154 0.7826666666666666 0.154 0.7866666666666666 0.112 0.8533333333333334 0.11 0.86 0.098 0.876 0.084 0.9026666666666666 0.078 0.908 0.064 0.904 0.026 0.8773333333333333 0.008 0.8693333333333333 0.004 0.8666666666666667 0 0.856 0 0.8146666666666667 0.004 0.808 0.004 0.8013333333333333 0 0.796 0 0.7693333333333333 0.008 0.7653333333333333 0.014 0.7666666666666667 0.018 0.7613333333333333 0.014 0.7586666666666667 0.006 0.76 0 0.7533333333333333 0 0.712 0.036 0.668 0.04 0.6653333333333333 0.044 0.6666666666666666
0 0.52 0.776 0.556 0.7986666666666666 0.56 0.7986666666666666 0.616 0.8373333333333334 0.616 0.852 0.612 0.86 0.606 0.8893333333333333 0.604 0.92 0.598 0.9346666666666666 0.594 0.9733333333333334 0.59 0.976 0.58 0.9746666666666667 0.478 0.908 0.478 0.8973333333333333 0.492 0.856 0.496 0.8346666666666667 0.504 0.816 0.506 0.8013333333333333 0.51 0.796 0.514 0.7773333333333333 0.518 0.776
0 0.752 0.2 0.756 0.2 0.792 0.22666666666666666 0.792 0.23866666666666667 0.788 0.24533333333333332 0.79 0.252 0.788 0.28 0.784 0.28 0.758 0.2613333333333333 0.754 0.2613333333333333 0.754 0.25866666666666666 0.744 0.252 0.744 0.23733333333333334 0.748 0.22933333333333333 0.754 0.228 0.76 0.23333333333333334 0.762 0.232 0.756 0.22266666666666668 0.75 0.22 0.748 0.216 0.752 0.20133333333333334
0 0.566 0.6533333333333333 0.642 0.7026666666666667 0.64 0.7293333333333333 0.634 0.74 0.626 0.804 0.622 0.8106666666666666 0.596 0.7973333333333333 0.532 0.7546666666666667 0.524 0.7466666666666667 0.532 0.708 0.54 0.6906666666666667 0.548 0.656 0.554 0.648 0.564 0.6533333333333333
0 0.796 0.228 0.804 0.23066666666666666 0.842 0.26 0.842 0.284 0.838 0.2853333333333333 0.832 0.2813333333333333 0.832 0.2786666666666667 0.824 0.27466666666666667 0.816 0.2653333333333333 0.798 0.25466666666666665 0.794 0.248 0.796 0.22933333333333333
0 0.654 0.292 0.66 0.29333333333333333 0.672 0.30133333333333334 0.676 0.30666666666666664 0.706 0.32666666666666666 0.71 0.332 0.71 0.3453333333333333 0.706 0.35333333333333333 0.706 0.36133333333333334 0.702 0.36533333333333334 0.696 0.364 0.66 0.3413333333333333 0.644 0.32666666666666666 0.65 0.2986666666666667 0.654 0.29333333333333333
0 0.862 0.7373333333333333 0.87 0.74 0.938 0.7853333333333333 0.942 0.7906666666666666 0.942 0.816 0.946 0.8306666666666667 0.946 0.86 0.948 0.8613333333333333 0.948 0.8813333333333333 0.94 0.88 0.866 0.832 0.86 0.8253333333333334 0.86 0.74 0.862 0.7386666666666667
0 0.004 0.152 0.078 0.20266666666666666 0.078 0.20933333333333334 0.042 0.236 0.012 0.256 0.006 0.256 0 0.252 0 0.23066666666666666 0.004 0.22533333333333333 0.004 0.21733333333333332 0 0.21333333333333335 0 0.15333333333333332 0.002 0.15333333333333332
0 0.174 0.168 0.248 0.22 0.246 0.22666666666666666 0.236 0.23333333333333334 0.206 0.2613333333333333 0.202 0.264 0.198 0.26266666666666666 0.154 0.23466666666666666 0.12 0.20933333333333334 0.122 0.20133333333333334 0.138 0.188 0.162 0.172 0.172 0.16933333333333334
0 0.364 0.29733333333333334 0.414 0.33066666666666666 0.414 0.3333333333333333 0.426 0.344 0.408 0.37733333333333335 0.396 0.3933333333333333 0.388 0.392 0.364 0.37733333333333335 0.316 0.344 0.308 0.336 0.308 0.33066666666666666 0.338 0.29333333333333333 0.348 0.288 0.362 0.29733333333333334
0 0.17 0.08266666666666667 0.21 0.11066666666666666 0.208 0.11866666666666667 0.17 0.144 0.166 0.144 0.096 0.09466666666666666 0.096 0.09066666666666667 0.102 0.08533333333333333 0.142 0.06533333333333333 0.168 0.08266666666666667
0 0.796 0.2613333333333333 0.84 0.292 0.842 0.31466666666666665 0.84 0.316 0.834 0.31466666666666665 0.81 0.3 0.808 0.296 0.796 0.288 0.792 0.2813333333333333 0.794 0.26266666666666666
0 0.424 0.19066666666666668 0.488 0.23333333333333334 0.49 0.23733333333333334 0.488 0.24266666666666667 0.472 0.2693333333333333 0.464 0.2693333333333333 0.398 0.224 0.4 0.21466666666666667 0.412 0.19866666666666666 0.422 0.192
0 0 0.43066666666666664 0.006 0.43066666666666664 0.014 0.43733333333333335 0.01 0.4493333333333333 0.004 0.452 0 0.44666666666666666 0 0.432
0 0.282 0.09066666666666667 0.294 0.1 0.302 0.10266666666666667 0.304 0.10666666666666667 0.328 0.12133333333333333 0.34 0.132 0.34 0.13733333333333334 0.334 0.14533333333333334 0.32 0.15866666666666668 0.312 0.16266666666666665 0.268 0.136 0.262 0.12933333333333333 0.246 0.12 0.244 0.116 0.25 0.108 0.268 0.09466666666666666 0.28 0.09066666666666667
0 0.762 0.7893333333333333 0.766 0.7893333333333333 0.782 0.7986666666666666 0.854 0.8453333333333334 0.854 0.8586666666666667 0.856 0.86 0.854 0.8653333333333333 0.856 0.96 0.852 0.9626666666666667 0.844 0.96 0.82 0.9453333333333334 0.756 0.9013333333333333 0.752 0.896 0.752 0.876 0.754 0.8746666666666667 0.754 0.8453333333333334 0.758 0.832 0.758 0.8093333333333333 0.762 0.7906666666666666
0 0.622 0.17466666666666666 0.672 0.20933333333333334 0.674 0.21733333333333332 0.668 0.23466666666666666 0.662 0.236 0.638 0.21733333333333332 0.622 0.208 0.616 0.20666666666666667 0.612 0.19733333333333333 0.612 0.18933333333333333 0.618 0.176 0.62 0.176
0 0.232 0.432 0.246 0.43866666666666665 0.274 0.45866666666666667 0.298 0.472 0.33 0.49733333333333335 0.326 0.508 0.304 0.54 0.292 0.564 0.282 0.5773333333333334 0.276 0.5813333333333334 0.26 0.576 0.236 0.5586666666666666 0.224 0.5533333333333333 0.166 0.512 0.166 0.504 0.19 0.47733333333333333 0.216 0.44266666666666665 0.222 0.436 0.23 0.432
0 0.348 0.508 0.436 0.5666666666666667 0.436 0.5773333333333334 0.428 0.592 0.428 0.5973333333333334 0.412 0.6293333333333333 0.41 0.64 0.396 0.6626666666666666 0.378 0.6546666666666666 0.288 0.5933333333333334 0.288 0.5853333333333334 0.292 0.576 0.306 0.5573333333333333 0.322 0.528 0.338 0.5066666666666667 0.342 0.5053333333333333 0.346 0.508
0 0.22 0.04666666666666667 0.226 0.05333333333333334 0.26 0.076 0.26 0.08266666666666667 0.254 0.088 0.228 0.104 0.224 0.104 0.184 0.07733333333333334 0.182 0.07333333333333333 0.166 0.064 0.16 0.05733333333333333 0.17 0.048 0.196 0.036 0.202 0.036 0.218 0.04666666666666667
0 0.298 0.352 0.35 0.38533333333333336 0.382 0.4093333333333333 0.38 0.42133333333333334 0.36 0.45066666666666666 0.352 0.468 0.344 0.47733333333333333 0.338 0.47733333333333333 0.324 0.4706666666666667 0.316 0.46266666666666667 0.246 0.4146666666666667 0.244 0.4106666666666667 0.27 0.376 0.278 0.36933333333333335 0.282 0.36133333333333334 0.296 0.352
0 0.03 0.2946666666666667 0.052 0.30933333333333335 0.062 0.31333333333333335 0.068 0.32 0.082 0.328 0.108 0.348 0.106 0.35333333333333333 0.09 0.36933333333333335 0.084 0.372 0.074 0.384 0.032 0.42 0.026 0.42 0.02 0.41733333333333333 0.004 0.4066666666666667 0 0.3973333333333333 0 0.36533333333333334 0.004 0.3626666666666667 0 0.35333333333333333 0 0.29333333333333333 0.008 0.2853333333333333 0.016 0.284 0.028 0.2946666666666667
0 0.646 0.344 0.698 0.37866666666666665 0.702 0.384 0.694 0.42533333333333334 0.69 0.42533333333333334 0.674 0.416 0.65 0.3973333333333333 0.638 0.39066666666666666 0.63 0.38266666666666665 0.638 0.34933333333333333 0.64 0.3453333333333333 0.644 0.344
0 0.328 0.8506666666666667 0.342 0.8546666666666667 0.36 0.8666666666666667 0.366 0.868 0.456 0.928 0.456 0.944 0.438 0.996 0.43 0.996 0.426 0.9986666666666667 0.392 0.9986666666666667 0.39 0.996 0.386 0.9986666666666667 0.382 0.996 0.38 0.9973333333333333 0.36 0.996 0.358 0.9986666666666667 0.352 0.9946666666666667 0.344 0.9946666666666667 0.336 0.992 0.328 0.9866666666666667 0.326 0.9826666666666667 0.318 0.9826666666666667 0.312 0.992 0.304 0.9946666666666667 0.3 0.9986666666666667 0.266 0.9986666666666667 0.264 0.992 0.28 0.96 0.282 0.9493333333333334 0.292 0.932 0.296 0.916 0.302 0.908 0.322 0.86 0.328 0.852
0 0.266 0 0.298 0 0.302 0.004 0.312 0.0026666666666666666 0.34 0.018666666666666668 0.34 0.025333333333333333 0.334 0.032 0.324 0.03866666666666667 0.314 0.04133333333333333 0.304 0.03333333333333333 0.284 0.02266666666666667 0.278 0.013333333333333334 0.262 0.005333333333333333 0.266 0.0013333333333333333
0 0.23 0.12533333333333332 0.254 0.13866666666666666 0.298 0.172 0.296 0.17866666666666667 0.274 0.196 0.27 0.20266666666666666 0.262 0.20666666666666667 0.252 0.204 0.186 0.15733333333333333 0.19 0.15066666666666667 0.228 0.12666666666666668
0 0.854 0.56 0.864 0.5626666666666666 0.922 0.6 0.928 0.6386666666666667 0.928 0.6613333333333333 0.922 0.6626666666666666 0.858 0.62 0.854 0.612 0.854 0.5613333333333334
0 0.862 0.8546666666666667 0.88 0.8626666666666667 0.906 0.8813333333333333 0.948 0.9066666666666666 0.952 0.912 0.956 0.94 0.956 0.964 0.962 0.9906666666666667 0.96 0.9986666666666667 0.906 0.9986666666666667 0.864 0.9733333333333334 0.862 0.9693333333333334 0.862 0.856
0 0.282 0.6173333333333333 0.312 0.6373333333333333 0.342 0.6533333333333333 0.346 0.6586666666666666 0.356 0.664 0.382 0.6853333333333333 0.382 0.7 0.374 0.7133333333333334 0.366 0.7373333333333333 0.354 0.76 0.354 0.7653333333333333 0.332 0.8106666666666666 0.326 0.8106666666666666 0.296 0.7933333333333333 0.204 0.732 0.204 0.724 0.212 0.712 0.214 0.704 0.222 0.696 0.224 0.6866666666666666 0.238 0.6693333333333333 0.24 0.6613333333333333 0.254 0.6426666666666667 0.254 0.6386666666666667 0.26 0.6333333333333333 0.268 0.6186666666666667 0.272 0.616 0.28 0.6173333333333333
0 0.518 0.408 0.524 0.408 0.546 0.42133333333333334 0.576 0.444 0.594 0.45466666666666666 0.598 0.4613333333333333 0.588 0.5053333333333333 0.582 0.5186666666666667 0.578 0.52 0.556 0.5066666666666667 0.496 0.464 0.496 0.45866666666666667 0.504 0.44266666666666665 0.504 0.436 0.518 0.4093333333333333
0 0.418 0 0.426 0 0.428 0.0026666666666666666 0.432 0.0026666666666666666 0.438 0.009333333333333334 0.454 0.018666666666666668 0.46 0.028 0.48 0.036 0.488 0.04133333333333333 0.494 0.04 0.49 0.032 0.492 0.025333333333333333 0.49 0.024 0.48 0.025333333333333333 0.482 0.014666666666666666 0.486 0.014666666666666666 0.49 0.018666666666666668 0.498 0.018666666666666668 0.506 0.021333333333333333 0.528 0.04 0.528 0.044 0.522 0.04666666666666667 0.522 0.050666666666666665 0.51 0.04666666666666667 0.504 0.04 0.496 0.044 0.502 0.05333333333333334 0.516 0.06266666666666666 0.516 0.068 0.506 0.08 0.502 0.08 0.486 0.06933333333333333 0.478 0.072 0.476 0.076 0.482 0.084 0.478 0.08533333333333333 0.48 0.07866666666666666 0.474 0.07466666666666667 0.47 0.07733333333333334 0.464 0.07333333333333333 0.466 0.068 0.474 0.07333333333333333 0.478 0.072 0.472 0.058666666666666666 0.46 0.050666666666666665 0.454 0.04933333333333333 0.452 0.04133333333333333 0.42 0.021333333333333333 0.42 0.016 0.414 0.005333333333333333 0.418 0.0013333333333333333
0 0.85 0.38266666666666665 0.854 0.38266666666666665 0.902 0.4146666666666667 0.906 0.4266666666666667 0.904 0.452 0.866 0.428 0.85 0.4146666666666667 0.85 0.3973333333333333 0.848 0.396 0.85 0.384
0 0.082 0 0.116 0 0.116 0.004 0.12 0.008 0.142 0.004 0.148 0.006666666666666667 0.154 0.006666666666666667 0.176 0.017333333333333333 0.19 0.028 0.19 0.032 0.184 0.036 0.156 0.050666666666666665 0.15 0.050666666666666665 0.128 0.037333333333333336 0.11 0.02266666666666667 0.08 0.005333333333333333 0.082 0.0013333333333333333
0 0.686 0.21866666666666668 0.724 0.24666666666666667 0.726 0.256 0.72 0.2733333333333333 0.716 0.2733333333333333 0.67 0.24133333333333334 0.67 0.23333333333333334 0.674 0.224 0.68 0.21733333333333332 0.684 0.21866666666666668
0 0.848 0.3 0.864 0.308 0.878 0.31866666666666665 0.886 0.32133333333333336 0.894 0.328 0.898 0.348 0.896 0.35733333333333334 0.892 0.356 0.852 0.3293333333333333 0.848 0.324 0.846 0.31333333333333335 0.848 0.30133333333333334
0 0.602 0.312 0.626 0.3293333333333333 0.636 0.34 0.634 0.3546666666666667 0.63 0.3586666666666667 0.63 0.36666666666666664 0.624 0.37733333333333335 0.618 0.376 0.59 0.3586666666666667 0.554 0.33066666666666666 0.554 0.32266666666666666 0.56 0.30533333333333335 0.568 0.29333333333333333 0.574 0.29333333333333333 0.6 0.312
0 0.776 0.5826666666666667 0.782 0.584 0.848 0.6293333333333333 0.85 0.6333333333333333 0.85 0.676 0.852 0.6773333333333333 0.852 0.7013333333333334 0.848 0.704 0.772 0.6533333333333333 0.768 0.6413333333333333 0.772 0.62 0.77 0.616 0.772 0.6146666666666667 0.772 0.592 0.776 0.584
0 0.538 0.07466666666666667 0.546 0.08 0.55 0.08666666666666667 0.562 0.09333333333333334 0.57 0.10266666666666667 0.574 0.116 0.568 0.11733333333333333 0.564 0.12133333333333333 0.56 0.12133333333333333 0.546 0.11066666666666666 0.526 0.10133333333333333 0.514 0.09066666666666667 0.512 0.07866666666666666 0.516 0.07066666666666667 0.52 0.068 0.526 0.068 0.53 0.07333333333333333 0.536 0.07466666666666667
0 0.546 0.3466666666666667 0.56 0.352 0.588 0.37333333333333335 0.61 0.38666666666666666 0.618 0.39466666666666667 0.616 0.4093333333333333 0.606 0.44 0.6 0.44133333333333336 0.584 0.432 0.528 0.39066666666666666 0.528 0.38266666666666665 0.542 0.352 0.546 0.348
0 0.102 0.22 0.138 0.24266666666666667 0.184 0.276 0.184 0.2813333333333333 0.18 0.2866666666666667 0.138 0.32133333333333336 0.13 0.33066666666666666 0.128 0.332 0.12 0.33066666666666666 0.106 0.32133333333333336 0.098 0.31866666666666665 0.09 0.31066666666666665 0.058 0.2906666666666667 0.032 0.27066666666666667 0.038 0.2613333333333333 0.072 0.23866666666666667 0.074 0.23466666666666666 0.092 0.22266666666666668 0.1 0.22133333333333333
0 0.734 0.34933333333333333 0.762 0.36666666666666664 0.782 0.38266666666666665 0.778 0.42 0.756 0.408 0.724 0.38266666666666665 0.726 0.352 0.732 0.3506666666666667
0 0.788 0.38666666666666666 0.844 0.424 0.846 0.428 0.846 0.4653333333333333 0.844 0.4666666666666667 0.84 0.4653333333333333 0.806 0.44266666666666665 0.802 0.43733333333333335 0.79 0.432 0.784 0.42133333333333334 0.786 0.388
0 0.208 0.02266666666666667 0.182 0.008 0.176 0.006666666666666667 0.174 0.005333333333333333 0.176 0.0013333333333333333 0.178 0 0.236 0 0.24 0.005333333333333333 0.238 0.008 0.21 0.021333333333333333