0 0.8984375 0.1748046875 0.91796875 0.177734375 0.9248046875 0.1826171875 0.9296875 0.208984375 0.9296875 0.2216796875 0.94140625 0.28515625 0.943359375 0.314453125 0.953125 0.365234375 0.953125 0.3798828125 0.9501953125 0.3828125 0.8662109375 0.3798828125 0.861328125 0.3681640625 0.85546875 0.3056640625 0.8515625 0.291015625 0.84375 0.2392578125 0.8427734375 0.2158203125 0.83984375 0.208984375 0.8359375 0.1796875 0.837890625 0.173828125 0.8564453125 0.171875 0.8974609375 0.1748046875
0 0.5966796875 0.166015625 0.6728515625 0.169921875 0.677734375 0.173828125 0.6796875 0.1787109375 0.689453125 0.244140625 0.6923828125 0.291015625 0.697265625 0.3115234375 0.7001953125 0.3720703125 0.6953125 0.376953125 0.6591796875 0.37890625 0.603515625 0.3779296875 0.59765625 0.3759765625 0.59375 0.28125 0.5908203125 0.271484375 0.583984375 0.1767578125 0.583984375 0.1708984375 0.587890625 0.1669921875 0.595703125 0.166015625
0 0.8095703125 0.1689453125 0.8203125 0.1708984375 0.8251953125 0.181640625 0.830078125 0.2236328125 0.8359375 0.248046875 0.83984375 0.3017578125 0.84375 0.310546875 0.849609375 0.3466796875 0.8515625 0.3671875 0.8515625 0.3798828125 0.849609375 0.380859375 0.8203125 0.380859375 0.8173828125 0.3798828125 0.8154296875 0.373046875 0.80859375 0.30859375 0.8017578125 0.2724609375 0.7900390625 0.1787109375 0.7900390625 0.1708984375 0.80859375 0.1689453125
0 0.55078125 0.1640625 0.5673828125 0.1650390625 0.5712890625 0.1787109375 0.5849609375 0.365234375 0.5849609375 0.3759765625 0.576171875 0.37890625 0.5419921875 0.3779296875 0.537109375 0.375 0.53515625 0.369140625 0.5244140625 0.1708984375 0.525390625 0.1669921875 0.529296875 0.1640625 0.5498046875 0.1640625
0 0.60546875 0.4462890625 0.638671875 0.451171875 0.65625 0.451171875 0.677734375 0.4453125 0.7021484375 0.44921875 0.705078125 0.4580078125 0.70703125 0.4794921875 0.7119140625 0.5732421875 0.71484375 0.5810546875 0.71484375 0.6328125 0.712890625 0.63671875 0.716796875 0.662109375 0.716796875 0.6826171875 0.7138671875 0.685546875 0.669921875 0.6884765625 0.611328125 0.6884765625 0.609375 0.677734375 0.611328125 0.6142578125 0.603515625 0.48046875 0.60546875 0.447265625
0 0.8330078125 0.51171875 0.830078125 0.4482421875 0.83203125 0.4443359375 0.85546875 0.443359375 0.8583984375 0.453125 0.86328125 0.5234375 0.8662109375 0.5380859375 0.8740234375 0.6787109375 0.8623046875 0.681640625 0.845703125 0.681640625 0.84375 0.6787109375 0.8408203125 0.625 0.83984375 0.5634765625 0.833984375 0.5126953125
0 0.4111328125 0.166015625 0.4150390625 0.171875 0.416015625 0.203125 0.41796875 0.20703125 0.4189453125 0.3740234375 0.4169921875 0.376953125 0.3984375 0.37890625 0.3154296875 0.37890625 0.3125 0.376953125 0.314453125 0.173828125 0.31640625 0.1669921875 0.359375 0.166015625 0.376953125 0.16796875 0.3818359375 0.166015625 0.41015625 0.166015625
0 0.552734375 0.4423828125 0.583984375 0.4423828125 0.5869140625 0.4443359375 0.5927734375 0.560546875 0.5966796875 0.5732421875 0.59375 0.5771484375 0.59375 0.603515625 0.5966796875 0.6220703125 0.595703125 0.685546875 0.59375 0.6884765625 0.5859375 0.689453125 0.5615234375 0.689453125 0.5595703125 0.6865234375 0.556640625 0.662109375 0.556640625 0.5908203125 0.552734375 0.5400390625 0.552734375 0.443359375
0 0.287109375 0.4423828125 0.2939453125 0.4423828125 0.2978515625 0.4453125 0.2939453125 0.6923828125 0.24609375 0.6923828125 0.2431640625 0.6904296875 0.2412109375 0.6826171875 0.2451171875 0.44921875 0.248046875 0.443359375 0.2861328125 0.4423828125
0 0.11328125 0.17578125 0.1435546875 0.17578125 0.1474609375 0.1787109375 0.1376953125 0.373046875 0.13671875 0.37890625 0.12890625 0.3837890625 0.0859375 0.384765625 0.0419921875 0.384765625 0.0361328125 0.3798828125 0.0380859375 0.3466796875 0.0419921875 0.3232421875 0.044921875 0.2587890625 0.0517578125 0.2080078125 0.0517578125 0.189453125 0.0537109375 0.1826171875 0.060546875 0.1787109375 0.1123046875 0.17578125
0 0.123046875 0.4443359375 0.1298828125 0.4453125 0.130859375 0.4677734375 0.1240234375 0.599609375 0.1240234375 0.6640625 0.1220703125 0.6884765625 0.119140625 0.6904296875 0.0341796875 0.689453125 0.021484375 0.6884765625 0.0185546875 0.6845703125 0.01953125 0.607421875 0.0224609375 0.5986328125 0.0234375 0.53515625 0.029296875 0.4521484375 0.033203125 0.447265625 0.0458984375 0.4462890625 0.1220703125 0.4453125
0 0.9560546875 0.4453125 0.9599609375 0.45703125 0.9677734375 0.525390625 0.96875 0.5625 0.9755859375 0.609375 0.974609375 0.6240234375 0.9775390625 0.671875 0.9765625 0.6748046875 0.9677734375 0.677734375 0.9384765625 0.6796875 0.88671875 0.6787109375 0.884765625 0.6201171875 0.8818359375 0.60546875 0.880859375 0.5703125 0.8828125 0.5625 0.8798828125 0.556640625 0.875 0.5087890625 0.8720703125 0.4482421875 0.8828125 0.4462890625 0.935546875 0.447265625 0.9404296875 0.4453125 0.955078125 0.4453125
0 0.0361328125 0.1796875 0.0380859375 0.181640625 0.0380859375 0.2021484375 0.03515625 0.216796875 0.021484375 0.37890625 0.01953125 0.3837890625 0.013671875 0.3857421875 0 0.3837890625 0 0.1806640625 0.0087890625 0.177734375 0.03515625 0.1796875
0 0.2998046875 0.16796875 0.298828125 0.2138671875 0.30078125 0.2314453125 0.2978515625 0.3720703125 0.296875 0.3759765625 0.29296875 0.3779296875 0.267578125 0.3798828125 0.2509765625 0.3798828125 0.2451171875 0.3740234375 0.2470703125 0.369140625 0.2451171875 0.3486328125 0.248046875 0.341796875 0.24609375 0.3310546875 0.2490234375 0.328125 0.2509765625 0.30859375 0.2509765625 0.2958984375 0.248046875 0.2900390625 0.251953125 0.287109375 0.2509765625 0.26171875 0.25390625 0.17578125 0.2578125 0.1708984375 0.263671875 0.1689453125 0.298828125 0.16796875
0 0 0.447265625 0.0146484375 0.4462890625 0.017578125 0.4482421875 0.009765625 0.59375 0.0068359375 0.6015625 0.0087890625 0.62109375 0.005859375 0.6630859375 0.0078125 0.666015625 0.0048828125 0.6650390625 0.001953125 0.654296875 0.00390625 0.6435546875 0 0.6396484375 0.0029296875 0.630859375 0.001953125 0.6142578125 0.00390625 0.609375 0.001953125 0.599609375 0 0.5986328125 0.0029296875 0.595703125 0 0.5927734375 0 0.4482421875
0 0.416015625 0.44140625 0.4208984375 0.4453125 0.421875 0.4599609375 0.4228515625 0.6884765625 0.41796875 0.6923828125 0.4072265625 0.693359375 0.35546875 0.6943359375 0.314453125 0.693359375 0.3095703125 0.6904296875 0.3095703125 0.4970703125 0.3115234375 0.4453125 0.322265625 0.4423828125 0.4150390625 0.44140625