0 0.884765625 0.1357421875 0.9072265625 0.138671875 0.9111328125 0.14453125 0.91796875 0.193359375 0.9267578125 0.2880859375 0.93359375 0.3291015625 0.9345703125 0.3515625 0.9287109375 0.353515625 0.90234375 0.349609375 0.896484375 0.3427734375 0.8916015625 0.2734375 0.8779296875 0.158203125 0.8779296875 0.1376953125 0.8837890625 0.1357421875
0 0.416015625 0.1025390625 0.44921875 0.1064453125 0.478515625 0.10546875 0.490234375 0.107421875 0.494140625 0.111328125 0.498046875 0.171875 0.49609375 0.283203125 0.494140625 0.298828125 0.4951171875 0.32421875 0.4931640625 0.326171875 0.390625 0.32421875 0.3837890625 0.3203125 0.388671875 0.111328125 0.3896484375 0.10546875 0.3935546875 0.103515625 0.4150390625 0.1025390625
0 0.6298828125 0.3974609375 0.640625 0.3994140625 0.6611328125 0.3984375 0.666015625 0.4033203125 0.6650390625 0.4912109375 0.6669921875 0.564453125 0.6650390625 0.5732421875 0.6650390625 0.6318359375 0.6640625 0.6552734375 0.6572265625 0.658203125 0.6142578125 0.6572265625 0.6103515625 0.654296875 0.61328125 0.5673828125 0.6123046875 0.4033203125 0.615234375 0.3984375 0.62890625 0.3974609375
0 0.6865234375 0.1162109375 0.7490234375 0.1201171875 0.7626953125 0.123046875 0.765625 0.1259765625 0.7744140625 0.1875 0.7763671875 0.251953125 0.7802734375 0.2724609375 0.783203125 0.3134765625 0.783203125 0.3359375 0.7802734375 0.3388671875 0.69921875 0.337890625 0.6796875 0.3349609375 0.677734375 0.33203125 0.67578125 0.2841796875 0.673828125 0.2802734375 0.6748046875 0.24609375 0.669921875 0.1865234375 0.6689453125 0.126953125 0.6728515625 0.1171875 0.685546875 0.1162109375
0 0.193359375 0.1005859375 0.212890625 0.1015625 0.216796875 0.1064453125 0.203125 0.26171875 0.203125 0.283203125 0.19921875 0.310546875 0.2001953125 0.3173828125 0.1953125 0.3193359375 0.103515625 0.3193359375 0.0927734375 0.3173828125 0.09765625 0.248046875 0.1005859375 0.23828125 0.1015625 0.205078125 0.11328125 0.138671875 0.1162109375 0.1064453125 0.12109375 0.1025390625 0.1279296875 0.1015625 0.1923828125 0.1005859375
0 0.3466796875 0.1015625 0.373046875 0.103515625 0.375 0.1064453125 0.3681640625 0.3037109375 0.3662109375 0.318359375 0.3603515625 0.322265625 0.3173828125 0.3212890625 0.314453125 0.31640625 0.31640625 0.2470703125 0.3203125 0.2177734375 0.3193359375 0.1904296875 0.3232421875 0.1689453125 0.326171875 0.1123046875 0.328125 0.1044921875 0.3310546875 0.1015625 0.345703125 0.1015625
0 0.0341796875 0.3828125 0.0673828125 0.3837890625 0.0693359375 0.38671875 0.05859375 0.5068359375 0.0537109375 0.521484375 0.0537109375 0.5400390625 0.0498046875 0.54296875 0.052734375 0.548828125 0.0517578125 0.57421875 0.046875 0.626953125 0.0439453125 0.630859375 0.0126953125 0.6298828125 0.0029296875 0.6279296875 0 0.625 0.00390625 0.5947265625 0.005859375 0.5390625 0.0107421875 0.515625 0.0146484375 0.4521484375 0.017578125 0.4384765625 0.021484375 0.3896484375 0.0244140625 0.384765625 0.033203125 0.3828125
0 0.7060546875 0.4013671875 0.78125 0.4052734375 0.7861328125 0.4111328125 0.7890625 0.58984375 0.787109375 0.6572265625 0.783203125 0.66015625 0.6787109375 0.6572265625 0.677734375 0.404296875 0.681640625 0.4013671875 0.705078125 0.40234375
0 0.33984375 0.384765625 0.3623046875 0.38671875 0.365234375 0.3896484375 0.3603515625 0.5029296875 0.357421875 0.529296875 0.357421875 0.5654296875 0.3544921875 0.5908203125 0.353515625 0.6435546875 0.3486328125 0.6484375 0.2998046875 0.646484375 0.2958984375 0.6435546875 0.294921875 0.638671875 0.30078125 0.5546875 0.3017578125 0.486328125 0.3046875 0.4677734375 0.306640625 0.396484375 0.30859375 0.388671875 0.3115234375 0.3857421875 0.3388671875 0.384765625
0 0.0693359375 0.1025390625 0.1015625 0.1025390625 0.1044921875 0.10546875 0.1005859375 0.12109375 0.0908203125 0.2080078125 0.0791015625 0.2783203125 0.076171875 0.3173828125 0.0712890625 0.3193359375 0.0478515625 0.3203125 0.029296875 0.3193359375 0.025390625 0.3173828125 0.025390625 0.2822265625 0.029296875 0.2685546875 0.033203125 0.232421875 0.0380859375 0.21875 0.041015625 0.1787109375 0.044921875 0.1650390625 0.044921875 0.1494140625 0.048828125 0.138671875 0.0517578125 0.1123046875 0.056640625 0.1044921875 0.068359375 0.1025390625
0 0.6513671875 0.115234375 0.6552734375 0.1201171875 0.6591796875 0.2314453125 0.6630859375 0.2705078125 0.6630859375 0.3271484375 0.6611328125 0.33203125 0.65234375 0.3330078125 0.6220703125 0.33203125 0.6171875 0.330078125 0.6142578125 0.3251953125 0.61328125 0.2578125 0.6083984375 0.193359375 0.6083984375 0.1435546875 0.60546875 0.1279296875 0.60546875 0.119140625 0.6103515625 0.1142578125 0.650390625 0.115234375
0 0.099609375 0.3837890625 0.1796875 0.384765625 0.1865234375 0.3857421875 0.189453125 0.388671875 0.1875 0.421875 0.18359375 0.431640625 0.1845703125 0.4404296875 0.181640625 0.443359375 0.177734375 0.44140625 0.177734375 0.470703125 0.1748046875 0.4765625 0.17578125 0.4931640625 0.173828125 0.49609375 0.173828125 0.5078125 0.177734375 0.5107421875 0.177734375 0.5166015625 0.171875 0.521484375 0.173828125 0.525390625 0.1728515625 0.548828125 0.17578125 0.5546875 0.1748046875 0.5859375 0.1689453125 0.591796875 0.1708984375 0.6044921875 0.1669921875 0.6142578125 0.1669921875 0.619140625 0.1708984375 0.6220703125 0.1708984375 0.630859375 0.166015625 0.63671875 0.1572265625 0.638671875 0.095703125 0.6357421875 0.0634765625 0.630859375 0.0634765625 0.6201171875 0.06640625 0.609375 0.06640625 0.5673828125 0.0703125 0.5498046875 0.080078125 0.5498046875 0.0869140625 0.54296875 0.0859375 0.5234375 0.078125 0.517578125 0.07421875 0.517578125 0.0732421875 0.5126953125 0.0830078125 0.3935546875 0.0859375 0.3857421875 0.0986328125 0.3837890625
0 0.4013671875 0.3876953125 0.4892578125 0.3916015625 0.4931640625 0.3955078125 0.4912109375 0.5478515625 0.48828125 0.580078125 0.48828125 0.6162109375 0.490234375 0.6298828125 0.4873046875 0.6474609375 0.48046875 0.6533203125 0.3759765625 0.6494140625 0.3681640625 0.6474609375 0.3662109375 0.6435546875 0.376953125 0.396484375 0.3798828125 0.388671875 0.400390625 0.3876953125
0 0.935546875 0.142578125 0.9677734375 0.146484375 0.9931640625 0.1552734375 0.9990234375 0.16015625 0.9990234375 0.181640625 0.99609375 0.1845703125 0.9970703125 0.2001953125 0.9990234375 0.201171875 0.9990234375 0.2509765625 0.99609375 0.2548828125 0.9970703125 0.26171875 0.9990234375 0.2626953125 0.9990234375 0.3486328125 0.9951171875 0.35546875 0.9912109375 0.3564453125 0.9619140625 0.35546875 0.9482421875 0.3525390625 0.9453125 0.3486328125 0.94140625 0.3203125 0.939453125 0.28125 0.927734375 0.208984375 0.9267578125 0.181640625 0.9208984375 0.1513671875 0.921875 0.1435546875 0.9345703125 0.142578125
0 0.928837890625 0.540068359375 0.037353515625 0.256318359375
0 0.972294921875 0.534580078125 0.048095703125 0.26486328125