0 0.44565217391304346 0.8478571428571429 0.10579710144927536 0.19
0 0.5572463768115942 0.8485714285714285 0.10579710144927536 0.18857142857142858
0 0.5572463768115942 0.5978571428571429 0.10579710144927536 0.19
0 0.6681159420289855 0.3485714285714286 0.10434782608695652 0.19142857142857142
0 0.8905797101449275 0.8478571428571429 0.10579710144927536 0.19
0 0.8913043478260869 0.6021428571428571 0.10434782608695652 0.18428571428571427
0 0.3355072463768116 0.5978571428571429 0.10579710144927536 0.19
0 0.33405797101449275 0.3485714285714286 0.10579710144927536 0.19142857142857142
0 0.11376811594202899 0.7207142857142858 0.10579710144927536 0.4357142857142857
0 0.44565217391304346 0.6021428571428571 0.10579710144927536 0.18428571428571427
0 0.5572463768115942 0.3485714285714286 0.10579710144927536 0.19142857142857142
0 0.4463768115942029 0.09785714285714285 0.10434782608695652 0.19
0 0.3347826086956522 0.8492857142857143 0.10434782608695652 0.19
0 0.6681159420289855 0.8485714285714285 0.10434782608695652 0.19142857142857142
0 0.2246376811594203 0.5978571428571429 0.10434782608695652 0.19
0 0.44565217391304346 0.3485714285714286 0.10579710144927536 0.19142857142857142
0 0.7804347826086957 0.5978571428571429 0.10579710144927536 0.19
0 0.6688405797101449 0.5985714285714285 0.10579710144927536 0.18857142857142858
0 0.3347826086956522 0.09785714285714285 0.10434782608695652 0.19
0 0.5572463768115942 0.09714285714285714 0.10579710144927536 0.18857142857142858
0 0.6681159420289855 0.09714285714285714 0.10434782608695652 0.18857142857142858
0 0.11304347826086956 0.8478571428571429 0.10434782608695652 0.19
0 0.8913043478260869 0.09785714285714285 0.10434782608695652 0.19
0 0.7797101449275362 0.09785714285714285 0.10434782608695652 0.19
0 0.11304347826086956 0.09714285714285714 0.10434782608695652 0.18857142857142858
0 0.7797101449275362 0.8478571428571429 0.10434782608695652 0.19
0 0.8913043478260869 0.3485714285714286 0.10434782608695652 0.19142857142857142
0 0.11231884057971014 0.3485714285714286 0.10579710144927536 0.19142857142857142
0 0.7797101449275362 0.3485714285714286 0.10434782608695652 0.19142857142857142
0 0.2246376811594203 0.3485714285714286 0.10434782608695652 0.19142857142857142
0 0.22391304347826088 0.8478571428571429 0.10579710144927536 0.19
0 0.22391304347826088 0.09714285714285714 0.10579710144927536 0.18857142857142858
0 0.02753623188405797 0.34785714285714286 0.05507246376811594 0.19
0 0.02753623188405797 0.72 0.05507246376811594 0.43142857142857144
0 0.02681159420289855 0.16428571428571428 0.0536231884057971 0.32285714285714284
0 0.02753623188405797 0.8478571428571429 0.05507246376811594 0.19
0 0.9739130434782609 0.8485714285714285 0.04927536231884058 0.19142857142857142
0 0.9739130434782609 0.5992857142857143 0.04927536231884058 0.19
0 0.9739130434782609 0.3485714285714286 0.04927536231884058 0.19142857142857142
0 0.9739130434782609 0.09785714285714285 0.04927536231884058 0.19