0 0.4633333333333333 0.66 0.16933333333333334 0.168
0 0.63 0.469 0.16666666666666666 0.21
0 0.10466666666666667 0.444 0.17466666666666666 0.22
0 0.468 0.833 0.17066666666666666 0.162
0 0.288 0.827 0.17333333333333334 0.162
0 0.8006666666666666 0.477 0.16933333333333334 0.21
0 0.6373333333333333 0.667 0.168 0.166
0 0.458 0.462 0.16666666666666666 0.212
0 0.10466666666666667 0.646 0.17733333333333334 0.172
0 0.644 0.839 0.17066666666666666 0.162
0 0.10266666666666667 0.824 0.18133333333333335 0.164
0 0.2866666666666667 0.658 0.17066666666666666 0.16
0 0.8106666666666666 0.674 0.17066666666666666 0.168
0 0.82 0.847 0.17333333333333334 0.162
0 0.9426666666666667 0.484 0.112 0.208
0 0.948 0.681 0.10133333333333333 0.166
0 0.2853333333333333 0.438 0.17333333333333334 0.188
0 0.9526666666666667 0.853 0.092 0.162
0 0.2813333333333333 0.256 0.168 0.172
0 0.6226666666666667 0.276 0.16266666666666665 0.164
0 0.792 0.283 0.16533333333333333 0.162
0 0.45466666666666666 0.267 0.16533333333333333 0.166
0 0.10333333333333333 0.244 0.172 0.172
0 0.9373333333333334 0.288 0.12266666666666666 0.164
0 0.005333333333333333 0.438 0.010666666666666666 0.212
0 0.004 0.673 0.008 0.23
0 0.005333333333333333 0.238 0.010666666666666666 0.168
0 0.0033333333333333335 0.816 0.006666666666666667 0.152