0 0.4658203125 0.357421875 0.4677734375 0.3583984375 0.4677734375 0.369140625 0.46484375 0.4150390625 0.4599609375 0.41796875 0.4423828125 0.4189453125 0.4365234375 0.41796875 0.435546875 0.4150390625 0.4404296875 0.3603515625 0.4501953125 0.357421875 0.46484375 0.357421875
0 0.681640625 0.3564453125 0.6865234375 0.359375 0.6865234375 0.4013671875 0.6787109375 0.404296875 0.65625 0.404296875 0.6572265625 0.365234375 0.654296875 0.3623046875 0.66015625 0.3583984375 0.6806640625 0.357421875
0 0.6572265625 0.5673828125 0.65625 0.509765625 0.6591796875 0.5078125 0.6728515625 0.5068359375 0.685546875 0.5068359375 0.6875 0.5087890625 0.6875 0.56640625 0.6796875 0.568359375 0.658203125 0.5673828125
0 0.6455078125 0.2001953125 0.6494140625 0.2060546875 0.6474609375 0.2255859375 0.6494140625 0.2548828125 0.630859375 0.2578125 0.6201171875 0.2568359375 0.62109375 0.21875 0.619140625 0.203125 0.64453125 0.2001953125
0 0.6181640625 0.5703125 0.6181640625 0.51171875 0.6328125 0.5087890625 0.6474609375 0.5087890625 0.6484375 0.5107421875 0.6484375 0.5673828125 0.6455078125 0.5693359375 0.619140625 0.5703125
0 0.9033203125 0.5078125 0.9072265625 0.51171875 0.91015625 0.556640625 0.908203125 0.55859375 0.880859375 0.5595703125 0.876953125 0.5595703125 0.875 0.556640625 0.8720703125 0.51171875 0.8740234375 0.509765625 0.90234375 0.5078125
0 0.4755859375 0.2177734375 0.4736328125 0.267578125 0.466796875 0.271484375 0.4521484375 0.2724609375 0.4462890625 0.2705078125 0.44921875 0.22265625 0.453125 0.21875 0.474609375 0.2177734375
0 0.27734375 0.6865234375 0.2802734375 0.6953125 0.2724609375 0.7568359375 0.2685546875 0.7626953125 0.263671875 0.763671875 0.248046875 0.763671875 0.2431640625 0.76171875 0.25 0.6962890625 0.25390625 0.6875 0.2763671875 0.6865234375
0 0.8623046875 0.5107421875 0.8671875 0.556640625 0.86328125 0.560546875 0.8388671875 0.5615234375 0.8330078125 0.560546875 0.830078125 0.513671875 0.8330078125 0.5107421875 0.861328125 0.5107421875
0 0.5029296875 0.35546875 0.5 0.412109375 0.498046875 0.4150390625 0.484375 0.416015625 0.4716796875 0.4150390625 0.4755859375 0.3583984375 0.4794921875 0.35546875 0.501953125 0.35546875
0 0.2412109375 0.6845703125 0.244140625 0.6865234375 0.24609375 0.6923828125 0.2431640625 0.703125 0.2373046875 0.759765625 0.23046875 0.763671875 0.20703125 0.763671875 0.2041015625 0.76171875 0.205078125 0.7509765625 0.21484375 0.689453125 0.2197265625 0.685546875 0.240234375 0.6845703125
0 0.6865234375 0.6728515625 0.6904296875 0.677734375 0.69140625 0.751953125 0.689453125 0.7548828125 0.65625 0.7548828125 0.6552734375 0.7529296875 0.6552734375 0.6767578125 0.6611328125 0.673828125 0.685546875 0.6728515625
0 0.6240234375 0.673828125 0.6455078125 0.6748046875 0.6484375 0.677734375 0.6484375 0.7529296875 0.6435546875 0.755859375 0.615234375 0.755859375 0.6142578125 0.75390625 0.6142578125 0.6787109375 0.615234375 0.6748046875 0.623046875 0.673828125
0 0.91796875 0.6669921875 0.9208984375 0.669921875 0.921875 0.67578125 0.9228515625 0.703125 0.927734375 0.73828125 0.9267578125 0.751953125 0.892578125 0.751953125 0.8896484375 0.748046875 0.884765625 0.6708984375 0.8935546875 0.66796875 0.9169921875 0.6669921875
0 0.314453125 0.3671875 0.31640625 0.3740234375 0.310546875 0.4248046875 0.2958984375 0.427734375 0.287109375 0.427734375 0.28515625 0.4248046875 0.2919921875 0.37109375 0.2958984375 0.3681640625 0.3134765625 0.3671875
0 0.5048828125 0.212890625 0.509765625 0.2158203125 0.5068359375 0.2666015625 0.494140625 0.26953125 0.48046875 0.2685546875 0.482421875 0.2197265625 0.4853515625 0.2158203125 0.50390625 0.2138671875
0 0.650390625 0.361328125 0.6533203125 0.3623046875 0.6494140625 0.3642578125 0.6484375 0.404296875 0.6259765625 0.4072265625 0.619140625 0.4052734375 0.6201171875 0.36328125 0.6298828125 0.3603515625 0.6494140625 0.361328125
0 0.841796875 0.6708984375 0.876953125 0.6708984375 0.8818359375 0.734375 0.8818359375 0.75 0.8798828125 0.751953125 0.8466796875 0.7529296875 0.8447265625 0.7509765625 0.8408203125 0.69140625 0.841796875 0.671875
0 0.2822265625 0.3681640625 0.28515625 0.373046875 0.27734375 0.427734375 0.251953125 0.4296875 0.2509765625 0.42578125 0.255859375 0.3994140625 0.2578125 0.373046875 0.26171875 0.3701171875 0.28125 0.369140625
0 0.6552734375 0.203125 0.6611328125 0.1982421875 0.6826171875 0.197265625 0.6845703125 0.19921875 0.68359375 0.23046875 0.685546875 0.25 0.681640625 0.2529296875 0.6572265625 0.25390625 0.65625 0.2041015625