0 0.8193359375 0.404296875 0.818359375 0.3583984375 0.8193359375 0.33984375 0.8212890625 0.337890625 0.84765625 0.337890625 0.8525390625 0.341796875 0.8505859375 0.3583984375 0.8525390625 0.4013671875 0.849609375 0.4052734375 0.8203125 0.404296875
0 0.9599609375 0.16943359375 0.041015625 0.0791015625
0 0.6181640625 0.3369140625 0.6494140625 0.337890625 0.6474609375 0.400390625 0.6455078125 0.40234375 0.6181640625 0.40234375 0.6142578125 0.400390625 0.6181640625 0.337890625
0 0.63671875 0.5791015625 0.6396484375 0.5810546875 0.6396484375 0.5888671875 0.63671875 0.658203125 0.634765625 0.6591796875 0.603515625 0.6591796875 0.6005859375 0.65625 0.6005859375 0.6513671875 0.6044921875 0.5810546875 0.607421875 0.5791015625 0.6357421875 0.5791015625
0 0.5087890625 0.576171875 0.515625 0.578125 0.5166015625 0.58203125 0.513671875 0.5966796875 0.509765625 0.654296875 0.5078125 0.65625 0.4853515625 0.65625 0.474609375 0.6533203125 0.482421875 0.5791015625 0.484375 0.5771484375 0.5078125 0.576171875
0 0.8212890625 0.5849609375 0.8486328125 0.5859375 0.8544921875 0.58984375 0.85546875 0.66796875 0.84765625 0.666015625 0.8232421875 0.666015625 0.8203125 0.6640625 0.8203125 0.5859375
0 0.9697265625 0.337890625 0.98046875 0.33984375 0.9990234375 0.3388671875 0.9990234375 0.4404296875 0.984375 0.44140625 0.96875 0.4404296875 0.9658203125 0.4384765625 0.9619140625 0.34375 0.96484375 0.3388671875 0.96875 0.3388671875
0 0.9990234375 0.5869140625 0.9990234375 0.7099609375 0.99609375 0.7109375 0.9892578125 0.7099609375 0.9853515625 0.701171875 0.9775390625 0.5908203125 0.9814453125 0.5869140625 0.998046875 0.5869140625
0 0.462890625 0.33203125 0.47265625 0.333984375 0.4912109375 0.3330078125 0.4931640625 0.3369140625 0.4873046875 0.3974609375 0.4833984375 0.3994140625 0.458984375 0.3984375 0.4560546875 0.3974609375 0.4560546875 0.3876953125 0.458984375 0.37109375 0.4580078125 0.3583984375 0.462890625 0.3330078125
0 0.783203125 0.3369140625 0.8076171875 0.3388671875 0.8076171875 0.404296875 0.7783203125 0.404296875 0.775390625 0.40234375 0.7734375 0.3759765625 0.775390625 0.3388671875 0.7822265625 0.3369140625
0 0.31640625 0.5703125 0.3203125 0.572265625 0.3203125 0.5791015625 0.306640625 0.6806640625 0.3037109375 0.6875 0.263671875 0.6865234375 0.26171875 0.685546875 0.26171875 0.677734375 0.2783203125 0.5732421875 0.28125 0.5703125 0.3154296875 0.5703125
0 0.5048828125 0.3330078125 0.5341796875 0.3349609375 0.53125 0.3974609375 0.529296875 0.3994140625 0.5009765625 0.3994140625 0.4990234375 0.3984375 0.4990234375 0.384765625 0.5048828125 0.333984375
0 0.9990234375 0.1318359375 0.9990234375 0.2080078125 0.9931640625 0.2080078125 0.9912109375 0.2060546875 0.986328125 0.15625 0.986328125 0.1328125 0.998046875 0.1318359375
0 0.25 0.568359375 0.263671875 0.5693359375 0.265625 0.5712890625 0.265625 0.5771484375 0.2490234375 0.6826171875 0.2470703125 0.685546875 0.2412109375 0.6865234375 0.20703125 0.685546875 0.205078125 0.68359375 0.205078125 0.67578125 0.2236328125 0.5703125 0.2265625 0.568359375 0.2490234375 0.568359375
0 0.68359375 0.5810546875 0.6826171875 0.658203125 0.6787109375 0.6611328125 0.6494140625 0.6591796875 0.6474609375 0.65625 0.6494140625 0.5947265625 0.650390625 0.58203125 0.6533203125 0.580078125 0.6826171875 0.5810546875
0 0.3359375 0.3291015625 0.349609375 0.330078125 0.3525390625 0.33203125 0.3515625 0.3544921875 0.3427734375 0.4228515625 0.341796875 0.427734375 0.337890625 0.4296875 0.302734375 0.4287109375 0.2998046875 0.42578125 0.314453125 0.3310546875 0.31640625 0.3291015625 0.3349609375 0.3291015625
0 0.900390625 0.1259765625 0.9189453125 0.12890625 0.9248046875 0.126953125 0.927734375 0.12890625 0.9326171875 0.201171875 0.9306640625 0.2080078125 0.8974609375 0.20703125 0.8955078125 0.2041015625 0.8935546875 0.1298828125 0.896484375 0.1259765625 0.8994140625 0.1259765625
0 0.4296875 0.654296875 0.4287109375 0.6455078125 0.4365234375 0.578125 0.4384765625 0.576171875 0.46875 0.576171875 0.470703125 0.578125 0.4638671875 0.65234375 0.4599609375 0.6552734375 0.4306640625 0.654296875
0 0.7978515625 0.583984375 0.8076171875 0.5849609375 0.80859375 0.5869140625 0.8095703125 0.662109375 0.806640625 0.6650390625 0.779296875 0.6640625 0.7744140625 0.662109375 0.7734375 0.5869140625 0.7763671875 0.583984375 0.796875 0.583984375
0 0.2802734375 0.328125 0.302734375 0.330078125 0.287109375 0.4287109375 0.251953125 0.427734375 0.248046875 0.4248046875 0.25390625 0.3974609375 0.2626953125 0.333984375 0.2666015625 0.328125 0.279296875 0.328125
0 0.6884765625 0.3369140625 0.69140625 0.341796875 0.689453125 0.3642578125 0.6904296875 0.4013671875 0.6875 0.4033203125 0.6591796875 0.40234375 0.6572265625 0.400390625 0.66015625 0.337890625 0.6875 0.3369140625