0 0.1162109375 0.6123046875 0.1220703125 0.5576171875 0.1259765625 0.5546875 0.1787109375 0.5478515625 0.181640625 0.5478515625 0.1826171875 0.55078125 0.1796875 0.5625 0.17578125 0.607421875 0.1728515625 0.609375 0.142578125 0.6123046875 0.1171875 0.6123046875
0 0.212890625 0.2578125 0.20703125 0.3056640625 0.1552734375 0.3203125 0.1533203125 0.3203125 0.15234375 0.31640625 0.158203125 0.275390625 0.16796875 0.2705078125 0.2119140625 0.2578125
0 0.15625 0.51904296875 0.06640625 0.0654296875
0 0.07421875 0.126953125 0.0673828125 0.1884765625 0.0654296875 0.1923828125 0.025390625 0.2099609375 0.001953125 0.216796875 0 0.216796875 0 0.1572265625 0.0380859375 0.1396484375 0.0732421875 0.126953125
0 0.1826171875 0.0771484375 0.2275390625 0.05859375 0.232421875 0.060546875 0.2294921875 0.099609375 0.181640625 0.1201171875 0.1748046875 0.1201171875 0.1748046875 0.1171875 0.177734375 0.111328125 0.1796875 0.0830078125 0.1826171875 0.078125
0 0.44482421875 0.4326171875 0.1044921875 0.125
0 0.5625 0.3564453125 0.564453125 0.359375 0.564453125 0.4697265625 0.560546875 0.4736328125 0.5185546875 0.4794921875 0.509765625 0.4794921875 0.5078125 0.4775390625 0.5078125 0.369140625 0.5107421875 0.365234375 0.5615234375 0.3564453125
0 0.19580078125 0.1865234375 0.0595703125 0.0625
0 0.19921875 0.3671875 0.201171875 0.369140625 0.201171875 0.3779296875 0.1953125 0.4189453125 0.1923828125 0.421875 0.14453125 0.431640625 0.140625 0.431640625 0.1396484375 0.4267578125 0.146484375 0.380859375 0.15234375 0.3779296875 0.1982421875 0.3681640625
0 0.0498046875 0.2900390625 0.0400390625 0.357421875 0.0341796875 0.3623046875 0.025390625 0.3642578125 0.0185546875 0.36328125 0.0185546875 0.359375 0.021484375 0.3505859375 0.0283203125 0.30078125 0.0322265625 0.29296875 0.044921875 0.2890625 0.048828125 0.2900390625
0 0.138671875 0.435546875 0.1875 0.42578125 0.1943359375 0.427734375 0.1904296875 0.4775390625 0.1875 0.482421875 0.1806640625 0.484375 0.1416015625 0.4892578125 0.1328125 0.4892578125 0.130859375 0.4873046875 0.1357421875 0.4453125 0.138671875 0.4365234375
0 0.380859375 0 0.404296875 0 0.4052734375 0.001953125 0.40234375 0.060546875 0.3642578125 0.0751953125 0.3623046875 0.07421875 0.3642578125 0.0107421875 0.365234375 0.0068359375 0.369140625 0.00390625 0.380859375 0.0009765625
0 0.3349609375 0.501953125 0.33984375 0.4482421875 0.3408203125 0.40234375 0.3466796875 0.3984375 0.3701171875 0.3955078125 0.3818359375 0.3916015625 0.38671875 0.3935546875 0.3818359375 0.4951171875 0.3740234375 0.4990234375 0.3359375 0.501953125
0 0.5126953125 0 0.552734375 0 0.548828125 0.0048828125 0.5166015625 0.0166015625 0.5126953125 0.015625 0.5126953125 0.0009765625
0 0.18896484375 0.2373046875 0.0595703125 0.0625
0 0 0.46484375 0.0166015625 0.4619140625 0.021484375 0.4638671875 0.009765625 0.54296875 0.0087890625 0.546875 0.0029296875 0.5498046875 0 0.5498046875 0 0.4658203125
0 0.498046875 0.1455078125 0.5 0.150390625 0.498046875 0.232421875 0.494140625 0.2353515625 0.458984375 0.24609375 0.4111328125 0.2587890625 0.4033203125 0.2587890625 0.40234375 0.2548828125 0.4072265625 0.1748046875 0.4970703125 0.1455078125
0 0.2001953125 0.13720703125 0.05859375 0.0615234375
0 0 0.3037109375 0.015625 0.298828125 0.0185546875 0.2958984375 0.0224609375 0.296875 0.0224609375 0.3076171875 0.0126953125 0.36328125 0.0078125 0.3671875 0 0.369140625 0 0.3046875
0 0.2060546875 0.3115234375 0.20703125 0.3203125 0.2021484375 0.361328125 0.1533203125 0.3740234375 0.146484375 0.3740234375 0.146484375 0.3681640625 0.1494140625 0.3349609375 0.15234375 0.326171875 0.205078125 0.3125
0 0.51171875 0.1416015625 0.560546875 0.1259765625 0.5615234375 0.1513671875 0.55859375 0.1572265625 0.5634765625 0.162109375 0.5625 0.21484375 0.51171875 0.23046875 0.509765625 0.228515625 0.51171875 0.142578125
0 0.3486328125 0.2734375 0.3525390625 0.189453125 0.357421875 0.185546875 0.3681640625 0.18359375 0.390625 0.1748046875 0.39453125 0.17578125 0.3916015625 0.26171875 0.38671875 0.265625 0.3642578125 0.2724609375 0.349609375 0.2734375
0 0.416015625 0 0.44140625 0 0.4423828125 0.001953125 0.443359375 0 0.501953125 0 0.5029296875 0.001953125 0.5009765625 0.0224609375 0.43359375 0.0498046875 0.4140625 0.0556640625 0.416015625 0.0009765625