0 0.6318359375 0.1845703125 0.650390625 0.1865234375 0.6552734375 0.1923828125 0.6552734375 0.197265625 0.6533203125 0.1982421875 0.6162109375 0.1953125 0.6162109375 0.1826171875 0.630859375 0.1845703125
0 0.619140625 0.6328125 0.62890625 0.6357421875 0.630859375 0.6416015625 0.6298828125 0.7197265625 0.5966796875 0.7216796875 0.587890625 0.7197265625 0.580078125 0.720703125 0.57421875 0.7177734375 0.5751953125 0.6728515625 0.5791015625 0.63671875 0.58203125 0.634765625 0.6181640625 0.6337890625
0 0.83984375 0.3681640625 0.8642578125 0.3701171875 0.87109375 0.373046875 0.875 0.458984375 0.8779296875 0.48046875 0.8779296875 0.490234375 0.873046875 0.4921875 0.8486328125 0.4912109375 0.8388671875 0.4892578125 0.837890625 0.4873046875 0.83203125 0.37109375 0.833984375 0.3681640625 0.8388671875 0.3681640625
0 0.32421875 0.33203125 0.365234375 0.3359375 0.3701171875 0.3388671875 0.3583984375 0.4599609375 0.35546875 0.4658203125 0.3037109375 0.4638671875 0.2978515625 0.4599609375 0.3134765625 0.3349609375 0.31640625 0.33203125 0.3232421875 0.33203125
0 0.3935546875 0.337890625 0.4384765625 0.3388671875 0.4404296875 0.341796875 0.4326171875 0.4228515625 0.431640625 0.46484375 0.4287109375 0.46875 0.380859375 0.4677734375 0.373046875 0.466796875 0.37109375 0.4638671875 0.3837890625 0.3408203125 0.38671875 0.3369140625 0.392578125 0.337890625
0 0.2998046875 0.6337890625 0.3359375 0.63671875 0.337890625 0.6396484375 0.3212890625 0.79296875 0.318359375 0.794921875 0.30859375 0.7939453125 0.3037109375 0.787109375 0.30078125 0.7939453125 0.2724609375 0.7919921875 0.2685546875 0.7890625 0.2744140625 0.783203125 0.2724609375 0.775390625 0.2744140625 0.7646484375 0.271484375 0.7626953125 0.26171875 0.7626953125 0.259765625 0.7587890625 0.263671875 0.7333984375 0.267578125 0.67578125 0.2734375 0.6484375 0.2734375 0.638671875 0.2783203125 0.6337890625 0.298828125 0.6337890625
0 0.8642578125 0.6484375 0.8857421875 0.650390625 0.890625 0.65234375 0.8935546875 0.6572265625 0.8955078125 0.7041015625 0.900390625 0.734375 0.90234375 0.767578125 0.900390625 0.7724609375 0.8935546875 0.7724609375 0.88671875 0.7685546875 0.8759765625 0.771484375 0.859375 0.7705078125 0.857421875 0.7666015625 0.8505859375 0.6494140625 0.86328125 0.6484375
0 0.591796875 0.3466796875 0.6220703125 0.3505859375 0.630859375 0.349609375 0.6337890625 0.3525390625 0.6337890625 0.4111328125 0.603515625 0.4111328125 0.5869140625 0.408203125 0.587890625 0.3505859375 0.5908203125 0.34765625
0 0.4140625 0.63671875 0.416015625 0.6396484375 0.404296875 0.7490234375 0.400390625 0.748046875 0.3974609375 0.7431640625 0.3935546875 0.7431640625 0.38671875 0.75390625 0.375 0.7509765625 0.373046875 0.7578125 0.3681640625 0.76171875 0.3623046875 0.7626953125 0.3583984375 0.7587890625 0.353515625 0.7587890625 0.3505859375 0.7626953125 0.3486328125 0.7802734375 0.3388671875 0.7802734375 0.337890625 0.77734375 0.3466796875 0.705078125 0.3515625 0.6396484375 0.35546875 0.63671875 0.4130859375 0.63671875
0 0.818359375 0.3671875 0.8203125 0.3701171875 0.822265625 0.4228515625 0.828125 0.484375 0.826171875 0.4892578125 0.7919921875 0.48828125 0.7861328125 0.482421875 0.783203125 0.4111328125 0.7841796875 0.3662109375 0.7861328125 0.3642578125 0.79296875 0.3642578125 0.8173828125 0.3671875
0 0.8203125 0.71533203125 0.05078125 0.1376953125
0 0.029296875 0.07421875 0.0302734375 0.0888671875 0.0244140625 0.130859375 0.0146484375 0.1552734375 0.0087890625 0.158203125 0 0.158203125 0 0.08203125 0.0224609375 0.0830078125 0.02734375 0.080078125 0.0283203125 0.0751953125