0 0.486328125 0.3857421875 0.5048828125 0.384765625 0.5078125 0.38671875 0.5078125 0.4365234375 0.505859375 0.44140625 0.486328125 0.4404296875 0.486328125 0.38671875
0 0.46923828125 0.2822265625 0.0224609375 0.04296875
0 0.37890625 0.3828125 0.4013671875 0.3828125 0.40234375 0.38671875 0.3994140625 0.439453125 0.3955078125 0.4423828125 0.37890625 0.4423828125 0.376953125 0.4404296875 0.37890625 0.3837890625
0 0.3701171875 0.3828125 0.3720703125 0.3857421875 0.3701171875 0.4423828125 0.3544921875 0.4423828125 0.3486328125 0.4384765625 0.349609375 0.408203125 0.34765625 0.3916015625 0.3505859375 0.3828125 0.369140625 0.3828125
0 0.1171875 0.5478515625 0.0234375 0.05859375
0 0.09765625 0.51953125 0.099609375 0.5224609375 0.0986328125 0.56640625 0.095703125 0.5751953125 0.078125 0.57421875 0.0771484375 0.5498046875 0.080078125 0.5205078125 0.0966796875 0.51953125
0 0.1376953125 0.2509765625 0.140625 0.25390625 0.140625 0.2578125 0.138671875 0.302734375 0.13671875 0.3046875 0.1201171875 0.3046875 0.1181640625 0.302734375 0.1201171875 0.25390625 0.1220703125 0.251953125 0.13671875 0.2509765625
0 0.4560546875 0.3857421875 0.478515625 0.3857421875 0.4765625 0.439453125 0.474609375 0.44140625 0.4609375 0.4423828125 0.455078125 0.439453125 0.4560546875 0.38671875
0 0.19921875 0.392578125 0.2060546875 0.392578125 0.2099609375 0.396484375 0.208984375 0.4375 0.203125 0.4404296875 0.1865234375 0.4384765625 0.1865234375 0.396484375 0.1884765625 0.3935546875 0.1982421875 0.3935546875
0 0.2265625 0.41845703125 0.025390625 0.0478515625
0 0.109375 0.251953125 0.1123046875 0.2548828125 0.111328125 0.291015625 0.1103515625 0.302734375 0.107421875 0.3046875 0.0908203125 0.3037109375 0.08984375 0.2978515625 0.091796875 0.25390625 0.09375 0.251953125 0.1083984375 0.251953125
0 0.5087890625 0.2607421875 0.509765625 0.30078125 0.505859375 0.302734375 0.48828125 0.3017578125 0.4873046875 0.279296875 0.4892578125 0.26171875 0.5078125 0.2607421875