0 0.8662109375 0.3701171875 0.880859375 0.3720703125 0.884765625 0.376953125 0.892578125 0.4208984375 0.892578125 0.42578125 0.8896484375 0.427734375 0.873046875 0.42578125 0.8681640625 0.421875 0.8603515625 0.376953125 0.8603515625 0.37109375 0.865234375 0.3701171875
0 0.615234375 0.2861328125 0.6416015625 0.291015625 0.64453125 0.2939453125 0.6435546875 0.3232421875 0.625 0.3212890625 0.6181640625 0.3193359375 0.615234375 0.3154296875 0.615234375 0.287109375
0 0.646484375 0.892578125 0.6845703125 0.892578125 0.6923828125 0.9931640625 0.6923828125 0.9990234375 0.6513671875 0.9990234375 0.646484375 0.8935546875
0 0.64697265625 0.61328125 0.0380859375 0.109375
0 0.85546875 0.337890625 0.876953125 0.341796875 0.8828125 0.3662109375 0.8818359375 0.3681640625 0.861328125 0.3662109375 0.857421875 0.359375 0.85546875 0.3388671875
0 0.837890625 0.3642578125 0.8505859375 0.369140625 0.859375 0.421875 0.837890625 0.41796875 0.837890625 0.4072265625 0.8330078125 0.3818359375 0.8330078125 0.365234375 0.8369140625 0.3642578125
0 0.9462890625 0.88671875 0.9560546875 0.9287109375 0.966796875 0.9990234375 0.943359375 0.9990234375 0.92578125 0.8876953125 0.9296875 0.8857421875 0.9453125 0.88671875
0 0.5927734375 0.0869140625 0.6201171875 0.095703125 0.6201171875 0.1337890625 0.6162109375 0.1357421875 0.5908203125 0.1298828125 0.5810546875 0.125 0.58203125 0.0859375 0.591796875 0.0869140625
0 0.6162109375 0.3232421875 0.62109375 0.322265625 0.64453125 0.3271484375 0.6455078125 0.357421875 0.6484375 0.3681640625 0.646484375 0.3779296875 0.6240234375 0.375 0.6181640625 0.3720703125 0.6162109375 0.32421875
0 0.5888671875 0.31640625 0.60546875 0.3203125 0.6083984375 0.361328125 0.6083984375 0.3701171875 0.6064453125 0.37109375 0.5947265625 0.369140625 0.5830078125 0.37109375 0.5791015625 0.369140625 0.5771484375 0.31640625 0.587890625 0.31640625
0 0.5849609375 0.279296875 0.6025390625 0.2822265625 0.6044921875 0.28515625 0.60546875 0.3134765625 0.6025390625 0.3154296875 0.5771484375 0.3095703125 0.576171875 0.28125 0.578125 0.2783203125 0.583984375 0.279296875
0 0.65625 0.8134765625 0.6767578125 0.8134765625 0.6806640625 0.81640625 0.6806640625 0.83984375 0.685546875 0.8828125 0.677734375 0.884765625 0.6474609375 0.884765625 0.6455078125 0.8818359375 0.6416015625 0.8154296875 0.64453125 0.8134765625 0.6552734375 0.8134765625
0 0.5986328125 0.8125 0.62890625 0.8134765625 0.6298828125 0.8154296875 0.6318359375 0.8837890625 0.6298828125 0.8857421875 0.5947265625 0.884765625 0.5927734375 0.81640625 0.5947265625 0.8134765625 0.59765625 0.8134765625
0 0.96630859375 0.849609375 0.0419921875 0.064453125
0 0.9345703125 0.8173828125 0.9453125 0.8720703125 0.9453125 0.8798828125 0.935546875 0.8818359375 0.9248046875 0.8818359375 0.9228515625 0.87890625 0.9140625 0.8291015625 0.9150390625 0.8173828125 0.93359375 0.8173828125
0 0.8125 0.1533203125 0.83203125 0.1591796875 0.8369140625 0.1630859375 0.83984375 0.193359375 0.8154296875 0.1884765625 0.810546875 0.185546875 0.8076171875 0.154296875 0.8095703125 0.15234375 0.8115234375 0.1533203125
0 0.61328125 0.5556640625 0.6162109375 0.5595703125 0.6201171875 0.6455078125 0.619140625 0.6630859375 0.587890625 0.6611328125 0.583984375 0.640625 0.583984375 0.5556640625 0.6123046875 0.5556640625
0 0.6025390625 0.501953125 0.6123046875 0.5029296875 0.6142578125 0.505859375 0.6162109375 0.5458984375 0.6142578125 0.55078125 0.583984375 0.546875 0.583984375 0.5009765625 0.6015625 0.501953125
0 0.5947265625 0.8935546875 0.6240234375 0.8916015625 0.630859375 0.8916015625 0.6328125 0.8935546875 0.6376953125 0.97265625 0.63671875 0.9990234375 0.5986328125 0.9990234375 0.595703125 0.9619140625 0.5947265625 0.89453125
0 0.958984375 0.88671875 0.98828125 0.88671875 0.9970703125 0.939453125 0.9990234375 0.9404296875 0.9990234375 0.9990234375 0.9794921875 0.9990234375 0.958984375 0.8876953125
0 0.6318359375 0.505859375 0.6533203125 0.5078125 0.65625 0.5107421875 0.6591796875 0.544921875 0.6591796875 0.5537109375 0.6572265625 0.5556640625 0.6318359375 0.5537109375 0.6279296875 0.5517578125 0.625 0.5068359375 0.630859375 0.505859375
0 0.8349609375 0.33203125 0.845703125 0.3359375 0.8486328125 0.36328125 0.8310546875 0.3623046875 0.8291015625 0.3583984375 0.8271484375 0.337890625 0.8291015625 0.33203125 0.833984375 0.33203125