0 0.8115234375 0.4658203125 0.8134765625 0.4677734375 0.818359375 0.525390625 0.818359375 0.529296875 0.8154296875 0.5322265625 0.7890625 0.5322265625 0.787109375 0.529296875 0.7841796875 0.4677734375 0.7861328125 0.4658203125 0.810546875 0.4658203125
0 0.7373046875 0.3125 0.76171875 0.3115234375 0.7646484375 0.3134765625 0.7685546875 0.361328125 0.7685546875 0.37109375 0.7666015625 0.3720703125 0.7392578125 0.3720703125 0.736328125 0.330078125 0.7373046875 0.3134765625
0 0.7978515625 0.3095703125 0.8017578125 0.3134765625 0.8056640625 0.3603515625 0.8056640625 0.369140625 0.80078125 0.37109375 0.7783203125 0.37109375 0.7763671875 0.369140625 0.7734375 0.3232421875 0.7744140625 0.310546875 0.796875 0.3095703125
0 0.591796875 0.3154296875 0.6142578125 0.3154296875 0.6162109375 0.3173828125 0.6181640625 0.3740234375 0.6123046875 0.376953125 0.5888671875 0.3759765625 0.5869140625 0.3193359375 0.5908203125 0.31640625
0 0.55078125 0.31640625 0.5771484375 0.31640625 0.580078125 0.3203125 0.580078125 0.3759765625 0.552734375 0.3779296875 0.548828125 0.3759765625 0.55078125 0.369140625 0.55078125 0.3173828125
0 0.5830078125 0.4716796875 0.583984375 0.5224609375 0.5869140625 0.53515625 0.5791015625 0.5390625 0.552734375 0.5390625 0.5517578125 0.4736328125 0.5537109375 0.4716796875 0.58203125 0.4716796875
0 0.81494140625 0.6708984375 0.0380859375 0.076171875
0 0.9990234375 0.3115234375 0.9990234375 0.365234375 0.9755859375 0.36328125 0.96875 0.3115234375 0.970703125 0.3046875 0.9951171875 0.3046875 0.998046875 0.3115234375
0 0.771484375 0.4658203125 0.775390625 0.46875 0.7763671875 0.47265625 0.779296875 0.5302734375 0.77734375 0.5322265625 0.755859375 0.5361328125 0.7470703125 0.53515625 0.7431640625 0.466796875 0.7705078125 0.4658203125
0 0.361328125 0.3193359375 0.3779296875 0.3203125 0.376953125 0.37890625 0.373046875 0.380859375 0.3486328125 0.380859375 0.3466796875 0.37890625 0.349609375 0.3212890625 0.3515625 0.3193359375 0.3603515625 0.3193359375
0 0.36328125 0.673828125 0.361328125 0.7236328125 0.3330078125 0.7265625 0.328125 0.724609375 0.328125 0.67578125 0.33203125 0.673828125 0.3623046875 0.673828125
0 0.4140625 0.318359375 0.416015625 0.3212890625 0.4150390625 0.3740234375 0.412109375 0.3798828125 0.3857421875 0.3798828125 0.384765625 0.3603515625 0.38671875 0.3203125 0.4130859375 0.318359375
0 0.5947265625 0.640625 0.625 0.640625 0.6279296875 0.708984375 0.626953125 0.712890625 0.6220703125 0.71484375 0.59765625 0.71484375 0.595703125 0.712890625 0.5947265625 0.6416015625
0 0.556640625 0.7177734375 0.5546875 0.7138671875 0.552734375 0.6875 0.552734375 0.669921875 0.5556640625 0.6611328125 0.5546875 0.64453125 0.556640625 0.642578125 0.580078125 0.640625 0.5849609375 0.642578125 0.5869140625 0.7138671875 0.5576171875 0.7177734375
0 0.4013671875 0.671875 0.404296875 0.673828125 0.404296875 0.6982421875 0.4033203125 0.71875 0.400390625 0.7236328125 0.37109375 0.7236328125 0.3701171875 0.720703125 0.3720703125 0.6748046875 0.375 0.6728515625 0.400390625 0.671875
0 0.9814453125 0.701171875 0.9736328125 0.6484375 0.97265625 0.6318359375 0.974609375 0.6279296875 0.9990234375 0.6279296875 0.9990234375 0.7021484375 0.9873046875 0.703125 0.982421875 0.701171875
0 0.3623046875 0.49609375 0.375 0.498046875 0.3720703125 0.54296875 0.3701171875 0.544921875 0.34765625 0.546875 0.33984375 0.546875 0.337890625 0.54296875 0.3408203125 0.498046875 0.361328125 0.49609375
0 0.396484375 0.5205078125 0.03515625 0.05078125
0 0.9873046875 0.4521484375 0.9990234375 0.453125 0.9990234375 0.5283203125 0.97265625 0.5302734375 0.9599609375 0.529296875 0.9580078125 0.5244140625 0.951171875 0.4560546875 0.9560546875 0.453125 0.986328125 0.4521484375
0 0.60693359375 0.50439453125 0.0341796875 0.0693359375
0 0.78515625 0.6337890625 0.7880859375 0.63671875 0.79296875 0.7060546875 0.7734375 0.708984375 0.7626953125 0.708984375 0.7607421875 0.70703125 0.755859375 0.63671875 0.7578125 0.6337890625 0.7841796875 0.6337890625
0 0.9345703125 0.306640625 0.958984375 0.3056640625 0.9609375 0.3076171875 0.9677734375 0.359375 0.9677734375 0.3642578125 0.9638671875 0.3662109375 0.9423828125 0.3671875 0.939453125 0.365234375 0.93359375 0.3134765625 0.9345703125 0.3076171875