0 0.669921875 0.314453125 0.6953125 0.3203125 0.7001953125 0.3603515625 0.6787109375 0.359375 0.66015625 0.35546875 0.65625 0.314453125 0.6689453125 0.314453125
0 0.55859375 0.1748046875 0.5654296875 0.1748046875 0.5859375 0.1806640625 0.591796875 0.212890625 0.58984375 0.21484375 0.578125 0.21484375 0.5478515625 0.2080078125 0.546875 0.17578125 0.5498046875 0.173828125 0.5576171875 0.1748046875
0 0.58203125 0.6376953125 0.5849609375 0.6396484375 0.587890625 0.6474609375 0.6005859375 0.6396484375 0.6259765625 0.6396484375 0.6298828125 0.642578125 0.630859375 0.65234375 0.62890625 0.662109375 0.630859375 0.6650390625 0.6357421875 0.7099609375 0.6357421875 0.7236328125 0.6318359375 0.7275390625 0.580078125 0.724609375 0.5771484375 0.72265625 0.578125 0.7158203125 0.5869140625 0.7119140625 0.611328125 0.693359375 0.623046875 0.6787109375 0.6201171875 0.6748046875 0.6064453125 0.671875 0.5771484375 0.6767578125 0.57421875 0.6708984375 0.5732421875 0.6396484375 0.5810546875 0.6376953125
0 0.5615234375 0.09521484375 0.0390625 0.0322265625
0 0.7314453125 0.640625 0.7490234375 0.642578125 0.7529296875 0.646484375 0.76171875 0.6806640625 0.7705078125 0.7275390625 0.76953125 0.7333984375 0.75 0.7333984375 0.7421875 0.7265625 0.734375 0.732421875 0.7158203125 0.7314453125 0.712890625 0.7275390625 0.7021484375 0.642578125 0.7041015625 0.638671875 0.73046875 0.640625
0 0.65234375 0.201171875 0.66796875 0.2021484375 0.6728515625 0.205078125 0.6787109375 0.2333984375 0.6552734375 0.2314453125 0.642578125 0.2275390625 0.6396484375 0.2021484375 0.6513671875 0.201171875
0 0.7900390625 0.8974609375 0.794921875 0.900390625 0.7958984375 0.9052734375 0.7958984375 0.9267578125 0.8017578125 0.9560546875 0.80078125 0.9658203125 0.7919921875 0.9638671875 0.7529296875 0.96484375 0.748046875 0.9638671875 0.74609375 0.958984375 0.7431640625 0.9365234375 0.744140625 0.9267578125 0.7548828125 0.9248046875 0.751953125 0.9169921875 0.744140625 0.9072265625 0.76171875 0.8984375 0.7890625 0.8984375
0 0.556640625 0.294921875 0.564453125 0.2978515625 0.595703125 0.3017578125 0.59765625 0.3037109375 0.599609375 0.34375 0.5791015625 0.3427734375 0.556640625 0.337890625 0.5537109375 0.30078125 0.5556640625 0.2958984375
0 0.6767578125 0.4541015625 0.7197265625 0.458984375 0.7314453125 0.5146484375 0.73046875 0.5224609375 0.720703125 0.5224609375 0.6826171875 0.5146484375 0.67578125 0.4677734375 0.6767578125 0.455078125
0 0.626953125 0.1005859375 0.64453125 0.103515625 0.654296875 0.107421875 0.658203125 0.1142578125 0.6611328125 0.1259765625 0.66015625 0.1298828125 0.62890625 0.1240234375 0.626953125 0.1201171875 0.6259765625 0.1015625
0 0.5703125 0.4375 0.5810546875 0.4404296875 0.6083984375 0.44140625 0.6123046875 0.4443359375 0.62109375 0.498046875 0.6201171875 0.5078125 0.6171875 0.509765625 0.5986328125 0.5087890625 0.5703125 0.50390625 0.564453125 0.5009765625 0.5625 0.439453125 0.5693359375 0.4375