0 0.7782118055555556 0.594970703125 0.17447916666666666 0.09814453125
0 0.7786458333333334 0.3857421875 0.1753472222222222 0.0966796875
0 0.21484375 0.384765625 0.1762152777777778 0.0986328125
0 0.5911458333333334 0.38623046875 0.1736111111111111 0.0947265625
0 0.4036458333333333 0.385986328125 0.1736111111111111 0.09423828125
0 0.2183159722222222 0.595458984375 0.17100694444444445 0.10009765625
0 0.2170138888888889 0.49169921875 0.171875 0.0947265625
0 0.7777777777777778 0.4912109375 0.1736111111111111 0.0947265625
0 0.58984375 0.49169921875 0.16927083333333334 0.0947265625
0 0.4053819444444444 0.59521484375 0.1701388888888889 0.099609375
0 0.5907118055555556 0.2783203125 0.1762152777777778 0.095703125
0 0.2126736111111111 0.276611328125 0.17881944444444445 0.09716796875
0 0.5907118055555556 0.5947265625 0.16927083333333334 0.099609375
0 0.4032118055555556 0.277587890625 0.1762152777777778 0.09619140625
0 0.4045138888888889 0.491455078125 0.1701388888888889 0.09521484375
0 0.7825520833333334 0.277587890625 0.1796875 0.09814453125