0 0.89765625 0.1416015625 0.1921875 0.24609375
0 0.04609375 0.17578125 0.0765625 0.177734375
0 0.93125 0.041015625 0.128125 0.08203125
0 0.5328125 0.35888671875 0.125 0.1767578125
0 0.93203125 0.9072265625 0.1265625 0.1796875
0 0.8890625 0.54052734375 0.209375 0.1767578125
0 0.66484375 0.3583984375 0.1265625 0.177734375
0 0.0453125 0.3583984375 0.078125 0.177734375
0 0.26875 0.35791015625 0.125 0.1787109375
0 0.23359375 0.0400390625 0.2546875 0.080078125
0 0.4 0.8134765625 0.125 0.357421875
0 0.41484375 0.041015625 0.0984375 0.08203125
0 0.1453125 0.17578125 0.10625 0.177734375
0 0.0453125 0.7236328125 0.078125 0.177734375
0 0.7984375 0.908203125 0.125 0.1796875
0 0.8375 0.041015625 0.20625 0.08203125
0 0.5328125 0.72412109375 0.125 0.1767578125
0 0.5328125 0.9072265625 0.125 0.1796875
0 0.665625 0.814453125 0.125 0.357421875
0 0.04453125 0.9072265625 0.0796875 0.1796875
0 0.4 0.54150390625 0.125 0.1787109375
0 0.26875 0.7236328125 0.125 0.177734375
0 0.26796875 0.54150390625 0.1265625 0.1787109375
0 0.4 0.35791015625 0.125 0.1787109375
0 0.79765625 0.541015625 0.1265625 0.177734375
0 0.14453125 0.35791015625 0.1078125 0.1787109375
0 0.665625 0.54052734375 0.125 0.1767578125
0 0.93046875 0.72412109375 0.1265625 0.1767578125
0 0.67578125 0.04150390625 0.1078125 0.0830078125
0 0.2640625 0.13232421875 0.134375 0.2646484375
0 0.14453125 0.54052734375 0.1078125 0.1787109375
0 0.0453125 0.54052734375 0.078125 0.1787109375
0 0.79765625 0.17578125 0.1546875 0.177734375
0 0.0453125 0.041015625 0.078125 0.08203125
0 0.93046875 0.3583984375 0.1265625 0.1796875
0 0.40078125 0.17626953125 0.1265625 0.1787109375
0 0.7984375 0.7236328125 0.125 0.177734375
0 0.665625 0.90771484375 0.125 0.1787109375
0 0.14453125 0.81396484375 0.1078125 0.3583984375
0 0.40078125 0.9072265625 0.1234375 0.1796875
0 0.5328125 0.54052734375 0.125 0.1767578125
0 0.665625 0.1767578125 0.125 0.177734375
0 0.5328125 0.13330078125 0.125 0.2666015625
0 0.53359375 0.04150390625 0.1265625 0.0830078125
0 0.14453125 0.9072265625 0.1078125 0.1796875
0 0.79765625 0.35888671875 0.1265625 0.1787109375
0 0.26796875 0.90673828125 0.1265625 0.1806640625