0 0.2059483726150393 0.8717672413793104 0.28619528619528617 0.21767241379310345
0 0.4943883277216611 0.6745689655172413 0.2255892255892256 0.15517241379310345
0 0.48035914702581367 0.8721264367816092 0.26936026936026936 0.21695402298850575
0 0.7210998877665544 0.5262212643678161 0.2053872053872054 0.11997126436781609
0 0.7418630751964085 0.6760057471264368 0.24242424242424243 0.16091954022988506
0 0.7025813692480359 0.40912356321839083 0.17957351290684623 0.09410919540229885
0 0.7648709315375982 0.8760775862068966 0.26823793490460157 0.21910919540229884
0 0.26374859708193044 0.6702586206896551 0.25140291806958476 0.15948275862068967
0 0.6829405162738497 0.23886494252873564 0.15151515151515152 0.06824712643678162
0 0.6919191919191919 0.3168103448275862 0.16049382716049382 0.07614942528735633
0 0.5252525252525253 0.3139367816091954 0.16161616161616163 0.08477011494252873
0 0.6672278338945006 0.10129310344827586 0.12682379349046016 0.08189655172413793
0 0.5353535353535354 0.11709770114942529 0.12345679012345678 0.05172413793103448
0 0.5286195286195287 0.23814655172413793 0.143658810325477 0.05962643678160919
0 0.3978675645342312 0.17205459770114942 0.13804713804713806 0.05531609195402299
0 0.5331088664421998 0.14655172413793102 0.13019079685746351 0.09913793103448276
0 0.3793490460157127 0.27801724137931033 0.15712682379349047 0.14655172413793102
0 0.41414141414141414 0.12033045977011494 0.12794612794612795 0.04956896551724138
0 0.42424242424242425 0.06824712643678162 0.11672278338945005 0.04597701149425287
0 0.31257014590347926 0.4317528735632184 0.23681257014590348 0.2988505747126437
0 0.6722783389450057 0.17277298850574713 0.1324354657687991 0.05531609195402299
0 0.38215488215488214 0.24030172413793102 0.1537598204264871 0.07255747126436782
0 0.522087542087542 0.4090086206896552 0.17516273849607183 0.10414511494252873
0 0.5192817059483726 0.5238218390804598 0.1887878787878788 0.1182471264367816