0 0.2578125 0.7328125 0.259375 0.734375 0.28125 0.734375 0.284375 0.7375 0.2828125 0.8 0.28125 0.8015625 0.2359375 0.8015625 0.234375 0.803125 0.209375 0.803125 0.2078125 0.8 0.2078125 0.775 0.209375 0.7734375 0.2078125 0.7359375 0.2328125 0.7328125 0.25625 0.7328125
0 0.5546875 0.28125 0.5578125 0.2796875 0.6171875 0.28125 0.6203125 0.2953125 0.6203125 0.340625 0.6140625 0.3421875 0.55625 0.340625 0.5546875 0.2828125
0 0.5875 0.4265625 0.5890625 0.428125 0.59375 0.4265625 0.6171875 0.428125 0.61875 0.4265625 0.6234375 0.4296875 0.625 0.4328125 0.6234375 0.484375 0.615625 0.490625 0.5734375 0.4921875 0.559375 0.4890625 0.559375 0.4296875 0.56875 0.4265625 0.5859375 0.428125
0 0.6171875 0.734375 0.6265625 0.740625 0.6328125 0.7578125 0.6328125 0.8 0.5984375 0.8 0.596875 0.8015625 0.59375 0.8 0.58125 0.8015625 0.56875 0.7984375 0.565625 0.7359375 0.5671875 0.734375 0.615625 0.734375
0 0.0953125 0.1328125 0.096875 0.134375 0.0953125 0.15 0.096875 0.18125 0.0953125 0.184375 0.090625 0.1859375 0.0890625 0.184375 0.053125 0.184375 0.0421875 0.18125 0.040625 0.13125 0.05625 0.1296875 0.0578125 0.13125 0.09375 0.1328125
0 0.39375 0.346875 0.3953125 0.3484375 0.4578125 0.35 0.459375 0.3515625 0.459375 0.3671875 0.4578125 0.36875 0.459375 0.371875 0.459375 0.4140625 0.45625 0.415625 0.3953125 0.415625 0.3859375 0.4125 0.384375 0.3625 0.3859375 0.3484375 0.3921875 0.346875
0 0.5796875 0.578125 0.6125 0.578125 0.6140625 0.5765625 0.6234375 0.578125 0.6296875 0.5890625 0.6296875 0.6125 0.63125 0.6140625 0.63125 0.640625 0.625 0.646875 0.60625 0.646875 0.5984375 0.640625 0.59375 0.6453125 0.5875 0.646875 0.5859375 0.6453125 0.565625 0.6453125 0.5625 0.6296875 0.5625 0.6046875 0.5671875 0.596875 0.575 0.5984375 0.5796875 0.59375 0.5796875 0.5796875
0 0.4609375 0.85625 0.4625 0.878125 0.459375 0.884375 0.40625 0.884375 0.3953125 0.875 0.3953125 0.859375 0.396875 0.8578125 0.459375 0.85625
0 0.096875 0.734375 0.1 0.7375 0.0984375 0.8015625 0.0828125 0.8046875 0.065625 0.8046875 0.0640625 0.803125 0.021875 0.8046875 0.0203125 0.803125 0.021875 0.7359375 0.025 0.734375 0.0953125 0.734375
0 0.253125 0.1390625 0.2625 0.140625 0.265625 0.14375 0.265625 0.1625 0.2671875 0.1640625 0.2640625 0.1765625 0.265625 0.18125 0.2640625 0.1921875 0.2203125 0.190625 0.2125 0.1875 0.2109375 0.175 0.2125 0.1578125 0.209375 0.14375 0.2109375 0.140625 0.2171875 0.1375 0.2515625 0.1390625
0 0.7625 0.4296875 0.7640625 0.43125 0.7765625 0.4296875 0.7921875 0.43125 0.7953125 0.484375 0.7921875 0.4921875 0.784375 0.49375 0.7421875 0.4921875 0.7328125 0.4875 0.7296875 0.459375 0.7296875 0.43125 0.73125 0.4296875 0.7609375 0.4296875
0 0.209375 0.6421875 0.2078125 0.6390625 0.2078125 0.5890625 0.20625 0.5875 0.209375 0.575 0.2671875 0.575 0.26875 0.5765625 0.28125 0.575 0.2828125 0.5765625 0.2828125 0.6421875 0.2796875 0.64375 0.2109375 0.6421875
0 0.1015625 0.571875 0.103125 0.575 0.103125 0.615625 0.1 0.6203125 0.1 0.6390625 0.0703125 0.6421875 0.0546875 0.6390625 0.034375 0.6421875 0.0265625 0.640625 0.0234375 0.6328125 0.0296875 0.603125 0.0390625 0.5828125 0.0546875 0.571875 0.0625 0.5703125 0.0984375 0.5703125 0.1 0.571875
0 0.4578125 0.79375 0.4609375 0.8 0.459375 0.8015625 0.459375 0.821875 0.4609375 0.8234375 0.4609375 0.8453125 0.459375 0.846875 0.396875 0.846875 0.39375 0.84375 0.39375 0.7953125 0.3953125 0.79375 0.4265625 0.79375 0.428125 0.7921875 0.4546875 0.7921875 0.45625 0.79375
0 0.415625 0.653125 0.4171875 0.6546875 0.4234375 0.653125 0.459375 0.6546875 0.4625 0.6578125 0.4625 0.6734375 0.4609375 0.675 0.4625 0.7203125 0.459375 0.7234375 0.390625 0.7234375 0.3890625 0.7203125 0.3890625 0.6546875 0.4140625 0.653125
0 0.20625 0.2671875 0.2109375 0.265625 0.234375 0.26875 0.278125 0.26875 0.2796875 0.271875 0.2796875 0.33125 0.23125 0.33125 0.2296875 0.3296875 0.209375 0.3296875 0.2046875 0.325 0.20625 0.3109375 0.2046875 0.309375 0.20625 0.303125 0.2046875 0.2734375 0.20625 0.26875
0 0.41796875 0.1859375 0.0453125 0.025
0 0.7359375 0.58125 0.7953125 0.5796875 0.7984375 0.5828125 0.7984375 0.6125 0.8 0.6140625 0.8 0.6453125 0.796875 0.646875 0.7734375 0.646875 0.771875 0.6453125 0.74375 0.646875 0.7390625 0.6453125 0.7359375 0.615625 0.7359375 0.5828125
0 0.2125 0.41875 0.2140625 0.4203125 0.278125 0.4203125 0.28125 0.425 0.28125 0.484375 0.2765625 0.4875 0.2078125 0.484375 0.2078125 0.4515625 0.20625 0.4484375 0.2078125 0.446875 0.2078125 0.421875 0.2109375 0.4203125
0 0.0609375 0.4140625 0.103125 0.41875 0.103125 0.4796875 0.0984375 0.4828125 0.0640625 0.4828125 0.0625 0.48125 0.0296875 0.48125 0.0265625 0.4796875 0.0265625 0.4234375 0.028125 0.421875 0.0265625 0.41875 0.0296875 0.4140625 0.059375 0.4140625
0 0.7421875 0.734375 0.8046875 0.734375 0.8078125 0.7359375 0.8078125 0.7578125 0.8109375 0.7796875 0.8109375 0.7984375 0.809375 0.8 0.746875 0.8 0.74375 0.7984375 0.7421875 0.753125 0.740625 0.7515625 0.7421875 0.7359375
0 0.4078125 0.4984375 0.409375 0.5 0.4296875 0.4984375 0.434375 0.5015625 0.440625 0.5 0.4609375 0.5 0.4625 0.5015625 0.4625 0.5203125 0.4546875 0.521875 0.4609375 0.5375 0.459375 0.5671875 0.4265625 0.56875 0.425 0.5671875 0.3890625 0.5671875 0.3875 0.565625 0.3859375 0.503125 0.3875 0.5 0.40625 0.5
0 0.046875 0.259375 0.0484375 0.2609375 0.065625 0.2609375 0.0671875 0.259375 0.06875 0.2609375 0.103125 0.2609375 0.1046875 0.2625 0.1046875 0.3078125 0.10625 0.309375 0.1046875 0.325 0.05 0.325 0.0265625 0.321875 0.0265625 0.2609375 0.028125 0.259375 0.0453125 0.259375
0 0.7625 0.284375 0.7640625 0.2859375 0.7828125 0.2859375 0.784375 0.2890625 0.784375 0.3234375 0.7859375 0.325 0.7859375 0.34375 0.784375 0.3453125 0.7421875 0.3453125 0.725 0.3421875 0.7234375 0.2859375 0.7609375 0.284375