0 0.7421875 0.8389261744966443 0.159375 0.3087248322147651
0 0.24375 0.839765100671141 0.15625 0.3070469798657718
0 0.078125 0.8406040268456376 0.15625 0.3087248322147651
0 0.4109375 0.8389261744966443 0.15625 0.3087248322147651
0 0.9125 0.839765100671141 0.159375 0.3104026845637584
0 0.5765625 0.8389261744966443 0.15625 0.3087248322147651
0 0.41015625 0.5083892617449665 0.1578125 0.31208053691275167
0 0.57578125 0.5083892617449665 0.1578125 0.31543624161073824
0 0.24375 0.5067114093959731 0.159375 0.31543624161073824
0 0.24375 0.17365771812080538 0.159375 0.31711409395973156
0 0.74375 0.17281879194630873 0.159375 0.3187919463087248
0 0.41171875 0.17365771812080538 0.1578125 0.32046979865771813
0 0.5765625 0.17365771812080538 0.159375 0.31711409395973156
0 0.0796875 0.17281879194630873 0.15625 0.3187919463087248
0 0.91328125 0.5109060402684564 0.1609375 0.3104026845637584
0 0.07890625 0.5100671140939598 0.1578125 0.31543624161073824
0 0.74296875 0.5092281879194631 0.1578125 0.313758389261745
0 0.9125 0.17533557046979867 0.159375 0.3238255033557047
0 0.7421875 0.6006711409395973 0.159375 0.13087248322147652