0 0.6079323797139142 0.3255 0.2093628088426528 0.225
0 0.6072821846553966 0.5595 0.20806241872561768 0.231
0 0.39076723016905074 0.325 0.2093628088426528 0.224
0 0.39011703511053314 0.5575 0.2106631989596879 0.229
0 0.776332899869961 0.3255 0.11183355006501951 0.225
0 0.22171651495448635 0.559 0.11313394018205461 0.23
0 0.2223667100130039 0.3255 0.11443433029908973 0.225
0 0.776332899869961 0.5595 0.11183355006501951 0.231
0 0.7756827048114434 0.795 0.11313394018205461 0.23
0 0.6072821846553966 0.7955 0.20806241872561768 0.231
0 0.22041612483745124 0.7955 0.11313394018205461 0.231