0 0.5958132045088567 0.25555555555555554 0.0998389694041868 0.25679012345679014
0 0.5410628019323671 0.16790123456790124 0.5418679549114331 0.2617283950617284 0.5402576489533011 0.2814814814814815 0.5394524959742351 0.3851851851851852 0.533011272141707 0.391358024691358 0.5193236714975845 0.39753086419753086 0.49838969404186795 0.4012345679012346 0.4863123993558776 0.4074074074074074 0.4500805152979066 0.41728395061728396 0.4468599033816425 0.4123456790123457 0.4476650563607085 0.38641975308641974 0.4500805152979066 0.3802469135802469 0.4476650563607085 0.3691358024691358 0.4476650563607085 0.33827160493827163 0.4492753623188406 0.3345679012345679 0.4476650563607085 0.32098765432098764 0.4492753623188406 0.30617283950617286 0.4476650563607085 0.2814814814814815 0.4492753623188406 0.2037037037037037 0.47987117552334946 0.18765432098765433 0.5056360708534622 0.18024691358024691 0.5322061191626409 0.16790123456790124 0.5402576489533011 0.16790123456790124
0 0.3446054750402576 0.6777777777777778 0.394524959742351 0.6604938271604939 0.40982286634460546 0.6580246913580247 0.428341384863124 0.6493827160493827 0.4355877616747182 0.6493827160493827 0.43719806763285024 0.662962962962963 0.4355877616747182 0.7703703703703704 0.40096618357487923 0.7839506172839507 0.35507246376811596 0.7975308641975308 0.34541062801932365 0.7962962962962963 0.3446054750402576 0.6790123456790124
0 0.2938808373590982 0.754320987654321 0.09339774557165861 0.1506172839506173
0 0.4388083735909823 0.4308641975308642 0.4396135265700483 0.4679012345679012 0.43800322061191627 0.4839506172839506 0.4388083735909823 0.528395061728395 0.4363929146537842 0.6358024691358025 0.41304347826086957 0.6469135802469136 0.3824476650563607 0.6530864197530865 0.3526570048309179 0.6641975308641975 0.34782608695652173 0.6641975308641975 0.3462157809983897 0.6567901234567901 0.3462157809983897 0.5987654320987654 0.34782608695652173 0.5876543209876544 0.3462157809983897 0.5641975308641975 0.34782608695652173 0.5333333333333333 0.3470209339774557 0.4962962962962963 0.3494363929146538 0.4876543209876543 0.3494363929146538 0.46296296296296297 0.3526570048309179 0.45925925925925926 0.35829307568438 0.45925925925925926 0.43800322061191627 0.4308641975308642
0 0.6392914653784219 0.5839506172839506 0.6417069243156199 0.5876543209876544 0.6409017713365539 0.7074074074074074 0.6256038647342995 0.7160493827160493 0.5917874396135265 0.7234567901234568 0.5499194847020934 0.737037037037037 0.5426731078904992 0.737037037037037 0.5418679549114331 0.6851851851851852 0.5442834138486312 0.6135802469135803 0.5628019323671497 0.6049382716049383 0.6384863123993558 0.5839506172839506
0 0.6682769726247987 0.8345679012345679 0.6658615136876006 0.6876543209876543 0.6690821256038647 0.645679012345679 0.6674718196457327 0.6296296296296297 0.6690821256038647 0.6172839506172839 0.6739130434782609 0.6123456790123457 0.6851851851851852 0.6111111111111112 0.6988727858293076 0.6049382716049383 0.7745571658615137 0.5876543209876544 0.7769726247987118 0.5938271604938271 0.7769726247987118 0.682716049382716 0.7785829307568438 0.7061728395061728 0.7761674718196457 0.7679012345679013 0.7777777777777778 0.7753086419753087 0.7777777777777778 0.8074074074074075 0.7697262479871175 0.8123456790123457 0.7616747181964574 0.8123456790123457 0.7286634460547504 0.8222222222222222 0.7045088566827697 0.8246913580246914 0.6876006441223832 0.8320987654320988 0.6690821256038647 0.8345679012345679
0 0.44041867954911434 0.20617283950617285 0.4420289855072464 0.20987654320987653 0.4428341384863124 0.25308641975308643 0.44041867954911434 0.32098765432098764 0.43800322061191627 0.33209876543209876 0.44041867954911434 0.3765432098765432 0.4388083735909823 0.4222222222222222 0.3534621578099839 0.45308641975308644 0.3502415458937198 0.4506172839506173 0.34863123993558776 0.43209876543209874 0.3502415458937198 0.4123456790123457 0.34863123993558776 0.35802469135802467 0.3502415458937198 0.3530864197530864 0.3494363929146538 0.33209876543209876 0.35185185185185186 0.3 0.35185185185185186 0.2382716049382716 0.41867954911433175 0.2111111111111111 0.4396135265700483 0.20617283950617285
0 0.2616747181964573 0.2802469135802469 0.26247987117552335 0.30493827160493825 0.2608695652173913 0.3234567901234568 0.2584541062801932 0.3358024691358025 0.25201288244766507 0.34444444444444444 0.250402576489533 0.3530864197530864 0.24798711755233493 0.4148148148148148 0.249597423510467 0.44938271604938274 0.24476650563607086 0.49135802469135803 0.2318840579710145 0.49876543209876545 0.20853462157809985 0.5037037037037037 0.16505636070853463 0.5185185185185185 0.1610305958132045 0.5172839506172839 0.1610305958132045 0.4901234567901235 0.16344605475040258 0.49135802469135803 0.1642512077294686 0.4962962962962963 0.1706924315619968 0.4962962962962963 0.17310789049919484 0.48148148148148145 0.16908212560386474 0.4691358024691358 0.16586151368760063 0.4691358024691358 0.1610305958132045 0.4740740740740741 0.1610305958132045 0.4185185185185185 0.16344605475040258 0.4111111111111111 0.16344605475040258 0.3111111111111111 0.1682769726247987 0.30617283950617286 0.18357487922705315 0.30246913580246915 0.24798711755233493 0.27530864197530863 0.2584541062801932 0.27530864197530863 0.2608695652173913 0.2802469135802469
0 0.6400966183574879 0.36049382716049383 0.642512077294686 0.3654320987654321 0.6417069243156199 0.5666666666666667 0.6376811594202898 0.571604938271605 0.6264090177133655 0.5765432098765432 0.5909822866344605 0.5876543209876544 0.5780998389694042 0.5888888888888889 0.5547504025764896 0.5987654320987654 0.5458937198067633 0.5987654320987654 0.5442834138486312 0.582716049382716 0.5466988727858293 0.39382716049382716 0.5491143317230274 0.39012345679012345 0.5579710144927537 0.3888888888888889 0.5877616747181964 0.37530864197530867 0.6022544283413849 0.37407407407407406 0.6256038647342995 0.36419753086419754 0.6392914653784219 0.3617283950617284
0 0.20048309178743962 0.6141975308641975 0.09339774557165861 0.22592592592592592
0 0.24235104669887278 0.7123456790123457 0.24235104669887278 0.8012345679012346 0.23993558776167473 0.8296296296296296 0.23349436392914655 0.8345679012345679 0.21336553945249598 0.8419753086419753 0.15942028985507245 0.8580246913580247 0.1529790660225443 0.8567901234567902 0.15217391304347827 0.845679012345679 0.15539452495974235 0.7407407407407407 0.1723027375201288 0.7320987654320987 0.19243156199677938 0.7283950617283951 0.2028985507246377 0.7222222222222222 0.24154589371980675 0.7123456790123457
0 0.34541062801932365 0.24444444444444444 0.34541062801932365 0.2876543209876543 0.34299516908212563 0.30617283950617286 0.3446054750402576 0.3234567901234568 0.3421900161030596 0.3469135802469136 0.34299516908212563 0.44814814814814813 0.3413848631239936 0.45555555555555555 0.3276972624798712 0.46296296296296297 0.2938808373590982 0.4740740740740741 0.2777777777777778 0.4740740740740741 0.2745571658615137 0.4765432098765432 0.27616747181964574 0.4802469135802469 0.27053140096618356 0.4839506172839506 0.2608695652173913 0.48518518518518516 0.25442834138486314 0.4839506172839506 0.2560386473429952 0.4506172839506173 0.2560386473429952 0.4271604938271605 0.25442834138486314 0.4222222222222222 0.2560386473429952 0.3802469135802469 0.25442834138486314 0.36666666666666664 0.2560386473429952 0.3493827160493827 0.26247987117552335 0.3271604938271605 0.2640901771336554 0.30246913580246915 0.2616747181964573 0.27530864197530863 0.27616747181964574 0.2641975308641975 0.3027375201288245 0.25679012345679014 0.33494363929146537 0.24320987654320989 0.3446054750402576 0.24444444444444444
0 0.09500805152979067 0.8185185185185185 0.10950080515297907 0.1506172839506173
0 0.33816425120772947 0.4679012345679012 0.3413848631239936 0.49382716049382713 0.3389694041867955 0.5172839506172839 0.3397745571658615 0.5469135802469136 0.33816425120772947 0.571604938271605 0.3365539452495974 0.5703703703703704 0.3365539452495974 0.562962962962963 0.3309178743961353 0.5592592592592592 0.3285024154589372 0.5666666666666667 0.32930756843800324 0.5790123456790124 0.3276972624798712 0.5839506172839506 0.3309178743961353 0.5950617283950618 0.33816425120772947 0.5938271604938271 0.33816425120772947 0.6 0.3309178743961353 0.6024691358024692 0.33011272141706927 0.6061728395061728 0.3365539452495974 0.6135802469135803 0.33494363929146537 0.6259259259259259 0.3389694041867955 0.6333333333333333 0.3389694041867955 0.6666666666666666 0.322061191626409 0.6753086419753086 0.2536231884057971 0.6950617283950618 0.25120772946859904 0.6938271604938272 0.249597423510467 0.6851851851851852 0.25201288244766507 0.5308641975308642 0.25442834138486314 0.49506172839506174 0.2713365539452496 0.48641975308641977 0.32689210950080516 0.4691358024691358 0.3333333333333333 0.4703703703703704 0.33494363929146537 0.4765432098765432 0.33735909822866345 0.4691358024691358
0 0.4420289855072464 0.6888888888888889 0.44363929146537845 0.6728395061728395 0.4420289855072464 0.6530864197530865 0.4444444444444444 0.6444444444444445 0.5362318840579711 0.6160493827160494 0.538647342995169 0.6209876543209877 0.537842190016103 0.7135802469135802 0.5370370370370371 0.7358024691358025 0.534621578099839 0.7419753086419754 0.4822866344605475 0.7592592592592593 0.4533011272141707 0.7666666666666667 0.44363929146537845 0.7666666666666667 0.4420289855072464 0.7641975308641975 0.44122383252818037 0.737037037037037 0.4428341384863124 0.6901234567901234
0 0 0.36790123456790125 0.04186795491143317 0.35432098765432096 0.04750402576489533 0.35432098765432096 0.04830917874396135 0.35802469135802467 0.04589371980676329 0.4271604938271605 0.04750402576489533 0.4506172839506173 0.0426731078904992 0.508641975308642 0.04428341384863124 0.5259259259259259 0.043478260869565216 0.5555555555555556 0.039452495974235106 0.5641975308641975 0.001610305958132045 0.5777777777777777 0 0.5777777777777777 0 0.3691358024691358
0 0 0.7888888888888889 0.030595813204508857 0.7790123456790123 0.03462157809983897 0.7790123456790123 0.037037037037037035 0.7851851851851852 0.033816425120772944 0.8950617283950617 0.027375201288244767 0.9 0.001610305958132045 0.908641975308642 0 0.908641975308642 0 0.7901234567901234
0 0.7230273752012882 0.9012345679012346 0.1143317230273752 0.1580246913580247
0 0.5370370370370371 0.3962962962962963 0.5394524959742351 0.3987654320987654 0.537842190016103 0.4679012345679012 0.5394524959742351 0.48518518518518516 0.5362318840579711 0.6024691358024692 0.5249597423510467 0.6098765432098765 0.5 0.6160493827160494 0.48389694041867953 0.6246913580246913 0.4742351046698873 0.6246913580246913 0.4492753623188406 0.6333333333333333 0.4444444444444444 0.6333333333333333 0.44363929146537845 0.6308641975308642 0.4444444444444444 0.6024691358024692 0.4428341384863124 0.5975308641975309 0.4428341384863124 0.5530864197530864 0.44524959742351045 0.5222222222222223 0.44524959742351045 0.445679012345679 0.4468599033816425 0.42962962962962964 0.4492753623188406 0.42592592592592593 0.4605475040257649 0.42345679012345677 0.4758454106280193 0.4148148148148148 0.49838969404186795 0.40987654320987654 0.5225442834138486 0.3987654320987654 0.5362318840579711 0.3962962962962963
0 0.1570048309178744 0.3148148148148148 0.15861513687600645 0.34814814814814815 0.15619967793880837 0.40617283950617283 0.1570048309178744 0.4345679012345679 0.15458937198067632 0.45555555555555555 0.15458937198067632 0.5185185185185185 0.15217391304347827 0.5234567901234568 0.14653784219001612 0.5271604938271605 0.05394524959742351 0.5580246913580247 0.04911433172302738 0.554320987654321 0.050724637681159424 0.528395061728395 0.04911433172302738 0.5098765432098765 0.050724637681159424 0.40617283950617283 0.05233494363929147 0.39753086419753086 0.05314009661835749 0.35185185185185186 0.0966183574879227 0.3333333333333333 0.15619967793880837 0.3148148148148148
0 0.7769726247987118 0.34444444444444444 0.7777777777777778 0.35802469135802467 0.7761674718196457 0.3691358024691358 0.7689210950080515 0.3728395061728395 0.7705314009661836 0.37777777777777777 0.7769726247987118 0.3802469135802469 0.7761674718196457 0.39012345679012345 0.7713365539452496 0.3962962962962963 0.7769726247987118 0.4 0.7769726247987118 0.5024691358024691 0.7753623188405797 0.5074074074074074 0.7769726247987118 0.5209876543209877 0.7745571658615137 0.5259259259259259 0.7761674718196457 0.5308641975308642 0.7761674718196457 0.5777777777777777 0.7697262479871175 0.5814814814814815 0.751207729468599 0.5839506172839506 0.7198067632850241 0.5950617283950618 0.6747181964573269 0.6061728395061728 0.6698872785829307 0.6049382716049383 0.6682769726247987 0.5987654320987654 0.6682769726247987 0.3765432098765432 0.6723027375201288 0.3728395061728395 0.7004830917874396 0.3654320987654321 0.7085346215780999 0.36049382716049383 0.7761674718196457 0.34444444444444444