0 0.3111111111111111 0.1288888888888889 0.32 0.1288888888888889 0.3244444444444444 0.12444444444444444 0.38222222222222224 0.12444444444444444 0.38666666666666666 0.1288888888888889 0.38666666666666666 0.14666666666666667 0.39111111111111113 0.1511111111111111 0.39111111111111113 0.22666666666666666 0.31555555555555553 0.22666666666666666 0.3111111111111111 0.2222222222222222 0.3111111111111111 0.21777777777777776 0.31555555555555553 0.21333333333333335 0.31555555555555553 0.19111111111111112 0.3111111111111111 0.18666666666666668 0.3111111111111111 0.13333333333333333
0 0.29777777777777775 0.4088888888888889 0.29777777777777775 0.41333333333333333 0.3022222222222222 0.4177777777777778 0.3022222222222222 0.5555555555555556 0.29777777777777775 0.56 0.22666666666666666 0.56 0.2222222222222222 0.5555555555555556 0.2222222222222222 0.41333333333333333 0.22666666666666666 0.4088888888888889 0.29333333333333333 0.4088888888888889
0 0.7288888888888889 0.12444444444444444 0.7333333333333333 0.1288888888888889 0.7377777777777778 0.1288888888888889 0.7422222222222222 0.12444444444444444 0.7555555555555555 0.12444444444444444 0.76 0.1288888888888889 0.7777777777777778 0.1288888888888889 0.7777777777777778 0.20444444444444446 0.7822222222222223 0.2088888888888889 0.7822222222222223 0.2311111111111111 0.7777777777777778 0.23555555555555555 0.7111111111111111 0.23555555555555555 0.7066666666666667 0.2311111111111111 0.6977777777777778 0.2311111111111111 0.6977777777777778 0.1288888888888889 0.7155555555555555 0.1288888888888889 0.72 0.12444444444444444 0.7244444444444444 0.12444444444444444
0 0.6088888888888889 0.4088888888888889 0.6666666666666666 0.4088888888888889 0.6711111111111111 0.41333333333333333 0.6844444444444444 0.4088888888888889 0.6888888888888889 0.41333333333333333 0.6888888888888889 0.4311111111111111 0.6933333333333334 0.43555555555555553 0.6933333333333334 0.5333333333333333 0.6977777777777778 0.5377777777777778 0.6977777777777778 0.5555555555555556 0.6933333333333334 0.56 0.6177777777777778 0.56 0.6133333333333333 0.5555555555555556 0.6133333333333333 0.4711111111111111 0.6088888888888889 0.4666666666666667 0.6088888888888889 0.41333333333333333
0 0.7955555555555556 0.3022222222222222 0.8755555555555555 0.3022222222222222 0.8755555555555555 0.3111111111111111 0.88 0.31555555555555553 0.88 0.36 0.8844444444444445 0.36444444444444446 0.8844444444444445 0.39111111111111113 0.88 0.39555555555555555 0.8222222222222222 0.39555555555555555 0.8177777777777778 0.39111111111111113 0.8044444444444444 0.39555555555555555 0.8 0.39111111111111113 0.8 0.3511111111111111 0.7955555555555556 0.3466666666666667 0.7955555555555556 0.30666666666666664
0 0.12444444444444444 0.7111111111111111 0.20444444444444446 0.7111111111111111 0.20444444444444446 0.7511111111111111 0.2088888888888889 0.7555555555555555 0.20444444444444446 0.76 0.20444444444444446 0.8666666666666667 0.2 0.8711111111111111 0.1288888888888889 0.8711111111111111 0.12444444444444444 0.8666666666666667 0.12 0.8666666666666667 0.12 0.7866666666666666 0.12444444444444444 0.7822222222222223 0.12 0.7777777777777778 0.12444444444444444 0.7733333333333333 0.12444444444444444 0.7155555555555555
0 0.6488888888888888 0.12444444444444444 0.6533333333333333 0.1288888888888889 0.6844444444444444 0.1288888888888889 0.6844444444444444 0.2311111111111111 0.6044444444444445 0.2311111111111111 0.6044444444444445 0.1288888888888889 0.6088888888888889 0.1288888888888889 0.6133333333333333 0.12444444444444444 0.6444444444444445 0.12444444444444444
0 0.5155555555555555 0.12444444444444444 0.52 0.1288888888888889 0.5244444444444445 0.1288888888888889 0.5288888888888889 0.12444444444444444 0.5333333333333333 0.12444444444444444 0.5377777777777778 0.1288888888888889 0.5555555555555556 0.1288888888888889 0.56 0.12444444444444444 0.5644444444444444 0.12444444444444444 0.5688888888888889 0.1288888888888889 0.5866666666666667 0.1288888888888889 0.5866666666666667 0.13777777777777778 0.5911111111111111 0.14222222222222222 0.5911111111111111 0.2311111111111111 0.49777777777777776 0.2311111111111111 0.49333333333333335 0.22666666666666666 0.49333333333333335 0.1288888888888889 0.5022222222222222 0.1288888888888889 0.5066666666666667 0.12444444444444444 0.5111111111111111 0.12444444444444444
0 0.10666666666666667 0.12444444444444444 0.1111111111111111 0.1288888888888889 0.1111111111111111 0.14666666666666667 0.11555555555555555 0.1511111111111111 0.11555555555555555 0.15555555555555556 0.1111111111111111 0.16 0.1111111111111111 0.1688888888888889 0.11555555555555555 0.17333333333333334 0.11555555555555555 0.17777777777777778 0.1111111111111111 0.18222222222222223 0.1111111111111111 0.18666666666666668 0.11555555555555555 0.19111111111111112 0.11555555555555555 0.19555555555555557 0.1111111111111111 0.2 0.1111111111111111 0.2088888888888889 0.11555555555555555 0.21333333333333335 0.11555555555555555 0.21777777777777776 0.1111111111111111 0.2222222222222222 0.035555555555555556 0.2222222222222222 0.03111111111111111 0.21777777777777776 0.03111111111111111 0.1288888888888889 0.035555555555555556 0.12444444444444444 0.10222222222222223 0.12444444444444444
0 0.41333333333333333 0.8666666666666667 0.41333333333333333 0.7111111111111111 0.4177777777777778 0.7066666666666667 0.48444444444444446 0.7066666666666667 0.49333333333333335 0.72 0.49333333333333335 0.7244444444444444 0.4888888888888889 0.7288888888888889 0.4888888888888889 0.7555555555555555 0.49333333333333335 0.76 0.49333333333333335 0.8666666666666667 0.48444444444444446 0.8666666666666667 0.48 0.8711111111111111 0.4266666666666667 0.8711111111111111 0.4222222222222222 0.8666666666666667 0.4177777777777778 0.8666666666666667
0 0.7111111111111111 0.5733333333333334 0.7911111111111111 0.5733333333333334 0.7955555555555556 0.5777777777777777 0.7955555555555556 0.64 0.8 0.6444444444444445 0.8 0.6977777777777778 0.72 0.6977777777777778 0.72 0.6933333333333334 0.7155555555555555 0.6888888888888889 0.7155555555555555 0.6311111111111111 0.7111111111111111 0.6266666666666667 0.7111111111111111 0.5777777777777777
0 0.20444444444444446 0.5688888888888889 0.2088888888888889 0.5733333333333334 0.2088888888888889 0.6933333333333334 0.20444444444444446 0.6977777777777778 0.16 0.6977777777777778 0.15555555555555556 0.7022222222222222 0.1288888888888889 0.7022222222222222 0.12444444444444444 0.6977777777777778 0.12444444444444444 0.5822222222222222 0.1288888888888889 0.5777777777777777 0.1288888888888889 0.5733333333333334 0.2 0.5733333333333334
0 0.6266666666666667 0.8666666666666667 0.6266666666666667 0.8266666666666667 0.6222222222222222 0.8222222222222222 0.6222222222222222 0.7111111111111111 0.6266666666666667 0.7066666666666667 0.7022222222222222 0.7066666666666667 0.7022222222222222 0.7111111111111111 0.7066666666666667 0.7155555555555555 0.7066666666666667 0.7911111111111111 0.7111111111111111 0.7955555555555556 0.7111111111111111 0.8666666666666667 0.7022222222222222 0.8666666666666667 0.6977777777777778 0.8711111111111111 0.6844444444444444 0.8711111111111111 0.68 0.8666666666666667 0.6755555555555556 0.8711111111111111 0.6711111111111111 0.8666666666666667 0.6666666666666666 0.8666666666666667 0.6622222222222223 0.8711111111111111 0.6444444444444445 0.8711111111111111 0.64 0.8666666666666667 0.6311111111111111 0.8666666666666667
0 0.8177777777777778 0.6977777777777778 0.8177777777777778 0.6755555555555556 0.8133333333333334 0.6711111111111111 0.8133333333333334 0.6044444444444445 0.8088888888888889 0.6 0.8088888888888889 0.5777777777777777 0.8133333333333334 0.5733333333333334 0.8888888888888888 0.5733333333333334 0.8888888888888888 0.5777777777777777 0.8933333333333333 0.5822222222222222 0.8933333333333333 0.6266666666666667 0.8977777777777778 0.6311111111111111 0.8977777777777778 0.68 0.9022222222222223 0.6844444444444444 0.9022222222222223 0.6933333333333334 0.8977777777777778 0.6977777777777778 0.8222222222222222 0.6977777777777778
0 0.8888888888888888 0.3022222222222222 0.9688888888888889 0.3022222222222222 0.9688888888888889 0.30666666666666664 0.9733333333333334 0.3111111111111111 0.9733333333333334 0.3377777777777778 0.9777777777777777 0.3422222222222222 0.9777777777777777 0.37333333333333335 0.9822222222222222 0.37777777777777777 0.9822222222222222 0.39111111111111113 0.9777777777777777 0.39555555555555555 0.9022222222222223 0.39555555555555555 0.8977777777777778 0.39111111111111113 0.8977777777777778 0.37777777777777777 0.8933333333333333 0.37333333333333335 0.8933333333333333 0.3288888888888889 0.8888888888888888 0.3244444444444444 0.8888888888888888 0.30666666666666664
0 0.4088888888888889 0.5688888888888889 0.48 0.5688888888888889 0.48444444444444446 0.5733333333333334 0.48444444444444446 0.6044444444444445 0.4888888888888889 0.6088888888888889 0.4888888888888889 0.6977777777777778 0.41333333333333333 0.6977777777777778 0.4088888888888889 0.6933333333333334 0.4088888888888889 0.5733333333333334
0 0 0.7111111111111111 0.008888888888888889 0.7111111111111111 0.008888888888888889 0.7777777777777778 0.0044444444444444444 0.7822222222222223 0.0044444444444444444 0.7866666666666666 0.008888888888888889 0.7911111111111111 0.008888888888888889 0.8 0.0044444444444444444 0.8044444444444444 0.0044444444444444444 0.8533333333333334 0 0.8533333333333334 0 0.7155555555555555
0 0.8755555555555555 0.41333333333333333 0.88 0.4177777777777778 0.88 0.4266666666666667 0.8844444444444445 0.4311111111111111 0.8844444444444445 0.49777777777777776 0.8888888888888888 0.5022222222222222 0.8888888888888888 0.5644444444444444 0.8088888888888889 0.5644444444444444 0.8088888888888889 0.5511111111111111 0.8044444444444444 0.5466666666666666 0.8044444444444444 0.4888888888888889 0.8 0.48444444444444446 0.8044444444444444 0.4711111111111111 0.8 0.4666666666666667 0.8 0.4177777777777778 0.8044444444444444 0.41333333333333333 0.8711111111111111 0.41333333333333333
0 0.013333333333333334 0.12444444444444444 0.017777777777777778 0.1288888888888889 0.017777777777777778 0.21777777777777776 0.013333333333333334 0.21777777777777776 0.008888888888888889 0.2222222222222222 0.0044444444444444444 0.2222222222222222 0 0.21777777777777776 0 0.1288888888888889 0.0044444444444444444 0.12444444444444444 0.008888888888888889 0.12444444444444444
0 0.10666666666666667 0.40444444444444444 0.1111111111111111 0.4088888888888889 0.1111111111111111 0.56 0.035555555555555556 0.56 0.03111111111111111 0.5555555555555556 0.03111111111111111 0.4088888888888889 0.035555555555555556 0.40444444444444444 0.10222222222222223 0.40444444444444444
0 0.1688888888888889 0.40444444444444444 0.17333333333333334 0.4088888888888889 0.2088888888888889 0.4088888888888889 0.2088888888888889 0.56 0.13333333333333333 0.56 0.1288888888888889 0.5555555555555556 0.1288888888888889 0.4088888888888889 0.13333333333333333 0.40444444444444444 0.16444444444444445 0.40444444444444444
0 0.76 0.4088888888888889 0.7644444444444445 0.41333333333333333 0.7822222222222223 0.41333333333333333 0.7866666666666666 0.4177777777777778 0.7866666666666666 0.49333333333333335 0.7911111111111111 0.49777777777777776 0.7911111111111111 0.56 0.7866666666666666 0.5644444444444444 0.7288888888888889 0.5644444444444444 0.7244444444444444 0.56 0.7111111111111111 0.56 0.7111111111111111 0.5155555555555555 0.7066666666666667 0.5111111111111111 0.7066666666666667 0.41333333333333333 0.7111111111111111 0.41333333333333333 0.7155555555555555 0.4088888888888889 0.7555555555555555 0.4088888888888889
0 0.2222222222222222 0.5733333333333334 0.3022222222222222 0.5733333333333334 0.3022222222222222 0.6977777777777778 0.2222222222222222 0.6977777777777778 0.2222222222222222 0.5777777777777777
0 0 0.5688888888888889 0.013333333333333334 0.5688888888888889 0.013333333333333334 0.6888888888888889 0.008888888888888889 0.6933333333333334 0.008888888888888889 0.7022222222222222 0 0.7022222222222222 0 0.5733333333333334
0 0.8266666666666667 0.8666666666666667 0.8266666666666667 0.8177777777777778 0.8222222222222222 0.8133333333333334 0.8222222222222222 0.7644444444444445 0.8177777777777778 0.76 0.8177777777777778 0.7111111111111111 0.8222222222222222 0.7066666666666667 0.8977777777777778 0.7066666666666667 0.9022222222222223 0.7111111111111111 0.9022222222222223 0.7555555555555555 0.9066666666666666 0.76 0.9066666666666666 0.8133333333333334 0.9111111111111111 0.8177777777777778 0.9111111111111111 0.8666666666666667 0.8844444444444445 0.8666666666666667 0.88 0.8711111111111111 0.84 0.8711111111111111 0.8355555555555556 0.8666666666666667 0.8311111111111111 0.8666666666666667
0 0.9777777777777777 0.12444444444444444 0.9911111111111112 0.12444444444444444 0.9955555555555555 0.1288888888888889 0.9955555555555555 0.23555555555555555 0.9822222222222222 0.23555555555555555 0.9822222222222222 0.2 0.9777777777777777 0.19555555555555557 0.9777777777777777 0.1288888888888889
0 0.3288888888888889 0.40444444444444444 0.3333333333333333 0.4088888888888889 0.39111111111111113 0.4088888888888889 0.39111111111111113 0.4888888888888889 0.39555555555555555 0.49333333333333335 0.39555555555555555 0.5555555555555556 0.39111111111111113 0.56 0.32 0.56 0.31555555555555553 0.5555555555555556 0.31555555555555553 0.4088888888888889 0.32 0.40444444444444444 0.3244444444444444 0.40444444444444444
0 0.4444444444444444 0.3466666666666667 0.08 0.11555555555555555
0 0.29333333333333333 0.7066666666666667 0.29777777777777775 0.7111111111111111 0.3022222222222222 0.7111111111111111 0.3022222222222222 0.8666666666666667 0.29333333333333333 0.8666666666666667 0.28888888888888886 0.8711111111111111 0.2311111111111111 0.8711111111111111 0.22666666666666666 0.8666666666666667 0.2222222222222222 0.8666666666666667 0.2222222222222222 0.8622222222222222 0.21777777777777776 0.8577777777777778 0.2222222222222222 0.8533333333333334 0.2222222222222222 0.8355555555555556 0.21777777777777776 0.8311111111111111 0.21777777777777776 0.8177777777777778 0.2222222222222222 0.8133333333333334 0.2222222222222222 0.7111111111111111 0.23555555555555555 0.7111111111111111 0.24 0.7066666666666667 0.28888888888888886 0.7066666666666667
0 0.31555555555555553 0.28888888888888886 0.38666666666666666 0.28888888888888886 0.39111111111111113 0.29333333333333333 0.39111111111111113 0.39555555555555555 0.38666666666666666 0.4 0.38222222222222224 0.39555555555555555 0.31555555555555553 0.39555555555555555 0.31555555555555553 0.29333333333333333
0 0.2222222222222222 0.29333333333333333 0.29777777777777775 0.29333333333333333 0.3022222222222222 0.29777777777777775 0.3022222222222222 0.39111111111111113 0.22666666666666666 0.39111111111111113 0.2222222222222222 0.38666666666666666 0.2222222222222222 0.29777777777777775
0 0.10666666666666667 0.7111111111111111 0.10666666666666667 0.8666666666666667 0.10222222222222223 0.8711111111111111 0.03111111111111111 0.8711111111111111 0.02666666666666667 0.8666666666666667 0.017777777777777778 0.8666666666666667 0.017777777777777778 0.8355555555555556 0.022222222222222223 0.8311111111111111 0.022222222222222223 0.7155555555555555 0.02666666666666667 0.7111111111111111 0.10222222222222223 0.7111111111111111
0 0.56 0.7911111111111111 0.10666666666666667 0.1688888888888889
0 0.5022222222222222 0.5688888888888889 0.6 0.5688888888888889 0.6 0.6266666666666667 0.6044444444444445 0.6311111111111111 0.6044444444444445 0.6977777777777778 0.5066666666666667 0.6977777777777778 0.5066666666666667 0.6888888888888889 0.5022222222222222 0.6844444444444444 0.5022222222222222 0.5733333333333334
0 0.8711111111111111 0.1288888888888889 0.8711111111111111 0.1688888888888889 0.8755555555555555 0.17333333333333334 0.8755555555555555 0.23555555555555555 0.7955555555555556 0.23555555555555555 0.7955555555555556 0.2311111111111111 0.7911111111111111 0.22666666666666666 0.7911111111111111 0.14222222222222222 0.7866666666666666 0.13777777777777778 0.7911111111111111 0.13333333333333333 0.7911111111111111 0.1288888888888889 0.7955555555555556 0.12444444444444444 0.8266666666666667 0.12444444444444444 0.8311111111111111 0.1288888888888889 0.8666666666666667 0.1288888888888889
0 0.9066666666666666 0.5733333333333334 0.9866666666666667 0.5733333333333334 0.9911111111111112 0.5777777777777777 0.9911111111111112 0.64 0.9955555555555555 0.6444444444444445 0.9955555555555555 0.6977777777777778 0.9155555555555556 0.6977777777777778 0.9155555555555556 0.6844444444444444 0.9111111111111111 0.68 0.9111111111111111 0.6222222222222222 0.9066666666666666 0.6177777777777778 0.9066666666666666 0.5777777777777777
0 0.1288888888888889 0.28888888888888886 0.20444444444444446 0.28888888888888886 0.2088888888888889 0.29333333333333333 0.2088888888888889 0.39111111111111113 0.13777777777777778 0.39111111111111113 0.13333333333333333 0.38666666666666666 0.1288888888888889 0.38666666666666666 0.1288888888888889 0.29333333333333333
0 0.7955555555555556 0.7066666666666667 0.8044444444444444 0.7155555555555555 0.8044444444444444 0.7822222222222223 0.8088888888888889 0.7866666666666666 0.8088888888888889 0.8444444444444444 0.8133333333333334 0.8488888888888889 0.8133333333333334 0.8666666666666667 0.8 0.8666666666666667 0.7955555555555556 0.8711111111111111 0.7511111111111111 0.8711111111111111 0.7466666666666667 0.8666666666666667 0.7288888888888889 0.8666666666666667 0.7244444444444444 0.8622222222222222 0.7244444444444444 0.7733333333333333 0.72 0.7688888888888888 0.72 0.7111111111111111 0.7244444444444444 0.7066666666666667 0.7911111111111111 0.7066666666666667
0 0.20444444444444446 0.12444444444444444 0.2088888888888889 0.1288888888888889 0.2088888888888889 0.2222222222222222 0.20444444444444446 0.22666666666666666 0.2 0.22666666666666666 0.19555555555555557 0.2222222222222222 0.19111111111111112 0.2222222222222222 0.18666666666666668 0.22666666666666666 0.1688888888888889 0.22666666666666666 0.16444444444444445 0.2222222222222222 0.1288888888888889 0.2222222222222222 0.1288888888888889 0.1511111111111111 0.12444444444444444 0.14666666666666667 0.1288888888888889 0.14222222222222222 0.12444444444444444 0.13777777777777778 0.12444444444444444 0.13333333333333333 0.13333333333333333 0.12444444444444444 0.2 0.12444444444444444
0 0.6133333333333333 0.5733333333333334 0.6177777777777778 0.5733333333333334 0.6222222222222222 0.5688888888888889 0.6266666666666667 0.5688888888888889 0.6311111111111111 0.5733333333333334 0.6977777777777778 0.5733333333333334 0.6977777777777778 0.6266666666666667 0.7022222222222222 0.6311111111111111 0.7022222222222222 0.6977777777777778 0.6222222222222222 0.6977777777777778 0.6222222222222222 0.6933333333333334 0.6177777777777778 0.6888888888888889 0.6177777777777778 0.6177777777777778 0.6133333333333333 0.6133333333333333 0.6133333333333333 0.6044444444444445 0.6177777777777778 0.6 0.6177777777777778 0.5911111111111111 0.6133333333333333 0.5866666666666667 0.6133333333333333 0.5777777777777777
0 0.40444444444444444 0.1288888888888889 0.4088888888888889 0.1288888888888889 0.41333333333333333 0.12444444444444444 0.4533333333333333 0.12444444444444444 0.4577777777777778 0.1288888888888889 0.4622222222222222 0.12444444444444444 0.4666666666666667 0.12444444444444444 0.4711111111111111 0.1288888888888889 0.47555555555555556 0.1288888888888889 0.47555555555555556 0.14222222222222222 0.48 0.14666666666666667 0.48 0.22666666666666666 0.47555555555555556 0.2311111111111111 0.41333333333333333 0.2311111111111111 0.4088888888888889 0.22666666666666666 0.40444444444444444 0.22666666666666666 0.40444444444444444 0.13333333333333333
0 0.5511111111111111 0.4866666666666667 0.10666666666666667 0.15555555555555556
0 0.35777777777777775 0.6355555555555555 0.08444444444444445 0.13333333333333333
0 0.28888888888888886 0.12444444444444444 0.29333333333333333 0.1288888888888889 0.29777777777777775 0.1288888888888889 0.29777777777777775 0.18666666666666668 0.3022222222222222 0.19111111111111112 0.3022222222222222 0.2 0.29777777777777775 0.20444444444444446 0.29777777777777775 0.22666666666666666 0.2222222222222222 0.22666666666666666 0.2222222222222222 0.1288888888888889 0.22666666666666666 0.12444444444444444 0.28444444444444444 0.12444444444444444
0 0.03111111111111111 0.5688888888888889 0.1111111111111111 0.5688888888888889 0.1111111111111111 0.6933333333333334 0.10666666666666667 0.6977777777777778 0.10666666666666667 0.7022222222222222 0.02666666666666667 0.7022222222222222 0.02666666666666667 0.5777777777777777 0.03111111111111111 0.5733333333333334
0 0 0.4 0.013333333333333334 0.4 0.017777777777777778 0.40444444444444444 0.017777777777777778 0.5422222222222223 0.013333333333333334 0.5466666666666666 0.013333333333333334 0.56 0 0.56 0 0.40444444444444444
0 0.6044444444444445 0.29333333333333333 0.6844444444444444 0.29333333333333333 0.6844444444444444 0.3288888888888889 0.6888888888888889 0.3333333333333333 0.6888888888888889 0.4 0.6088888888888889 0.4 0.6088888888888889 0.39555555555555555 0.6044444444444445 0.39111111111111113 0.6044444444444445 0.29777777777777775
0 0.8977777777777778 0.41333333333333333 0.9733333333333334 0.41333333333333333 0.9777777777777777 0.4177777777777778 0.9777777777777777 0.4622222222222222 0.9822222222222222 0.4666666666666667 0.9822222222222222 0.5288888888888889 0.9866666666666667 0.5333333333333333 0.9866666666666667 0.56 0.9822222222222222 0.5644444444444444 0.9066666666666666 0.5644444444444444 0.9066666666666666 0.5555555555555556 0.9022222222222223 0.5511111111111111 0.9022222222222223 0.49333333333333335 0.8977777777777778 0.4888888888888889 0.8977777777777778 0.4177777777777778
0 0.6977777777777778 0.29333333333333333 0.7777777777777778 0.29333333333333333 0.7777777777777778 0.29777777777777775 0.7822222222222223 0.3022222222222222 0.7822222222222223 0.4 0.7022222222222222 0.4 0.7022222222222222 0.3377777777777778 0.6977777777777778 0.3333333333333333 0.6977777777777778 0.29777777777777775
0 0.9911111111111112 0.7066666666666667 0.9955555555555555 0.7111111111111111 0.9955555555555555 0.8666666666666667 0.9911111111111112 0.8711111111111111 0.9866666666666667 0.8666666666666667 0.9822222222222222 0.8711111111111111 0.9377777777777778 0.8711111111111111 0.9333333333333333 0.8666666666666667 0.9244444444444444 0.8666666666666667 0.9244444444444444 0.8088888888888889 0.92 0.8044444444444444 0.92 0.7422222222222222 0.9155555555555556 0.7377777777777778 0.9155555555555556 0.7111111111111111 0.92 0.7066666666666667 0.9866666666666667 0.7066666666666667
0 0.4088888888888889 0.4088888888888889 0.48 0.4088888888888889 0.48 0.4222222222222222 0.48444444444444446 0.4266666666666667 0.48444444444444446 0.5555555555555556 0.48 0.56 0.41333333333333333 0.56 0.4088888888888889 0.5555555555555556 0.4088888888888889 0.41333333333333333
0 0.9822222222222222 0.29333333333333333 0.9955555555555555 0.29333333333333333 0.9955555555555555 0.40444444444444444 0.9911111111111112 0.40444444444444444 0.9911111111111112 0.39555555555555555 0.9866666666666667 0.39111111111111113 0.9866666666666667 0.36 0.9822222222222222 0.35555555555555557 0.9866666666666667 0.3511111111111111 0.9866666666666667 0.3466666666666667 0.9822222222222222 0.3422222222222222 0.9822222222222222 0.29777777777777775
0 0.92 0.12444444444444444 0.9244444444444444 0.1288888888888889 0.9288888888888889 0.12444444444444444 0.9333333333333333 0.1288888888888889 0.9644444444444444 0.1288888888888889 0.9644444444444444 0.1511111111111111 0.9688888888888889 0.15555555555555556 0.9688888888888889 0.23555555555555555 0.8888888888888888 0.23555555555555555 0.8888888888888888 0.21333333333333335 0.8844444444444445 0.2088888888888889 0.8844444444444445 0.1288888888888889 0.8933333333333333 0.1288888888888889 0.8977777777777778 0.12444444444444444 0.9111111111111111 0.12444444444444444 0.9155555555555556 0.1288888888888889
0 0 0.28 0.022222222222222223 0.28 0.022222222222222223 0.28444444444444444 0.017777777777777778 0.28888888888888886 0.017777777777777778 0.39111111111111113 0 0.39111111111111113 0 0.28444444444444444
0 0.5333333333333333 0.28888888888888886 0.5377777777777778 0.29333333333333333 0.5422222222222223 0.28888888888888886 0.5733333333333334 0.28888888888888886 0.5777777777777777 0.29333333333333333 0.5911111111111111 0.29333333333333333 0.5911111111111111 0.38666666666666666 0.5955555555555555 0.39111111111111113 0.5911111111111111 0.39555555555555555 0.5911111111111111 0.4 0.49777777777777776 0.4 0.49777777777777776 0.37777777777777777 0.49333333333333335 0.37333333333333335 0.49333333333333335 0.29333333333333333 0.49777777777777776 0.28888888888888886 0.5288888888888889 0.28888888888888886
0 0.1111111111111111 0.28444444444444444 0.11555555555555555 0.28888888888888886 0.11555555555555555 0.29777777777777775 0.1111111111111111 0.3022222222222222 0.11555555555555555 0.30666666666666664 0.11555555555555555 0.36 0.1111111111111111 0.36444444444444446 0.11555555555555555 0.37777777777777777 0.1111111111111111 0.38222222222222224 0.1111111111111111 0.39555555555555555 0.035555555555555556 0.39555555555555555 0.03111111111111111 0.39111111111111113 0.03111111111111111 0.28444444444444444 0.035555555555555556 0.28 0.10222222222222223 0.28 0.10666666666666667 0.28444444444444444
0 0.32 0.7066666666666667 0.39111111111111113 0.7066666666666667 0.39555555555555555 0.7111111111111111 0.39555555555555555 0.72 0.4 0.7244444444444444 0.4 0.7288888888888889 0.39555555555555555 0.7333333333333333 0.39555555555555555 0.7466666666666667 0.4 0.7511111111111111 0.4 0.7733333333333333 0.39555555555555555 0.7777777777777778 0.39555555555555555 0.7866666666666666 0.4 0.7911111111111111 0.4 0.8622222222222222 0.38666666666666666 0.8711111111111111 0.3511111111111111 0.8711111111111111 0.3466666666666667 0.8666666666666667 0.3288888888888889 0.8666666666666667 0.3244444444444444 0.8711111111111111 0.32 0.8666666666666667 0.31555555555555553 0.8666666666666667 0.31555555555555553 0.7155555555555555 0.32 0.7111111111111111