0 0.41185185185185186 0.7388888888888889 0.42074074074074075 0.7366666666666667 0.46370370370370373 0.7366666666666667 0.4651851851851852 0.7388888888888889 0.46074074074074073 0.8411111111111111 0.45925925925925926 0.8433333333333334 0.45185185185185184 0.8422222222222222 0.42518518518518517 0.8444444444444444 0.40296296296296297 0.8444444444444444 0.4014814814814815 0.8422222222222222 0.4059259259259259 0.7766666666666666 0.4088888888888889 0.7722222222222223 0.4088888888888889 0.7466666666666667 0.41185185185185186 0.74
0 0.7718518518518519 0.53 0.7822222222222223 0.5277777777777778 0.837037037037037 0.5255555555555556 0.8414814814814815 0.5288888888888889 0.8429629629629629 0.5377777777777778 0.8651851851851852 0.5855555555555556 0.8637037037037038 0.5922222222222222 0.8207407407407408 0.5955555555555555 0.7925925925925926 0.5944444444444444 0.7866666666666666 0.5844444444444444 0.7718518518518519 0.5311111111111111
0 0.18666666666666668 0.8988888888888888 0.2325925925925926 0.9044444444444445 0.21777777777777776 0.9688888888888889 0.21037037037037037 0.9744444444444444 0.16444444444444445 0.97 0.16 0.9711111111111111 0.15407407407407409 0.9677777777777777 0.15703703703703703 0.9511111111111111 0.17333333333333334 0.9 0.18518518518518517 0.8988888888888888
0 0.35555555555555557 0.3411111111111111 0.3674074074074074 0.34555555555555556 0.36444444444444446 0.3611111111111111 0.36 0.3655555555555556 0.3377777777777778 0.3611111111111111 0.34074074074074073 0.3411111111111111 0.3540740740740741 0.3411111111111111
0 0.47703703703703704 0.47333333333333333 0.4785185185185185 0.4888888888888889 0.47555555555555556 0.5088888888888888 0.4666666666666667 0.5122222222222222 0.44 0.5133333333333333 0.4162962962962963 0.5122222222222222 0.4162962962962963 0.49777777777777776 0.42074074074074075 0.4766666666666667 0.42814814814814817 0.47444444444444445 0.43851851851851853 0.47555555555555556 0.4474074074074074 0.47333333333333333 0.47555555555555556 0.47333333333333333
0 0.7525925925925926 0.33111111111111113 0.76 0.33555555555555555 0.7777777777777778 0.38 0.7718518518518519 0.38333333333333336 0.7274074074074074 0.38666666666666666 0.7229629629629629 0.38555555555555554 0.72 0.3811111111111111 0.7081481481481482 0.34555555555555556 0.7081481481481482 0.33555555555555555 0.7155555555555555 0.3333333333333333 0.7511111111111111 0.33111111111111113
0 0.554074074074074 0.8722222222222222 0.56 0.8744444444444445 0.5614814814814815 0.8844444444444445 0.5644444444444444 0.9322222222222222 0.562962962962963 0.9433333333333334 0.56 0.9455555555555556 0.5111111111111111 0.9455555555555556 0.5051851851851852 0.9433333333333334 0.5007407407407407 0.9366666666666666 0.4948148148148148 0.9411111111111111 0.49333333333333335 0.9466666666666667 0.4696296296296296 0.9466666666666667 0.46370370370370373 0.9422222222222222 0.4666666666666667 0.8755555555555555 0.4962962962962963 0.8722222222222222 0.5525925925925926 0.8722222222222222
0 0.7392592592592593 0.46 0.7422222222222222 0.4622222222222222 0.7451851851851852 0.47555555555555556 0.7525925925925926 0.4911111111111111 0.7570370370370371 0.5111111111111111 0.7540740740740741 0.5133333333333333 0.7037037037037037 0.5166666666666667 0.6933333333333334 0.5166666666666667 0.6903703703703704 0.5144444444444445 0.6814814814814815 0.4777777777777778 0.6814814814814815 0.4633333333333333 0.7377777777777778 0.46
0 0.8059259259259259 0.45555555555555555 0.8118518518518518 0.46 0.8296296296296296 0.5055555555555555 0.8266666666666667 0.5088888888888888 0.8103703703703704 0.5088888888888888 0.7881481481481482 0.5122222222222222 0.7644444444444445 0.5122222222222222 0.7614814814814815 0.51 0.7466666666666667 0.4622222222222222 0.7511111111111111 0.4577777777777778 0.8044444444444444 0.45555555555555555
0 0.22518518518518518 0.8177777777777778 0.24592592592592594 0.8211111111111111 0.23703703703703705 0.8666666666666667 0.2311111111111111 0.8811111111111111 0.2311111111111111 0.8877777777777778 0.22666666666666666 0.8922222222222222 0.1925925925925926 0.89 0.18518518518518517 0.8866666666666667 0.18518518518518517 0.88 0.19703703703703704 0.8466666666666667 0.20296296296296296 0.82 0.20592592592592593 0.8166666666666667 0.2237037037037037 0.8177777777777778
0 0.6459259259259259 0.3388888888888889 0.6562962962962963 0.39 0.6133333333333333 0.39444444444444443 0.6044444444444445 0.39444444444444443 0.6014814814814815 0.39 0.597037037037037 0.3433333333333333 0.6014814814814815 0.34 0.6148148148148148 0.3411111111111111 0.6444444444444445 0.3388888888888889
0 0.6859259259259259 0.5333333333333333 0.6888888888888889 0.5344444444444445 0.6933333333333334 0.5455555555555556 0.6933333333333334 0.5555555555555556 0.7007407407407408 0.5777777777777777 0.7037037037037037 0.5977777777777777 0.6977777777777778 0.6 0.6651851851851852 0.6011111111111112 0.6340740740740741 0.6011111111111112 0.6311111111111111 0.5988888888888889 0.6251851851851852 0.5755555555555556 0.6207407407407407 0.5388888888888889 0.6281481481481481 0.5344444444444445 0.6385185185185185 0.5355555555555556 0.6844444444444444 0.5333333333333333
0 0.07703703703703704 0.28888888888888886 0.08 0.29 0.08 0.29444444444444445 0.05185185185185185 0.3288888888888889 0.02962962962962963 0.32555555555555554 0.023703703703703703 0.3211111111111111 0.05333333333333334 0.2866666666666667 0.07555555555555556 0.28888888888888886
0 0.5511111111111111 0.7344444444444445 0.554074074074074 0.7411111111111112 0.5555555555555556 0.7588888888888888 0.554074074074074 0.7855555555555556 0.5481481481481482 0.7888888888888889 0.5155555555555555 0.79 0.4711111111111111 0.7888888888888889 0.4696296296296296 0.7766666666666666 0.4725925925925926 0.7655555555555555 0.4725925925925926 0.7366666666666667 0.47703703703703704 0.7344444444444445 0.49037037037037035 0.7333333333333333 0.5496296296296296 0.7344444444444445
0 0.34074074074074073 0.4 0.35259259259259257 0.40555555555555556 0.3496296296296296 0.42333333333333334 0.3451851851851852 0.4288888888888889 0.3244444444444444 0.4255555555555556 0.32 0.4222222222222222 0.3244444444444444 0.4011111111111111 0.33925925925925926 0.4
0 0.7866666666666666 0.6166666666666667 0.794074074074074 0.6211111111111111 0.8074074074074075 0.6577777777777778 0.8074074074074075 0.6666666666666666 0.8177777777777778 0.6933333333333334 0.8177777777777778 0.6988888888888889 0.8059259259259259 0.7011111111111111 0.7688888888888888 0.7022222222222222 0.7422222222222222 0.7022222222222222 0.7348148148148148 0.6988888888888889 0.717037037037037 0.6222222222222222 0.7185185185185186 0.6188888888888889 0.7229629629629629 0.6177777777777778 0.7851851851851852 0.6166666666666667
0 0.7585185185185185 0.8688888888888889 0.7659259259259259 0.8711111111111111 0.7703703703703704 0.8755555555555555 0.7881481481481482 0.9566666666666667 0.794074074074074 0.9722222222222222 0.794074074074074 0.9922222222222222 0.7881481481481482 0.9988888888888889 0.6903703703703704 0.9988888888888889 0.6859259259259259 0.9944444444444445 0.6874074074074074 0.9888888888888889 0.682962962962963 0.9788888888888889 0.682962962962963 0.9511111111111111 0.6725925925925926 0.9011111111111111 0.6711111111111111 0.8722222222222222 0.7570370370370371 0.8688888888888889
0 0.9718518518518519 0.8633333333333333 0.9851851851851852 0.8666666666666667 0.9955555555555555 0.8922222222222222 0.9940740740740741 0.9288888888888889 0.9955555555555555 0.9488888888888889 0.9985185185185185 0.9522222222222222 0.9985185185185185 0.9944444444444445 0.9896296296296296 0.9966666666666667 0.9718518518518519 0.9966666666666667 0.9703703703703703 0.9988888888888889 0.9674074074074074 0.9966666666666667 0.9585185185185185 0.9966666666666667 0.957037037037037 0.9988888888888889 0.9540740740740741 0.9966666666666667 0.9496296296296296 0.9988888888888889 0.9362962962962963 0.9966666666666667 0.9348148148148148 0.9988888888888889 0.9303703703703704 0.9988888888888889 0.9244444444444444 0.9944444444444445 0.9244444444444444 0.9877777777777778 0.8962962962962963 0.9066666666666666 0.8933333333333333 0.8855555555555555 0.8888888888888888 0.8788888888888889 0.8888888888888888 0.8722222222222222 0.8948148148148148 0.8677777777777778 0.9007407407407407 0.87 0.9155555555555556 0.87 0.9303703703703704 0.8655555555555555 0.9703703703703703 0.8633333333333333
0 0.725925925925926 0.7288888888888889 0.7333333333333333 0.73 0.7377777777777778 0.7377777777777778 0.7377777777777778 0.7455555555555555 0.7422222222222222 0.7544444444444445 0.7525925925925926 0.7988888888888889 0.7570370370370371 0.8288888888888889 0.7540740740740741 0.8322222222222222 0.7481481481481481 0.8311111111111111 0.7437037037037038 0.8355555555555556 0.72 0.8366666666666667 0.7125925925925926 0.8388888888888889 0.6903703703703704 0.8377777777777777 0.6725925925925926 0.8344444444444444 0.6666666666666666 0.83 0.6637037037037037 0.8122222222222222 0.6592592592592592 0.8044444444444444 0.6562962962962963 0.7677777777777778 0.6503703703703704 0.74 0.6518518518518519 0.7333333333333333 0.6548148148148148 0.7311111111111112 0.7244444444444444 0.7288888888888889
0 0.8251851851851851 0.7266666666666667 0.8340740740740741 0.7422222222222222 0.8637037037037038 0.8311111111111111 0.8622222222222222 0.8344444444444444 0.8518518518518519 0.8355555555555556 0.8014814814814815 0.8344444444444444 0.7822222222222223 0.8366666666666667 0.7718518518518519 0.8355555555555556 0.7644444444444445 0.8244444444444444 0.7466666666666667 0.7511111111111111 0.7451851851851852 0.7333333333333333 0.7481481481481481 0.7288888888888889 0.7718518518518519 0.7288888888888889 0.7807407407407407 0.7266666666666667 0.8237037037037037 0.7266666666666667
0 0.957037037037037 0.61 0.9644444444444444 0.6155555555555555 0.9703703703703703 0.6322222222222222 0.9837037037037037 0.6522222222222223 0.9940740740740741 0.6744444444444444 0.9985185185185185 0.6911111111111111 0.9940740740740741 0.6944444444444444 0.9851851851851852 0.6955555555555556 0.9525925925925925 0.6966666666666667 0.9259259259259259 0.6966666666666667 0.9185185185185185 0.6933333333333334 0.8888888888888888 0.6277777777777778 0.8859259259259259 0.6133333333333333 0.9185185185185185 0.61 0.9555555555555556 0.61
0 0.43555555555555553 0.35333333333333333 0.4414814814814815 0.3511111111111111 0.46074074074074073 0.35 0.482962962962963 0.3511111111111111 0.482962962962963 0.39111111111111113 0.48 0.4022222222222222 0.4696296296296296 0.4011111111111111 0.4444444444444444 0.40444444444444444 0.43703703703703706 0.40444444444444444 0.4325925925925926 0.4022222222222222 0.42962962962962964 0.3977777777777778 0.42962962962962964 0.3788888888888889 0.43555555555555553 0.35444444444444445
0 0.5392592592592592 0.6233333333333333 0.5466666666666666 0.6244444444444445 0.5496296296296296 0.63 0.5496296296296296 0.6677777777777778 0.5081481481481481 0.67 0.4785185185185185 0.67 0.47555555555555556 0.6677777777777778 0.47555555555555556 0.6333333333333333 0.48 0.6266666666666667 0.5377777777777778 0.6244444444444445
0 0.7081481481481482 0.62 0.7155555555555555 0.64 0.7214814814814815 0.6788888888888889 0.7274074074074074 0.7 0.7140740740740741 0.7033333333333334 0.6844444444444444 0.7044444444444444 0.6474074074074074 0.7044444444444444 0.6444444444444445 0.7022222222222222 0.6385185185185185 0.6566666666666666 0.6355555555555555 0.6511111111111111 0.6340740740740741 0.6222222222222222 0.6370370370370371 0.62 0.6488888888888888 0.6211111111111111 0.6681481481481482 0.6188888888888889 0.7066666666666667 0.62
0 0.8755555555555555 0.45222222222222225 0.882962962962963 0.46 0.8859259259259259 0.47 0.9037037037037037 0.5 0.9037037037037037 0.5044444444444445 0.8962962962962963 0.5066666666666667 0.8651851851851852 0.5088888888888888 0.8414814814814815 0.5088888888888888 0.837037037037037 0.5066666666666667 0.8222222222222222 0.47555555555555556 0.8177777777777778 0.4633333333333333 0.8177777777777778 0.45555555555555555 0.8296296296296296 0.4533333333333333 0.8740740740740741 0.45222222222222225
0 0.014814814814814815 0.28 0.022222222222222223 0.2788888888888889 0.045925925925925926 0.28555555555555556 0.035555555555555556 0.30333333333333334 0.03111111111111111 0.3055555555555556 0.023703703703703703 0.3055555555555556 0.014814814814814815 0.3022222222222222 0.0044444444444444444 0.3022222222222222 0 0.2966666666666667 0.014814814814814815 0.2811111111111111
0 0 0.9644444444444444 0.022222222222222223 0.9644444444444444 0.044444444444444446 0.9677777777777777 0.0637037037037037 0.9677777777777777 0.0962962962962963 0.9722222222222222 0.11259259259259259 0.9722222222222222 0.1259259259259259 0.9755555555555555 0.13925925925925925 0.9755555555555555 0.14222222222222222 0.9777777777777777 0.14222222222222222 0.9855555555555555 0.1362962962962963 0.9988888888888889 0.10666666666666667 0.9988888888888889 0.10518518518518519 0.9966666666666667 0.1037037037037037 0.9988888888888889 0.09333333333333334 0.9988888888888889 0.09185185185185185 0.9966666666666667 0.08888888888888889 0.9988888888888889 0.016296296296296295 0.9988888888888889 0.013333333333333334 0.9966666666666667 0.011851851851851851 0.9988888888888889 0.01037037037037037 0.9966666666666667 0 0.9944444444444445 0 0.9655555555555555
0 0.3244444444444444 0.5066666666666667 0.33037037037037037 0.5111111111111111 0.33185185185185184 0.5166666666666667 0.32592592592592595 0.5277777777777778 0.3244444444444444 0.5366666666666666 0.32 0.54 0.2859259259259259 0.5333333333333333 0.28444444444444444 0.5255555555555556 0.28888888888888886 0.5111111111111111 0.2948148148148148 0.5044444444444445 0.32296296296296295 0.5066666666666667
0 0.21925925925925926 0.45 0.2785185185185185 0.4622222222222222 0.2859259259259259 0.4622222222222222 0.29777777777777775 0.4666666666666667 0.2903703703703704 0.4988888888888889 0.2859259259259259 0.5055555555555555 0.28 0.5277777777777778 0.27555555555555555 0.5311111111111111 0.25037037037037035 0.5288888888888889 0.2311111111111111 0.5244444444444445 0.19555555555555557 0.52 0.17777777777777778 0.5144444444444445 0.18518518518518517 0.4911111111111111 0.20148148148148148 0.45666666666666667 0.2088888888888889 0.4488888888888889 0.21777777777777776 0.45
0 0.6977777777777778 0.33444444444444443 0.7037037037037037 0.34 0.7066666666666667 0.35555555555555557 0.7155555555555555 0.3788888888888889 0.7155555555555555 0.38555555555555554 0.7096296296296296 0.3877777777777778 0.6725925925925926 0.39111111111111113 0.6637037037037037 0.39111111111111113 0.6592592592592592 0.38333333333333336 0.6518518518518519 0.3388888888888889 0.6962962962962963 0.33444444444444443
0 0.34814814814814815 0.8455555555555555 0.3585185185185185 0.8588888888888889 0.36 0.8711111111111111 0.35259259259259257 0.9066666666666666 0.3437037037037037 0.9866666666666667 0.3377777777777778 0.9988888888888889 0.31851851851851853 0.9988888888888889 0.31851851851851853 0.9833333333333333 0.32296296296296295 0.9633333333333334 0.32296296296296295 0.95 0.32592592592592595 0.9433333333333334 0.32592592592592595 0.93 0.3288888888888889 0.9233333333333333 0.3274074074074074 0.8977777777777778 0.3362962962962963 0.8777777777777778 0.33925925925925926 0.8555555555555555 0.3437037037037037 0.8466666666666667 0.3466666666666667 0.8455555555555555
0 0.7614814814814815 0.53 0.7659259259259259 0.5344444444444445 0.7748148148148148 0.56 0.7762962962962963 0.57 0.7837037037037037 0.5877777777777777 0.7837037037037037 0.5944444444444444 0.7585185185185185 0.5988888888888889 0.7392592592592593 0.5977777777777777 0.7244444444444444 0.6 0.7125925925925926 0.5988888888888889 0.7081481481481482 0.5911111111111111 0.6962962962962963 0.5344444444444445 0.6992592592592592 0.5322222222222223 0.7244444444444444 0.53 0.76 0.53
0 0.26814814814814814 0.6688888888888889 0.2814814814814815 0.6711111111111111 0.2859259259259259 0.6744444444444444 0.2785185185185185 0.7022222222222222 0.27555555555555555 0.7055555555555556 0.27555555555555555 0.7188888888888889 0.27111111111111114 0.7255555555555555 0.23851851851851852 0.7222222222222222 0.2325925925925926 0.7166666666666667 0.24 0.6988888888888889 0.2474074074074074 0.6688888888888889 0.26666666666666666 0.6688888888888889
0 0.2859259259259259 0.5544444444444444 0.31407407407407406 0.5611111111111111 0.30666666666666664 0.5933333333333334 0.30074074074074075 0.6 0.27111111111111114 0.5955555555555555 0.27111111111111114 0.5855555555555556 0.2785185185185185 0.56 0.28444444444444444 0.5544444444444444
0 0.5422222222222223 0.5377777777777778 0.5466666666666666 0.5411111111111111 0.5466666666666666 0.5722222222222222 0.5185185185185185 0.5755555555555556 0.48 0.5755555555555556 0.48 0.5444444444444444 0.482962962962963 0.5411111111111111 0.4888888888888889 0.54 0.5407407407407407 0.5377777777777778
0 0.8266666666666667 0.8677777777777778 0.837037037037037 0.8688888888888889 0.84 0.8744444444444445 0.8429629629629629 0.8733333333333333 0.8429629629629629 0.8688888888888889 0.8562962962962963 0.8688888888888889 0.8562962962962963 0.8722222222222222 0.8488888888888889 0.8766666666666667 0.8577777777777778 0.8833333333333333 0.8770370370370371 0.8855555555555555 0.8859259259259259 0.9011111111111111 0.8977777777777778 0.9322222222222222 0.9155555555555556 0.9944444444444445 0.9081481481481481 0.9988888888888889 0.8844444444444445 0.9988888888888889 0.882962962962963 0.9966666666666667 0.845925925925926 0.9966666666666667 0.8444444444444444 0.9988888888888889 0.8429629629629629 0.9966666666666667 0.8281481481481482 0.9966666666666667 0.8266666666666667 0.9988888888888889 0.8074074074074075 0.9988888888888889 0.802962962962963 0.9844444444444445 0.8044444444444444 0.97 0.8 0.9688888888888889 0.7985185185185185 0.9577777777777777 0.7925925925925926 0.9433333333333334 0.7851851851851852 0.9022222222222223 0.7807407407407407 0.8922222222222222 0.7792592592592592 0.8733333333333333 0.7985185185185185 0.8733333333333333 0.8088888888888889 0.8711111111111111 0.8192592592592592 0.8722222222222222 0.8251851851851851 0.8688888888888889
0 0.23851851851851852 0.7288888888888889 0.24888888888888888 0.7322222222222222 0.2725925925925926 0.7355555555555555 0.2725925925925926 0.7488888888888889 0.2651851851851852 0.7777777777777778 0.2607407407407407 0.7844444444444445 0.23555555555555555 0.7833333333333333 0.21777777777777776 0.78 0.21185185185185185 0.7766666666666666 0.21185185185185185 0.7677777777777778 0.2222222222222222 0.74 0.2222222222222222 0.7322222222222222 0.22666666666666666 0.7288888888888889 0.23703703703703705 0.7288888888888889
0 0.1674074074074074 0.5366666666666666 0.18814814814814815 0.5377777777777778 0.2162962962962963 0.5433333333333333 0.2325925925925926 0.5444444444444444 0.2696296296296296 0.5533333333333333 0.2696296296296296 0.5633333333333334 0.26222222222222225 0.59 0.2548148148148148 0.6055555555555555 0.24592592592592594 0.6355555555555555 0.22666666666666666 0.6355555555555555 0.17185185185185184 0.6277777777777778 0.16148148148148148 0.6244444444444445 0.14814814814814814 0.6244444444444445 0.1348148148148148 0.6211111111111111 0.13185185185185186 0.6155555555555555 0.15703703703703703 0.5555555555555556 0.1674074074074074 0.5377777777777778
0 0.4696296296296296 0.6288888888888889 0.4666666666666667 0.7088888888888889 0.46370370370370373 0.7111111111111111 0.4444444444444444 0.7133333333333334 0.41185185185185186 0.7122222222222222 0.4162962962962963 0.6711111111111111 0.41333333333333333 0.6688888888888889 0.40444444444444444 0.6733333333333333 0.4059259259259259 0.6822222222222222 0.40296296296296297 0.6844444444444444 0.397037037037037 0.6822222222222222 0.397037037037037 0.6744444444444444 0.40296296296296297 0.6711111111111111 0.39555555555555555 0.6688888888888889 0.397037037037037 0.6622222222222223 0.4 0.6611111111111111 0.4 0.6477777777777778 0.4088888888888889 0.64 0.4074074074074074 0.6366666666666667 0.4103703703703704 0.64 0.41185185185185186 0.6344444444444445 0.42518518518518517 0.6288888888888889 0.46814814814814815 0.6288888888888889
0 0.24 0.3788888888888889 0.2992592592592593 0.39222222222222225 0.30666666666666664 0.39222222222222225 0.31703703703703706 0.39666666666666667 0.31851851851851853 0.4011111111111111 0.3037037037037037 0.44666666666666666 0.29333333333333333 0.4477777777777778 0.2311111111111111 0.43555555555555553 0.21925925925925926 0.43555555555555553 0.21481481481481482 0.43333333333333335 0.21333333333333335 0.4311111111111111 0.2162962962962963 0.42 0.2237037037037037 0.4088888888888889 0.2311111111111111 0.3877777777777778 0.23851851851851852 0.38
0 0.48 0.5811111111111111 0.4962962962962963 0.5777777777777777 0.5466666666666666 0.5755555555555556 0.5511111111111111 0.5933333333333334 0.5511111111111111 0.6022222222222222 0.5466666666666666 0.6055555555555555 0.48 0.6077777777777778 0.47703703703703704 0.6033333333333334 0.47703703703703704 0.5866666666666667 0.48 0.5822222222222222
0 0.6577777777777778 0.4033333333333333 0.6622222222222223 0.4088888888888889 0.6696296296296296 0.44555555555555554 0.6622222222222223 0.4488888888888889 0.6281481481481481 0.45111111111111113 0.6118518518518519 0.45111111111111113 0.6088888888888889 0.4477777777777778 0.6044444444444445 0.42444444444444446 0.6044444444444445 0.41 0.6074074074074074 0.4066666666666667 0.6133333333333333 0.40555555555555556 0.6562962962962963 0.4033333333333333
0 0.4562962962962963 0.41444444444444445 0.48 0.41444444444444445 0.48148148148148145 0.4166666666666667 0.48148148148148145 0.43444444444444447 0.47703703703703704 0.4588888888888889 0.44296296296296295 0.46111111111111114 0.42814814814814817 0.46111111111111114 0.4222222222222222 0.4588888888888889 0.4237037037037037 0.43222222222222223 0.42814814814814817 0.4166666666666667 0.45481481481481484 0.41555555555555557
0 0.08 0.7988888888888889 0.17037037037037037 0.8077777777777778 0.19111111111111112 0.8122222222222222 0.18666666666666668 0.8355555555555556 0.1688888888888889 0.8877777777777778 0.16148148148148148 0.9177777777777778 0.15407407407407409 0.9355555555555556 0.14962962962962964 0.9555555555555556 0.1437037037037037 0.9666666666666667 0.1037037037037037 0.9666666666666667 0.08148148148148149 0.9644444444444444 0.07407407407407407 0.9633333333333334 0.06962962962962962 0.9588888888888889 0.056296296296296296 0.9622222222222222 0.04148148148148148 0.9622222222222222 0.034074074074074076 0.96 0.02666666666666667 0.9611111111111111 0.017777777777777778 0.9566666666666667 0.022222222222222223 0.9388888888888889 0.017777777777777778 0.9344444444444444 0.017777777777777778 0.9077777777777778 0.007407407407407408 0.9055555555555556 0.01037037037037037 0.8888888888888888 0.05037037037037037 0.7988888888888889 0.05333333333333334 0.7966666666666666 0.07851851851851852 0.7988888888888889
0 0.7851851851851852 0.3277777777777778 0.8103703703703704 0.3277777777777778 0.8162962962962963 0.33 0.8355555555555556 0.37222222222222223 0.8340740740740741 0.38 0.7955555555555556 0.38222222222222224 0.7851851851851852 0.38222222222222224 0.7822222222222223 0.38 0.7718518518518519 0.3511111111111111 0.7644444444444445 0.3377777777777778 0.7644444444444445 0.33111111111111113 0.7837037037037037 0.3277777777777778
0 0.9985185185185185 0.7222222222222222 0.9985185185185185 0.7588888888888888 0.9955555555555555 0.76 0.9940740740740741 0.7644444444444445 0.9940740740740741 0.7755555555555556 0.9985185185185185 0.7855555555555556 0.9985185185185185 0.8311111111111111 0.9955555555555555 0.8322222222222222 0.9807407407407407 0.8311111111111111 0.9762962962962963 0.8255555555555556 0.9348148148148148 0.7322222222222222 0.9348148148148148 0.7244444444444444 0.9422222222222222 0.7222222222222222 0.997037037037037 0.7222222222222222
0 0 0.3422222222222222 0.016296296296296295 0.3422222222222222 0.035555555555555556 0.34555555555555556 0.037037037037037035 0.3477777777777778 0.007407407407407408 0.3877777777777778 0 0.3933333333333333 0 0.3433333333333333
0 0.3437037037037037 0.43222222222222223 0.34814814814814815 0.43444444444444447 0.3496296296296296 0.4388888888888889 0.3451851851851852 0.45444444444444443 0.3422222222222222 0.45666666666666667 0.31851851851851853 0.45444444444444443 0.30814814814814817 0.4488888888888889 0.3111111111111111 0.43555555555555553 0.31703703703703706 0.4288888888888889 0.3214814814814815 0.42777777777777776 0.3422222222222222 0.43222222222222223
0 0.4725925925925926 0.5422222222222223 0.47555555555555556 0.5455555555555556 0.4725925925925926 0.6033333333333334 0.46814814814814815 0.6066666666666667 0.44 0.61 0.4088888888888889 0.6088888888888889 0.4088888888888889 0.57 0.41185185185185186 0.5477777777777778 0.4148148148148148 0.5455555555555556 0.4711111111111111 0.5422222222222223
0 0.8755555555555555 0.6144444444444445 0.8903703703703704 0.6433333333333333 0.8977777777777778 0.6677777777777778 0.9081481481481481 0.6866666666666666 0.9096296296296297 0.6955555555555556 0.9007407407407407 0.6977777777777778 0.845925925925926 0.7 0.8340740740740741 0.7 0.8266666666666667 0.6966666666666667 0.8059259259259259 0.6411111111111111 0.8014814814814815 0.6188888888888889 0.8044444444444444 0.6155555555555555 0.8222222222222222 0.6144444444444445 0.8740740740740741 0.6144444444444445
0 0.5133333333333333 0.37444444444444447 0.054814814814814816 0.05555555555555555
0 0.9081481481481481 0.7233333333333334 0.92 0.7244444444444444 0.9244444444444444 0.7277777777777777 0.9318518518518518 0.7488888888888889 0.9496296296296296 0.7822222222222223 0.96 0.8166666666666667 0.9644444444444444 0.8222222222222222 0.9629629629629629 0.8311111111111111 0.9333333333333333 0.8322222222222222 0.9214814814814815 0.8344444444444444 0.8755555555555555 0.8344444444444444 0.8725925925925926 0.8322222222222222 0.8577777777777778 0.7955555555555556 0.84 0.7355555555555555 0.8414814814814815 0.7255555555555555 0.8785185185185185 0.7255555555555555 0.8859259259259259 0.7233333333333334 0.9066666666666666 0.7233333333333334
0 0.7822222222222223 0.39444444444444443 0.8 0.43 0.8014814814814815 0.4388888888888889 0.7955555555555556 0.4411111111111111 0.7437037037037038 0.44333333333333336 0.7377777777777778 0.43777777777777777 0.7274074074074074 0.4 0.7318518518518519 0.3977777777777778 0.7570370370370371 0.39555555555555555 0.7807407407407407 0.39555555555555555
0 0.0725925925925926 0.7666666666666667 0.08888888888888889 0.77 0.1037037037037037 0.77 0.15407407407407409 0.7777777777777778 0.17925925925925926 0.7788888888888889 0.1985185185185185 0.7822222222222223 0.2 0.7922222222222223 0.19407407407407407 0.8044444444444444 0.15851851851851853 0.8033333333333333 0.1437037037037037 0.8 0.10518518518518519 0.7977777777777778 0.056296296296296296 0.7911111111111111 0.054814814814814816 0.7866666666666666 0.06074074074074074 0.7722222222222223 0.06666666666666667 0.7666666666666667 0.07111111111111111 0.7666666666666667
0 0.27555555555555555 0.6022222222222222 0.30074074074074075 0.6055555555555555 0.30666666666666664 0.6088888888888889 0.30074074074074075 0.6355555555555555 0.2962962962962963 0.6433333333333333 0.29333333333333333 0.6444444444444445 0.26222222222222225 0.6411111111111111 0.25333333333333335 0.6366666666666667 0.2607407407407407 0.6044444444444445 0.2637037037037037 0.6022222222222222 0.2740740740740741 0.6022222222222222
0 0.1259259259259259 0.6466666666666666 0.13925925925925925 0.65 0.14962962962962964 0.65 0.22518518518518518 0.6611111111111111 0.23555555555555555 0.6644444444444444 0.22814814814814816 0.6988888888888889 0.21185185185185185 0.7422222222222222 0.2074074074074074 0.7677777777777778 0.20296296296296296 0.7755555555555556 0.2 0.7766666666666666 0.17629629629629628 0.7755555555555556 0.11703703703703704 0.7666666666666667 0.08148148148148149 0.7655555555555555 0.06962962962962962 0.7611111111111111 0.0725925925925926 0.7477777777777778 0.08296296296296296 0.7233333333333334 0.09333333333333334 0.71 0.10222222222222223 0.68 0.11407407407407408 0.6644444444444444 0.11259259259259259 0.6611111111111111 0.11555555555555555 0.6522222222222223 0.12 0.6477777777777778 0.12444444444444444 0.6466666666666666
0 0.4562962962962963 0.8744444444444445 0.45925925925925926 0.8755555555555555 0.45925925925925926 0.9122222222222223 0.4562962962962963 0.9244444444444444 0.45481481481481484 0.9711111111111111 0.45185185185185184 0.9744444444444444 0.44296296296296295 0.9744444444444444 0.4311111111111111 0.98 0.4222222222222222 0.9788888888888889 0.4177777777777778 0.9811111111111112 0.3940740740740741 0.9822222222222222 0.3896296296296296 0.9844444444444445 0.38666666666666666 0.9722222222222222 0.39111111111111113 0.9566666666666667 0.39111111111111113 0.9233333333333333 0.3940740740740741 0.9177777777777778 0.39555555555555555 0.8977777777777778 0.3940740740740741 0.88 0.4 0.8755555555555555 0.45481481481481484 0.8744444444444445
0 0.31555555555555553 0.4688888888888889 0.3333333333333333 0.4722222222222222 0.3362962962962963 0.47555555555555556 0.33037037037037037 0.4988888888888889 0.3244444444444444 0.5033333333333333 0.30666666666666664 0.5022222222222222 0.29777777777777775 0.49777777777777776 0.30518518518518517 0.47 0.31407407407407406 0.4688888888888889
0 0.9125925925925926 0.5222222222222223 0.9214814814814815 0.5322222222222223 0.9481481481481482 0.5877777777777777 0.9096296296296297 0.5922222222222222 0.8755555555555555 0.5922222222222222 0.8725925925925926 0.59 0.8503703703703703 0.5388888888888889 0.8474074074074074 0.5266666666666666 0.8518518518518519 0.5244444444444445 0.9111111111111111 0.5222222222222223
0 0.2651851851851852 0.3211111111111111 0.30518518518518517 0.33111111111111113 0.3214814814814815 0.3333333333333333 0.3348148148148148 0.3388888888888889 0.3362962962962963 0.3422222222222222 0.33185185185185184 0.35 0.33185185185185184 0.3566666666666667 0.3244444444444444 0.3788888888888889 0.3214814814814815 0.3811111111111111 0.2785185185185185 0.37333333333333335 0.24444444444444444 0.36444444444444446 0.24296296296296296 0.3622222222222222 0.25037037037037035 0.3477777777777778 0.2518518518518518 0.3377777777777778 0.25925925925925924 0.3233333333333333 0.2637037037037037 0.3211111111111111
0 0.6711111111111111 0.4622222222222222 0.6755555555555556 0.4666666666666667 0.6785185185185185 0.4766666666666667 0.6785185185185185 0.48777777777777775 0.6844444444444444 0.5155555555555555 0.6755555555555556 0.5177777777777778 0.6370370370370371 0.52 0.6237037037037036 0.52 0.6192592592592593 0.5177777777777778 0.6118518518518519 0.4688888888888889 0.6148148148148148 0.46555555555555556 0.6696296296296296 0.4622222222222222
0 0.5140740740740741 0.4855555555555556 0.06222222222222222 0.03111111111111111
0 0.6666666666666666 0.4033333333333333 0.6948148148148148 0.4 0.72 0.4 0.7244444444444444 0.40555555555555556 0.7244444444444444 0.4111111111111111 0.7348148148148148 0.43777777777777777 0.7348148148148148 0.4411111111111111 0.7274074074074074 0.4444444444444444 0.6755555555555556 0.44666666666666666 0.6666666666666666 0.41444444444444445 0.6666666666666666 0.40444444444444444
0 0.5185185185185185 0.6722222222222223 0.5259259259259259 0.6744444444444444 0.5496296296296296 0.6744444444444444 0.554074074074074 0.7055555555555556 0.5511111111111111 0.7088888888888889 0.5170370370370371 0.7111111111111111 0.4725925925925926 0.71 0.4725925925925926 0.6877777777777778 0.47555555555555556 0.6766666666666666 0.4918518518518519 0.6722222222222223 0.5170370370370371 0.6722222222222223
0 0.5555555555555556 0.7933333333333333 0.5585185185185185 0.7966666666666666 0.56 0.8377777777777777 0.554074074074074 0.8422222222222222 0.5333333333333333 0.8433333333333334 0.4696296296296296 0.8422222222222222 0.4666666666666667 0.8377777777777777 0.46814814814814815 0.7977777777777778 0.4725925925925926 0.7955555555555556 0.49037037037037035 0.7944444444444444 0.5170370370370371 0.7955555555555556 0.522962962962963 0.7933333333333333 0.554074074074074 0.7933333333333333
0 0.8325925925925926 0.39111111111111113 0.8429629629629629 0.39111111111111113 0.8488888888888889 0.3933333333333333 0.8681481481481481 0.4311111111111111 0.8681481481481481 0.43555555555555553 0.8222222222222222 0.44 0.8133333333333334 0.44 0.8074074074074075 0.43777777777777777 0.7955555555555556 0.41444444444444445 0.7911111111111111 0.39555555555555555 0.8311111111111111 0.39111111111111113
0 0.18074074074074073 0.9766666666666667 0.21333333333333335 0.98 0.21481481481481482 0.9855555555555555 0.21185185185185185 0.9988888888888889 0.14814814814814814 0.9988888888888889 0.14666666666666667 0.9911111111111112 0.1511111111111111 0.9777777777777777 0.17925925925925926 0.9766666666666667