0 0.5205078125 0.32415005861664714 0.044921875 0.05275498241500586
0 0.369140625 0.8347010550996483 0.37109375 0.8018757327080891 0.373046875 0.798358733880422 0.4140625 0.7913247362250879 0.4189453125 0.7913247362250879 0.4208984375 0.7960140679953107 0.4169921875 0.8276670574443142 0.4072265625 0.8311840562719812 0.3701171875 0.8347010550996483
0 0.4638671875 0.5381008206330598 0.052734375 0.12192262602579132
0 0.8154296875 0.4771395076201641 0.8095703125 0.4525205158264947 0.8095703125 0.44431418522860494 0.8046875 0.42555685814771393 0.7939453125 0.35873388042203985 0.7978515625 0.3540445486518171 0.8623046875 0.32942555685814773 0.865234375 0.32942555685814773 0.8671875 0.33294255568581477 0.876953125 0.365767878077374 0.880859375 0.3892145369284877 0.890625 0.4232121922626026 0.8955078125 0.4525205158264947 0.8916015625 0.45603751465416176 0.8828125 0.45720984759671746 0.8603515625 0.46658851113716293 0.81640625 0.4771395076201641
0 0.7412109375 0.2790152403282532 0.06640625 0.07502930832356389
0 0.7861328125 0.3622508792497069 0.7900390625 0.3716295427901524 0.791015625 0.38335287221570924 0.796875 0.4056271981242673 0.7978515625 0.4220398593200469 0.734375 0.4466588511137163 0.7294921875 0.44196951934349354 0.72265625 0.39155920281359907 0.7236328125 0.38452520515826494 0.7568359375 0.3704572098475967 0.78515625 0.3622508792497069
0 0.6435546875 0.2977725674091442 0.6474609375 0.3364595545134818 0.646484375 0.347010550996483 0.6015625 0.36811254396248533 0.5966796875 0.3669402110199297 0.5947265625 0.32004689331770225 0.642578125 0.2977725674091442
0 0.7314453125 0.5123094958968347 0.734375 0.5181711606096131 0.7373046875 0.5463071512309496 0.677734375 0.5650644783118406 0.6708984375 0.5650644783118406 0.6689453125 0.5615474794841735 0.666015625 0.5404454865181711 0.66796875 0.5310668229777257 0.7041015625 0.5181711606096131 0.73046875 0.5123094958968347
0 0.5947265625 0.30363423212192264 0.591796875 0.29425556858147717 0.591796875 0.2708089097303634 0.6357421875 0.246189917936694 0.6396484375 0.24501758499413834 0.6416015625 0.2473622508792497 0.642578125 0.2790152403282532 0.63671875 0.283704572098476 0.595703125 0.30246189917936694
0 0.72509765625 0.7655334114888629 0.0849609375 0.05861664712778429
0 0.6572265625 0.4794841735052755 0.6591796875 0.48417350527549824 0.662109375 0.5263774912075029 0.6572265625 0.5310668229777257 0.6064453125 0.5451348182883939 0.6015625 0.5451348182883939 0.6005859375 0.5427901524032825 0.599609375 0.49941383352872215 0.60546875 0.4947245017584994 0.638671875 0.48534583821805394 0.6494140625 0.4794841735052755 0.65625 0.4794841735052755
0 0.7470703125 0.1406799531066823 0.751953125 0.15357561547479484 0.7529296875 0.1817116060961313 0.703125 0.20750293083235638 0.6982421875 0.1981242672919109 0.6953125 0.16764361078546308 0.7001953125 0.16295427901524032 0.74609375 0.1406799531066823
0 0.54296875 0.2543962485345838 0.5400390625 0.29425556858147717 0.5224609375 0.30363423212192264 0.515625 0.3048065650644783 0.5029296875 0.3130128956623681 0.5 0.3118405627198124 0.4990234375 0.3071512309495897 0.5009765625 0.27549824150058616 0.5283203125 0.25791324736225085 0.5380859375 0.2532239155920281 0.5419921875 0.2543962485345838
0 0.54296875 0.5638921453692849 0.54296875 0.45720984759671746 0.546875 0.4536928487690504 0.587890625 0.4372801875732708 0.5927734375 0.4372801875732708 0.5947265625 0.44431418522860494 0.5966796875 0.5474794841735052 0.5703125 0.5580304806565064 0.5439453125 0.5638921453692849
0 0.7373046875 0.5533411488862837 0.7392578125 0.5568581477139508 0.74609375 0.6072684642438453 0.74609375 0.6178194607268465 0.759765625 0.7151230949589683 0.759765625 0.7280187573270809 0.7529296875 0.731535756154748 0.6865234375 0.7420867526377491 0.6826171875 0.7397420867526378 0.6806640625 0.7280187573270809 0.6767578125 0.64947245017585 0.6728515625 0.6260257913247362 0.669921875 0.5720984759671747 0.671875 0.5697538100820633 0.685546875 0.567409144196952 0.7197265625 0.5556858147713951 0.736328125 0.5533411488862837
0 0.8173828125 0.5310668229777257 0.82421875 0.552168815943728 0.8525390625 0.712778429073857 0.8388671875 0.7174677608440797 0.7724609375 0.7280187573270809 0.765625 0.7268464243845252 0.7626953125 0.712778429073857 0.7431640625 0.5533411488862837 0.75390625 0.5463071512309496 0.763671875 0.5451348182883939 0.7900390625 0.5357561547479485 0.81640625 0.5310668229777257
0 0.595703125 0.5545134818288394 0.599609375 0.567409144196952 0.599609375 0.5838218053927315 0.5966796875 0.5873388042203986 0.55078125 0.6014067995310668 0.5419921875 0.6002344665885111 0.5419921875 0.5720984759671747 0.5439453125 0.5697538100820633 0.5947265625 0.5545134818288394
0 0.60546875 0.5861664712778429 0.6025390625 0.5826494724501758 0.6005859375 0.570926143024619 0.6005859375 0.5533411488862837 0.607421875 0.5486518171160609 0.658203125 0.5345838218053928 0.662109375 0.5381008206330598 0.6650390625 0.5662368112543963 0.66015625 0.5697538100820633 0.6064453125 0.5849941383352872
0 0.9990234375 0.6987104337631888 0.9990234375 0.7561547479484173 0.986328125 0.7584994138335287 0.9814453125 0.7584994138335287 0.978515625 0.7549824150058617 0.966796875 0.7057444314185228 0.9677734375 0.7033997655334114 0.974609375 0.7010550996483002 0.998046875 0.6987104337631888
0 0.8349609375 0.20398593200468934 0.8388671875 0.20867526377491208 0.845703125 0.23446658851113716 0.859375 0.29308323563892147 0.8603515625 0.3048065650644783 0.8564453125 0.3083235638921454 0.7919921875 0.33411488862837047 0.7890625 0.33294255568581477 0.7861328125 0.3235638921453693 0.7783203125 0.27549824150058616 0.775390625 0.2672919109026964 0.771484375 0.23563892145369286 0.7744140625 0.2321219226260258 0.833984375 0.20398593200468934
0 0.44921875 0.39155920281359907 0.4501953125 0.406799531066823 0.4443359375 0.47596717467760846 0.4404296875 0.4806565064478312 0.4267578125 0.48417350527549824 0.4150390625 0.4947245017584994 0.41015625 0.4947245017584994 0.40625 0.4900351699882767 0.4052734375 0.48300117233294254 0.4111328125 0.4243845252051583 0.4091796875 0.41735052754982416 0.4130859375 0.41031652989449 0.42578125 0.4044548651817116 0.4306640625 0.39859320046893315 0.4482421875 0.39155920281359907
0 0.5087890625 0.7966002344665886 0.060546875 0.05041031652989449
0 0.5888671875 0.3235638921453693 0.591796875 0.34349355216881594 0.59375 0.4138335287221571 0.591796875 0.41735052754982416 0.548828125 0.4349355216881594 0.544921875 0.4349355216881594 0.54296875 0.42790152403282533 0.54296875 0.3481828839390387 0.5458984375 0.34349355216881594 0.5576171875 0.3399765533411489 0.587890625 0.3235638921453693
0 0.5380859375 0.5732708089097304 0.5380859375 0.6025791324736225 0.5361328125 0.6049237983587339 0.4921875 0.6178194607268465 0.48828125 0.6178194607268465 0.486328125 0.6143024618991794 0.4873046875 0.5908558030480656 0.4892578125 0.5873388042203986 0.5009765625 0.5849941383352872 0.5302734375 0.5732708089097304 0.537109375 0.5732708089097304
0 0.775390625 0.2954279015240328 0.7822265625 0.32004689331770225 0.783203125 0.3376318874560375 0.7255859375 0.3622508792497069 0.7197265625 0.3622508792497069 0.71875 0.35990621336459555 0.71484375 0.33177022274325907 0.7158203125 0.3212192262602579 0.7744140625 0.2954279015240328
0 0.48046875 0.6248534583821805 0.482421875 0.6260257913247362 0.482421875 0.64947245017585 0.4755859375 0.776084407971864 0.43359375 0.7842907385697538 0.4248046875 0.7842907385697538 0.4228515625 0.7807737397420867 0.4267578125 0.7549824150058617 0.427734375 0.7209847596717468 0.4345703125 0.6400937866354045 0.439453125 0.6354044548651817 0.4462890625 0.6354044548651817 0.4794921875 0.6260257913247362
0 0.8115234375 0.488862837045721 0.8173828125 0.5158264947245017 0.8173828125 0.5216881594372802 0.8154296875 0.5240328253223916 0.75 0.5439624853458382 0.7421875 0.5427901524032825 0.740234375 0.536928487690504 0.73828125 0.5193434935521688 0.73828125 0.511137162954279 0.740234375 0.5076201641266119 0.8017578125 0.488862837045721 0.810546875 0.488862837045721
0 0.7978515625 0.42907385697538103 0.80078125 0.43141852286049237 0.8037109375 0.44196951934349354 0.80859375 0.47010550996483 0.80859375 0.4806565064478312 0.7431640625 0.5029308323563892 0.73828125 0.5029308323563892 0.736328125 0.49941383352872215 0.73046875 0.4548651817116061 0.74609375 0.4466588511137163 0.796875 0.42907385697538103
0 0.853515625 0.7221570926143025 0.8564453125 0.7268464243845252 0.86328125 0.7620164126611958 0.8623046875 0.772567409144197 0.775390625 0.7831184056271981 0.771484375 0.779601406799531 0.767578125 0.753810082063306 0.7666015625 0.7362250879249707 0.7685546875 0.7338804220398594 0.8525390625 0.7221570926143025
0 0.431640625 0.6424384525205158 0.4208984375 0.7831184056271981 0.41796875 0.7866354044548651 0.376953125 0.7936694021101993 0.3740234375 0.7913247362250879 0.373046875 0.7854630715123095 0.380859375 0.7174677608440797 0.380859375 0.6951934349355217 0.384765625 0.6893317702227433 0.388671875 0.6541617819460727 0.3916015625 0.6483001172332943 0.4013671875 0.6483001172332943 0.4228515625 0.6412661195779601 0.4306640625 0.6424384525205158
0 0.6357421875 0.20046893317702227 0.6376953125 0.20750293083235638 0.638671875 0.2403282532239156 0.5947265625 0.2661195779601407 0.591796875 0.26143024618991795 0.5908203125 0.2250879249706917 0.634765625 0.20046893317702227
0 0.5390625 0.3516998827667057 0.5390625 0.3939038686987104 0.533203125 0.39859320046893315 0.501953125 0.4126611957796014 0.4970703125 0.4126611957796014 0.4951171875 0.4079718640093787 0.49609375 0.37280187573270807 0.498046875 0.3669402110199297 0.5322265625 0.3505275498241501 0.5380859375 0.3516998827667057
0 0.44921875 0.47596717467760846 0.447265625 0.47362250879249707 0.447265625 0.45955451348182885 0.453125 0.3903868698710434 0.4580078125 0.38569753810082064 0.4912109375 0.3704572098475967 0.4931640625 0.37280187573270807 0.4921875 0.4220398593200469 0.4892578125 0.45838218053927315 0.4501953125 0.47479484173505276
0 0.6630859375 0.5732708089097304 0.666015625 0.5803048065650644 0.66796875 0.6037514654161782 0.662109375 0.611957796014068 0.6689453125 0.6213364595545134 0.677734375 0.7409144196951934 0.6748046875 0.7444314185228605 0.6171875 0.753810082063306 0.6083984375 0.7526377491207503 0.607421875 0.7491207502930832 0.60546875 0.6400937866354045 0.6025390625 0.6178194607268465 0.6025390625 0.593200468933177 0.60546875 0.5885111371629543 0.662109375 0.5732708089097304
0 0.603515625 0.7608440797186401 0.60546875 0.772567409144197 0.60546875 0.8042203985932005 0.544921875 0.8124267291910903 0.5400390625 0.8100820633059789 0.5400390625 0.7819460726846424 0.5419921875 0.7713950762016413 0.6025390625 0.7608440797186401
0 0.4736328125 0.7819460726846424 0.4765625 0.7889800703399765 0.4736328125 0.82063305978898 0.466796875 0.8241500586166471 0.4521484375 0.8241500586166471 0.435546875 0.8276670574443142 0.4208984375 0.8276670574443142 0.419921875 0.8253223915592028 0.423828125 0.7913247362250879 0.4267578125 0.7889800703399765 0.47265625 0.7819460726846424
0 0.99609375 0.4794841735052755 0.9990234375 0.4806565064478312 0.9990234375 0.5650644783118406 0.99609375 0.567409144196952 0.99609375 0.5756154747948418 0.9990234375 0.5803048065650644 0.9990234375 0.6060961313012896 0.99609375 0.608440797186401 0.99609375 0.6131301289566237 0.9990234375 0.6166471277842908 0.9990234375 0.6928487690504103 0.978515625 0.6963657678780774 0.9658203125 0.6963657678780774 0.962890625 0.6916764361078547 0.9365234375 0.5838218053927315 0.923828125 0.5404454865181711 0.9228515625 0.5287221570926143 0.9169921875 0.5064478311840562 0.91796875 0.5029308323563892 0.9228515625 0.49941383352872215 0.9951171875 0.4794841735052755
0 0.51416015625 0.552168815943728 0.0537109375 0.06330597889800703
0 0.5390625 0.40093786635404455 0.5390625 0.4372801875732708 0.5234375 0.4466588511137163 0.4951171875 0.45720984759671746 0.4931640625 0.45603751465416176 0.4931640625 0.4243845252051583 0.49609375 0.41735052754982416 0.529296875 0.40211019929660025 0.5380859375 0.40093786635404455
0 0.908203125 0.5064478311840562 0.9111328125 0.511137162954279 0.9228515625 0.5533411488862837 0.9560546875 0.6846424384525205 0.95703125 0.6951934349355217 0.9501953125 0.6998827667057445 0.9326171875 0.7033997655334114 0.8671875 0.712778429073857 0.8603515625 0.712778429073857 0.857421875 0.7080890973036342 0.853515625 0.6787807737397421 0.84765625 0.6588511137162955 0.8408203125 0.6131301289566237 0.8291015625 0.5580304806565064 0.826171875 0.5287221570926143 0.83984375 0.5216881594372802 0.8544921875 0.5193434935521688 0.8779296875 0.511137162954279 0.9072265625 0.5064478311840562
0 0.48046875 0.7737397420867527 0.48046875 0.738569753810082 0.486328125 0.6248534583821805 0.4970703125 0.6189917936694022 0.5322265625 0.6096131301289566 0.537109375 0.6096131301289566 0.5380859375 0.611957796014068 0.5390625 0.6330597889800703 0.537109375 0.7655334114888629 0.53515625 0.7678780773739742 0.5009765625 0.7737397420867527 0.4814453125 0.7737397420867527
0 0.49609375 0.27784290738569756 0.498046875 0.2813599062133646 0.498046875 0.29191090269636577 0.4951171875 0.3493552168815944 0.4912109375 0.3540445486518171 0.458984375 0.3704572098475967 0.4560546875 0.3704572098475967 0.4541015625 0.365767878077374 0.4599609375 0.2966002344665885 0.462890625 0.29308323563892147 0.4716796875 0.29073856975381007 0.4892578125 0.2790152403282532 0.4951171875 0.27784290738569756
0 0.5361328125 0.45955451348182885 0.5390625 0.4630715123094959 0.5380859375 0.5158264947245017 0.501953125 0.52989449003517 0.490234375 0.52989449003517 0.4931640625 0.4771395076201641 0.4970703125 0.47362250879249707 0.53515625 0.46072684642438455
0 0.69921875 0.2672919109026964 0.703125 0.2708089097303634 0.7060546875 0.28722157092614303 0.71484375 0.35756154747948415 0.7138671875 0.3645955451348183 0.7060546875 0.3704572098475967 0.662109375 0.388042203985932 0.6572265625 0.3892145369284877 0.654296875 0.38335287221570924 0.6484375 0.2954279015240328 0.658203125 0.28839390386869873 0.6787109375 0.2801875732708089 0.6982421875 0.268464243845252
0 0.4560546875 0.2954279015240328 0.4580078125 0.3048065650644783 0.453125 0.365767878077374 0.451171875 0.3716295427901524 0.447265625 0.37631887456037516 0.4345703125 0.38335287221570924 0.4189453125 0.3892145369284877 0.416015625 0.38686987104337633 0.416015625 0.37749120750293086 0.4208984375 0.3305978898007034 0.4287109375 0.324736225087925 0.4375 0.324736225087925 0.4404296875 0.3212192262602579 0.443359375 0.30363423212192264 0.455078125 0.2966002344665885
0 0.6767578125 0.7502930832356389 0.6787109375 0.7526377491207503 0.681640625 0.7807737397420867 0.6806640625 0.794841735052755 0.61328125 0.8042203985932005 0.609375 0.8018757327080891 0.6083984375 0.7924970691676436 0.607421875 0.7620164126611958 0.609375 0.7596717467760844 0.67578125 0.7502930832356389
0 0.95703125 0.7045720984759671 0.9609375 0.7069167643610785 0.966796875 0.7233294255568582 0.9736328125 0.753810082063306 0.9716796875 0.7584994138335287 0.8828125 0.7702227432590856 0.869140625 0.7690504103165299 0.861328125 0.7327080890973037 0.861328125 0.7198124267291911 0.9560546875 0.7045720984759671
0 0.4833984375 0.5896834701055099 0.484375 0.6060961313012896 0.482421875 0.6201641266119577 0.4423828125 0.6330597889800703 0.4345703125 0.6330597889800703 0.4345703125 0.6201641266119577 0.4384765625 0.6025791324736225 0.482421875 0.5896834701055099
0 0.6279296875 0.4536928487690504 0.060546875 0.07971864009378664
0 0.9951171875 0.43376318874560377 0.9990234375 0.4372801875732708 0.9990234375 0.47245017584994137 0.919921875 0.4947245017584994 0.9150390625 0.4947245017584994 0.91015625 0.48417350527549824 0.90625 0.46893317702227433 0.90625 0.45838218053927315 0.908203125 0.45603751465416176 0.9599609375 0.4384525205158265 0.984375 0.43259085580304807 0.994140625 0.43376318874560377
0 0.7548828125 0.18522860492379836 0.759765625 0.19343493552168817 0.763671875 0.21570926143024619 0.7626953125 0.21922626025791325 0.7138671875 0.24501758499413834 0.705078125 0.2473622508792497 0.703125 0.24384525205158264 0.7001953125 0.21922626025791325 0.7021484375 0.21219226260257915 0.75390625 0.18640093786635403
0 0.640625 0.19226260257913247 0.650390625 0.1899179366940211 0.6884765625 0.16998827667057445 0.6923828125 0.17819460726846426 0.7001953125 0.24267291910902697 0.7001953125 0.2473622508792497 0.6962890625 0.2532239155920281 0.6572265625 0.2731535756154748 0.646484375 0.2731535756154748 0.6396484375 0.205158264947245 0.640625 0.19343493552168817
0 0.6474609375 0.3516998827667057 0.6494140625 0.3552168815943728 0.6513671875 0.39273153575615477 0.5986328125 0.4138335287221571 0.5966796875 0.4114888628370457 0.595703125 0.39976553341148885 0.595703125 0.37631887456037516 0.603515625 0.369284876905041 0.646484375 0.3516998827667057
0 0.81640625 0.4900351699882767 0.8173828125 0.48534583821805394 0.8212890625 0.48182883939038684 0.8466796875 0.47596717467760846 0.88671875 0.4618991793669402 0.8974609375 0.46072684642438455 0.900390625 0.4642438452520516 0.9072265625 0.4912075029308324 0.9072265625 0.4970691676436108 0.9013671875 0.5005861664712778 0.82421875 0.5216881594372802 0.8203125 0.5123094958968347 0.8173828125 0.4912075029308324
0 0.716796875 0.3892145369284877 0.7216796875 0.41500586166471276 0.7314453125 0.5041031652989449 0.7177734375 0.511137162954279 0.671875 0.5252051582649473 0.666015625 0.5252051582649473 0.6640625 0.5228604923798359 0.6572265625 0.41031652989449 0.7041015625 0.39155920281359907 0.7158203125 0.3892145369284877
0 0.390625 0.5287221570926143 0.3896484375 0.5240328253223916 0.3984375 0.511137162954279 0.3994140625 0.5041031652989449 0.404296875 0.4970691676436108 0.4169921875 0.4970691676436108 0.4248046875 0.4900351699882767 0.431640625 0.492379835873388 0.4375 0.48651817116060964 0.44140625 0.4876905041031653 0.4423828125 0.5041031652989449 0.439453125 0.5463071512309496 0.43359375 0.5990621336459554 0.4052734375 0.6096131301289566 0.3955078125 0.6096131301289566 0.3935546875 0.6060961313012896 0.3984375 0.552168815943728 0.396484375 0.5345838218053928 0.3916015625 0.5287221570926143
0 0.59765625 0.593200468933177 0.599609375 0.5978898007033998 0.603515625 0.753810082063306 0.5908203125 0.7584994138335287 0.5458984375 0.7655334114888629 0.54296875 0.7655334114888629 0.541015625 0.7620164126611958 0.541015625 0.6107854630715123 0.5458984375 0.6049237983587339 0.5654296875 0.6014067995310668 0.5927734375 0.5920281359906213 0.5966796875 0.593200468933177
0 0.94921875 0.2966002344665885 0.9599609375 0.31535756154747946 0.966796875 0.34583821805392734 0.974609375 0.3634232121922626 0.9873046875 0.4056271981242673 0.9912109375 0.4208675263774912 0.9892578125 0.4243845252051583 0.9091796875 0.4501758499413834 0.9033203125 0.4501758499413834 0.900390625 0.44431418522860494 0.8955078125 0.41735052754982416 0.892578125 0.4126611957796014 0.8759765625 0.347010550996483 0.873046875 0.324736225087925 0.9326171875 0.30011723329425555 0.9482421875 0.2977725674091442