0 0.80322265625 0.4375 0.8046875 0.4423828125 0.80517578125 0.6416015625 0.80419921875 0.654296875 0.80224609375 0.65625 0.73291015625 0.65234375 0.70361328125 0.6474609375 0.7021484375 0.6416015625 0.703125 0.533203125 0.70166015625 0.498046875 0.70361328125 0.451171875 0.7060546875 0.4453125 0.7626953125 0.4375 0.802734375 0.4375
0 0.1884765625 0.169921875 0.263671875 0.185546875 0.2626953125 0.380859375 0.26171875 0.404296875 0.2587890625 0.4169921875 0.18505859375 0.4130859375 0.17431640625 0.4111328125 0.171875 0.4052734375 0.17138671875 0.33203125 0.17431640625 0.173828125 0.17724609375 0.1689453125 0.18798828125 0.169921875
0 0.68701171875 0.013671875 0.69287109375 0.029296875 0.693359375 0.04296875 0.69384765625 0.2060546875 0.689453125 0.2099609375 0.6162109375 0.228515625 0.609375 0.2275390625 0.6083984375 0.2197265625 0.607421875 0.0478515625 0.61474609375 0.041015625 0.662109375 0.0185546875 0.68017578125 0.01171875 0.6865234375 0.013671875
0 0.6923828125 0.22265625 0.6943359375 0.2265625 0.69580078125 0.28125 0.69482421875 0.42578125 0.6904296875 0.4296875 0.623046875 0.4365234375 0.61181640625 0.4365234375 0.6103515625 0.43359375 0.60888671875 0.24609375 0.6162109375 0.240234375 0.69189453125 0.22265625
0 0.5107421875 0.0234375 0.5556640625 0.04296875 0.5556640625 0.21484375 0.5546875 0.2265625 0.55126953125 0.2294921875 0.49169921875 0.216796875 0.48583984375 0.212890625 0.48486328125 0.13671875 0.486328125 0.01953125 0.49560546875 0.017578125 0.51025390625 0.0234375
0 0.625 0.658203125 0.65673828125 0.6630859375 0.6865234375 0.6630859375 0.6943359375 0.66796875 0.6943359375 0.84765625 0.69384765625 0.85546875 0.68896484375 0.8583984375 0.6201171875 0.8447265625 0.611328125 0.8388671875 0.611328125 0.669921875 0.61279296875 0.66015625 0.62451171875 0.658203125
0 0.61865234375 0.859375 0.6865234375 0.875 0.6943359375 0.8798828125 0.693359375 0.9072265625 0.68212890625 0.927734375 0.67529296875 0.9375 0.6552734375 0.94921875 0.611328125 0.935546875 0.609375 0.8623046875 0.611328125 0.8583984375 0.6181640625 0.859375
0 0.40087890625 0.9541015625 0.4052734375 0.962890625 0.400390625 0.9638671875 0.40087890625 0.955078125
0 0.60546875 0 0.662109375 0 0.66259765625 0.0029296875 0.6611328125 0.0087890625 0.6083984375 0.0302734375 0.60595703125 0.0263671875 0.60546875 0.0009765625
0 0.3056640625 0 0.32861328125 0 0.330078125 0.0029296875 0.3701171875 0 0.380859375 0.00390625 0.38232421875 0.0107421875 0.38134765625 0.181640625 0.3798828125 0.189453125 0.37060546875 0.1904296875 0.31201171875 0.1787109375 0.302734375 0.1728515625 0.302734375 0.0537109375 0.3037109375 0.01171875 0.3056640625 0.0009765625
0 0.40673828125 0 0.453125 0 0.47265625 0.0078125 0.48046875 0.015625 0.47900390625 0.09765625 0.47998046875 0.2001953125 0.4775390625 0.2119140625 0.466796875 0.2109375 0.4072265625 0.1982421875 0.400390625 0.193359375 0.39892578125 0.1396484375 0.400390625 0.009765625 0.4013671875 0.0048828125 0.40673828125 0.0009765625
0 0.48681640625 0.896484375 0.50146484375 0.890625 0.52392578125 0.8896484375 0.54833984375 0.8818359375 0.5556640625 0.8837890625 0.55517578125 0.9375 0.54931640625 0.94140625 0.51171875 0.9365234375 0.498046875 0.94140625 0.4873046875 0.9384765625 0.48681640625 0.8974609375
0 0.88720703125 0.677734375 0.94921875 0.6865234375 0.9501953125 0.88671875 0.94775390625 0.892578125 0.91357421875 0.8759765625 0.86328125 0.8427734375 0.84326171875 0.8349609375 0.83984375 0.830078125 0.83984375 0.681640625 0.8427734375 0.6767578125 0.88671875 0.677734375
0 0 0 0.02294921875 0 0.0244140625 0.0048828125 0.02294921875 0.0146484375 0.021484375 0.1171875 0.02001953125 0.12109375 0 0.119140625 0 0.0009765625
0 0.80029296875 0.1953125 0.802734375 0.203125 0.80419921875 0.2548828125 0.80322265625 0.4169921875 0.78369140625 0.4228515625 0.71337890625 0.427734375 0.70263671875 0.4248046875 0.703125 0.3447265625 0.701171875 0.30859375 0.7021484375 0.22265625 0.70556640625 0.21875 0.7265625 0.2119140625 0.7998046875 0.1953125
0 0.06298828125 0.423828125 0.1396484375 0.4296875 0.14306640625 0.435546875 0.14404296875 0.451171875 0.142578125 0.6748046875 0.130859375 0.6787109375 0.06689453125 0.68359375 0.02783203125 0.68359375 0.025390625 0.681640625 0.0244140625 0.6708984375 0.02587890625 0.4287109375 0.0283203125 0.4228515625 0.0625 0.423828125
0 0.37646484375 0.923828125 0.37890625 0.9248046875 0.380859375 0.931640625 0.37890625 0.9716796875 0.33056640625 0.9892578125 0.3154296875 0.9990234375 0.298828125 0.9990234375 0.296875 0.9951171875 0.29736328125 0.9443359375 0.3759765625 0.9248046875
0 0.6923828125 0.4462890625 0.69482421875 0.455078125 0.693359375 0.59765625 0.69482421875 0.63671875 0.693359375 0.646484375 0.6904296875 0.6484375 0.61474609375 0.6416015625 0.61181640625 0.6376953125 0.609375 0.6083984375 0.61083984375 0.603515625 0.60986328125 0.5869140625 0.611328125 0.578125 0.60986328125 0.5673828125 0.611328125 0.546875 0.61083984375 0.458984375 0.61279296875 0.4521484375 0.69189453125 0.4462890625
0 0 0.4208984375 0.01318359375 0.4208984375 0.015625 0.4248046875 0.013671875 0.5859375 0.01513671875 0.6201171875 0.01318359375 0.681640625 0.0107421875 0.685546875 0 0.6875 0 0.55859375 0.00537109375 0.5595703125 0.00341796875 0.5634765625 0.0068359375 0.5673828125 0.0078125 0.5751953125 0.00927734375 0.57421875 0.01025390625 0.5615234375 0.00830078125 0.5439453125 0.0048828125 0.5546875 0 0.5546875 0 0.421875
0 0.244140625 0.4345703125 0.25830078125 0.4365234375 0.26171875 0.4423828125 0.2607421875 0.58203125 0.26220703125 0.619140625 0.2607421875 0.66796875 0.2578125 0.671875 0.20263671875 0.6748046875 0.171875 0.6748046875 0.17041015625 0.671875 0.16943359375 0.6015625 0.1708984375 0.591796875 0.169921875 0.5390625 0.17138671875 0.4345703125 0.17333984375 0.431640625 0.24365234375 0.4345703125
0 0.4755859375 0.4501953125 0.47802734375 0.4560546875 0.4775390625 0.560546875 0.47607421875 0.564453125 0.4775390625 0.5927734375 0.47705078125 0.65234375 0.474609375 0.6552734375 0.455078125 0.658203125 0.40478515625 0.662109375 0.3984375 0.6591796875 0.39599609375 0.6396484375 0.3974609375 0.634765625 0.3984375 0.5810546875 0.39501953125 0.5673828125 0.39697265625 0.5634765625 0.396484375 0.5537109375 0.3984375 0.5478515625 0.3984375 0.447265625 0.4033203125 0.4443359375 0.4365234375 0.4453125 0.47509765625 0.4501953125
0 0.49169921875 0.2294921875 0.5537109375 0.2431640625 0.55615234375 0.2470703125 0.55712890625 0.314453125 0.5556640625 0.4150390625 0.5546875 0.4326171875 0.55224609375 0.4365234375 0.50146484375 0.4345703125 0.486328125 0.4306640625 0.484375 0.4013671875 0.4853515625 0.236328125 0.4873046875 0.23046875 0.4912109375 0.2294921875
0 0.259765625 0.6923828125 0.26171875 0.72265625 0.26171875 0.8232421875 0.26123046875 0.869140625 0.2587890625 0.87890625 0.2587890625 0.91796875 0.2041015625 0.931640625 0.177734375 0.9345703125 0.1708984375 0.9345703125 0.16845703125 0.927734375 0.17041015625 0.8818359375 0.1689453125 0.74609375 0.17138671875 0.69921875 0.22802734375 0.6923828125 0.25927734375 0.6923828125
0 0.1376953125 0.701171875 0.14111328125 0.7041015625 0.14208984375 0.716796875 0.140625 0.9375 0.12744140625 0.9443359375 0.029296875 0.96484375 0.02587890625 0.96484375 0.0234375 0.9560546875 0.025390625 0.94921875 0.0234375 0.9111328125 0.02490234375 0.8955078125 0.02392578125 0.7275390625 0.025390625 0.7099609375 0.13720703125 0.701171875
0 0.552734375 0.666015625 0.5546875 0.6826171875 0.5537109375 0.85546875 0.48779296875 0.873046875 0.484375 0.8662109375 0.486328125 0.828125 0.48486328125 0.673828125 0.4873046875 0.669921875 0.494140625 0.6689453125 0.55224609375 0.666015625
0 0.70458984375 0.033203125 0.79541015625 0.123046875 0.80126953125 0.1318359375 0.802734375 0.1455078125 0.802734375 0.171875 0.80029296875 0.1806640625 0.7109375 0.2041015625 0.701171875 0.203125 0.7001953125 0.189453125 0.69921875 0.0380859375 0.701171875 0.0322265625 0.7041015625 0.033203125
0 0.37890625 0.6826171875 0.37841796875 0.8935546875 0.34765625 0.904296875 0.30517578125 0.9111328125 0.298828125 0.91015625 0.29736328125 0.8955078125 0.2978515625 0.689453125 0.2998046875 0.6865234375 0.34814453125 0.681640625 0.37841796875 0.6826171875
0 0 0.13671875 0.0166015625 0.138671875 0.02099609375 0.1435546875 0.01708984375 0.3876953125 0.013671875 0.400390625 0 0.400390625 0 0.1376953125
0 0 0.7119140625 0.013671875 0.712890625 0.013671875 0.8330078125 0.01123046875 0.91796875 0.01318359375 0.9619140625 0.00537109375 0.9697265625 0 0.96875 0 0.95703125 0.0029296875 0.953125 0 0.9453125 0.0048828125 0.9384765625 0.0048828125 0.9345703125 0.00830078125 0.9384765625 0.01171875 0.9345703125 0.01025390625 0.92578125 0.005859375 0.9248046875 0.00341796875 0.9150390625 0 0.912109375 0 0.712890625
0 0.03515625 0 0.0791015625 0 0.08154296875 0.0029296875 0.0869140625 0 0.15087890625 0 0.15234375 0.00390625 0.1494140625 0.140625 0.14697265625 0.1455078125 0.1435546875 0.1455078125 0.03173828125 0.123046875 0.02978515625 0.11328125 0.03076171875 0.0146484375 0.03125 0.0048828125 0.03515625 0.0009765625
0 0.71435546875 0.666015625 0.7724609375 0.6708984375 0.7998046875 0.6748046875 0.80419921875 0.6787109375 0.80419921875 0.7998046875 0.8017578125 0.802734375 0.80419921875 0.81640625 0.8037109375 0.837890625 0.80029296875 0.841796875 0.7802734375 0.8466796875 0.76123046875 0.8603515625 0.73876953125 0.87109375 0.70751953125 0.865234375 0.7041015625 0.8623046875 0.70263671875 0.85546875 0.703125 0.66796875 0.7138671875 0.666015625
0 0.17822265625 0 0.26611328125 0 0.26708984375 0.0048828125 0.26708984375 0.10546875 0.26513671875 0.1533203125 0.263671875 0.166015625 0.25439453125 0.1669921875 0.18017578125 0.15234375 0.1748046875 0.1474609375 0.17626953125 0.029296875 0.17822265625 0.0009765625
0 0.30810546875 0.1923828125 0.375 0.2060546875 0.38037109375 0.2099609375 0.38134765625 0.3369140625 0.3798828125 0.421875 0.37744140625 0.42578125 0.30322265625 0.421875 0.30029296875 0.41796875 0.29931640625 0.3583984375 0.30126953125 0.2021484375 0.30322265625 0.193359375 0.3076171875 0.1923828125
0 0.474609375 0.8974609375 0.478515625 0.9033203125 0.47705078125 0.9384765625 0.45458984375 0.943359375 0.43408203125 0.9599609375 0.40625 0.9677734375 0.39794921875 0.96484375 0.3974609375 0.923828125 0.39990234375 0.91796875 0.47412109375 0.8974609375
0 0.33349609375 0.44140625 0.37548828125 0.443359375 0.3798828125 0.4482421875 0.37841796875 0.66015625 0.37646484375 0.6630859375 0.3046875 0.66796875 0.29931640625 0.66796875 0.2978515625 0.6611328125 0.2978515625 0.5986328125 0.30029296875 0.57421875 0.29931640625 0.5537109375 0.30078125 0.5498046875 0.29833984375 0.5341796875 0.29931640625 0.4453125 0.3017578125 0.4404296875 0.3330078125 0.44140625
0 0.947265625 0.396484375 0.94970703125 0.416015625 0.9501953125 0.6533203125 0.94970703125 0.66015625 0.94580078125 0.6640625 0.85400390625 0.6591796875 0.8408203125 0.6552734375 0.83935546875 0.607421875 0.83984375 0.51953125 0.83837890625 0.5068359375 0.83984375 0.4794921875 0.83837890625 0.462890625 0.84033203125 0.408203125 0.8427734375 0.4052734375 0.9423828125 0.39453125 0.94677734375 0.396484375
0 0.49951171875 0.44921875 0.55029296875 0.453125 0.5546875 0.4560546875 0.5546875 0.6396484375 0.55322265625 0.6484375 0.54931640625 0.6494140625 0.48779296875 0.654296875 0.4853515625 0.6513671875 0.484375 0.638671875 0.48486328125 0.5810546875 0.48291015625 0.5693359375 0.4833984375 0.5537109375 0.4853515625 0.5478515625 0.4853515625 0.4541015625 0.4873046875 0.4501953125 0.4990234375 0.44921875
0 0.837890625 0.1708984375 0.85205078125 0.1806640625 0.92919921875 0.2568359375 0.931640625 0.2705078125 0.94775390625 0.3046875 0.94970703125 0.326171875 0.94970703125 0.3642578125 0.94873046875 0.3759765625 0.94677734375 0.37890625 0.85107421875 0.3896484375 0.8388671875 0.3876953125 0.83642578125 0.2119140625 0.837890625 0.171875
0 0.50244140625 0 0.5556640625 0 0.55712890625 0.0029296875 0.55517578125 0.0244140625 0.55029296875 0.025390625 0.49560546875 0.0048828125 0.50244140625 0.0009765625
0 0.41015625 0.212890625 0.4697265625 0.224609375 0.47900390625 0.23046875 0.478515625 0.4267578125 0.47412109375 0.4306640625 0.40625 0.4267578125 0.3994140625 0.4228515625 0.39794921875 0.3837890625 0.3994140625 0.2197265625 0.40087890625 0.2138671875 0.40966796875 0.212890625
0 0.06396484375 0.1474609375 0.1396484375 0.1611328125 0.1484375 0.16796875 0.14501953125 0.3681640625 0.14404296875 0.404296875 0.14208984375 0.408203125 0.03662109375 0.4013671875 0.02978515625 0.400390625 0.02783203125 0.396484375 0.02880859375 0.3779296875 0.0263671875 0.3486328125 0.03076171875 0.1494140625 0.03271484375 0.1435546875 0.0634765625 0.1474609375