0 0.31375 0.125 0.37625 0.125 0.39125 0.1275 0.39375 0.16875 0.39375 0.23125 0.34125 0.2325 0.31375 0.23 0.31125 0.1675 0.3125 0.12625
0 0.2225 0.4075 0.30125 0.4075 0.305 0.415 0.30375 0.56375 0.2275 0.565 0.2225 0.5625 0.22125 0.55625 0.2225 0.40875
0 0.77875 0.12625 0.78125 0.135 0.785 0.22375 0.785 0.23625 0.7825 0.23875 0.7025 0.2375 0.7 0.235 0.6975 0.19625 0.69625 0.12875 0.69875 0.12625 0.7775 0.12625
0 0.6225 0.4075 0.6925 0.41 0.69625 0.44875 0.7 0.5625 0.6925 0.56625 0.625 0.56625 0.61625 0.56375 0.61125 0.51 0.61 0.41125 0.6125 0.40875 0.62125 0.40875
0 0.87375 0.30125 0.87875 0.30375 0.88 0.30875 0.88375 0.36 0.8875 0.38 0.8875 0.39375 0.88375 0.39625 0.805 0.39625 0.8025 0.395 0.8 0.3875 0.79375 0.30375 0.79625 0.30125 0.8725 0.30125
0 0.20625 0.70875 0.21 0.7175 0.21 0.81 0.2075 0.87 0.20625 0.8725 0.17875 0.87375 0.11875 0.87125 0.12125 0.84125 0.12 0.81375 0.1225 0.71875 0.12375 0.71375 0.12875 0.71 0.205 0.70875
0 0.6225 0.125 0.68625 0.1275 0.69 0.20375 0.68875 0.2375 0.60875 0.23625 0.605 0.23375 0.60125 0.12875 0.6025 0.12625 0.62125 0.12625
0 0.53625 0.125 0.59125 0.1275 0.59375 0.15 0.59625 0.23375 0.5925 0.23625 0.4975 0.235 0.495 0.2325 0.49 0.14 0.49125 0.12875 0.49375 0.12625 0.535 0.125
0 0.115 0.12625 0.1175 0.2225 0.11375 0.22625 0.0325 0.22375 0.03 0.22 0.03125 0.1275 0.06 0.125 0.11375 0.12625
0 0.455 0.7075 0.4925 0.70875 0.49625 0.8 0.49625 0.87 0.49375 0.8725 0.41375 0.87125 0.41125 0.715 0.415 0.7075 0.45375 0.7075
0 0.7175 0.57 0.78875 0.57125 0.7975 0.57375 0.805 0.685 0.805 0.69875 0.8025 0.7025 0.71875 0.7 0.71125 0.5875 0.71125 0.57375 0.71625 0.57
0 0.20875 0.57125 0.21125 0.5775 0.21125 0.66125 0.21 0.70125 0.20625 0.70375 0.12625 0.70375 0.12375 0.7 0.12375 0.6875 0.12625 0.5725 0.2075 0.57125
0 0.669375 0.79 0.09625 0.1675
0 0.97 0.30125 0.9725 0.3025 0.975 0.31 0.97875 0.35 0.98125 0.35625 0.985 0.38875 0.985 0.39375 0.98125 0.39625 0.9 0.39625 0.89625 0.39 0.88875 0.3025 0.96875 0.30125
0 0 0.71125 0.005 0.71 0.0125 0.7125 0.00875 0.8325 0.005 0.85625 0 0.85625 0 0.7125
0 0.9775 0.7075 0.99375 0.7075 0.99875 0.71 0.99875 0.87375 0.93125 0.8725 0.9275 0.8675 0.91625 0.70875 0.97625 0.7075
0 0 0.125 0.02125 0.12625 0.02125 0.2225 0.01875 0.225 0 0.2225 0 0.12625
0 0.02875 0.56375 0.03 0.42125 0.03125 0.405 0.035 0.4025 0.11125 0.4025 0.11625 0.405 0.115 0.56 0.1125 0.565 0.1 0.56625 0.05375 0.56625 0.03 0.56375
0 0.78375 0.41 0.7875 0.41375 0.79 0.435 0.795 0.51875 0.79625 0.56375 0.7925 0.56625 0.71375 0.565 0.71125 0.56 0.71 0.54375 0.705 0.4125 0.70875 0.41 0.7825 0.41
0 0.264375 0.6375 0.08625 0.1325
0 0.1525 0.405 0.2075 0.40625 0.21125 0.41125 0.21125 0.5575 0.20875 0.565 0.19375 0.56625 0.12875 0.565 0.12625 0.56125 0.1275 0.4075 0.13 0.405 0.15125 0.405
0 0.01125 0.56875 0.0175 0.57375 0.01375 0.7025 0.01125 0.7075 0.00375 0.70875 0 0.70875 0 0.57 0.01 0.56875
0 0.86 0.70625 0.90125 0.70625 0.905 0.70875 0.915 0.8275 0.91375 0.835 0.91625 0.87125 0.88 0.87375 0.83 0.8725 0.8275 0.87 0.82625 0.8625 0.8175 0.70875 0.82 0.70625 0.85875 0.70625
0 0.9825 0.125 0.99875 0.125 0.99875 0.23875 0.98625 0.23875 0.9825 0.235 0.98375 0.22375 0.9775 0.1325 0.9775 0.12875 0.98125 0.125
0 0.345 0.405 0.395 0.4075 0.3975 0.4675 0.39625 0.47875 0.39875 0.505 0.39875 0.55875 0.39625 0.565 0.32 0.565 0.31625 0.56125 0.315 0.4075 0.34375 0.405
0 0.4025 0.29625 0.40625 0.2875 0.48125 0.28875 0.48375 0.305 0.485 0.40125 0.4075 0.40125 0.405 0.39375 0.40375 0.2975
0 0.25625 0.7075 0.305 0.70875 0.30625 0.8375 0.30375 0.8725 0.22125 0.8725 0.21875 0.86875 0.22125 0.71 0.22875 0.7075 0.255 0.7075
0 0.31375 0.2875 0.39125 0.2875 0.39375 0.29125 0.395 0.34 0.39375 0.40125 0.31625 0.4 0.31375 0.3975 0.3125 0.3625 0.31375 0.28875
0 0.3 0.2925 0.3025 0.295 0.30375 0.305 0.305 0.3725 0.305 0.39 0.30125 0.39375 0.22625 0.3925 0.2225 0.39 0.22125 0.375 0.2225 0.2925 0.29875 0.2925
0 0.0575 0.71 0.11 0.71 0.1125 0.71375 0.1075 0.87 0.10625 0.8725 0.0675 0.87375 0.01875 0.8725 0.0175 0.87 0.0175 0.82625 0.02 0.8125 0.02375 0.71375 0.0275 0.71125 0.05625 0.71
0 0.505 0.7075 0.60125 0.70625 0.6075 0.70875 0.61 0.72 0.615 0.83375 0.615 0.87 0.6125 0.8725 0.545 0.87375 0.50875 0.87125 0.505 0.7875 0.505 0.70875
0 0.505 0.7 0.50125 0.635 0.5025 0.57 0.60125 0.57125 0.605 0.57625 0.60625 0.595 0.605 0.6125 0.60875 0.69875 0.605 0.70125 0.50625 0.7
0 0.81125 0.125 0.86875 0.125 0.87375 0.1275 0.88 0.2275 0.88 0.235 0.8775 0.23875 0.79625 0.2375 0.79375 0.23 0.7925 0.20875 0.79 0.1275 0.81 0.125
0 0.94375 0.5725 0.99 0.57375 0.9925 0.5775 0.99625 0.635 0.99875 0.63875 0.99875 0.70125 0.9175 0.70125 0.915 0.6975 0.90875 0.61125 0.90625 0.6025 0.90625 0.57375 0.9425 0.5725
0 0 0.39625 0.00125 0.2775 0.02 0.2775 0.0225 0.28125 0.02125 0.3925 0.015 0.3975 0.00125 0.39625
0 0.14375 0.2875 0.21 0.29 0.21125 0.39 0.20875 0.3925 0.12875 0.39125 0.1275 0.29125 0.12875 0.28875 0.1425 0.2875
0 0.72 0.7075 0.805 0.7075 0.80875 0.73625 0.80875 0.76125 0.81625 0.84875 0.81625 0.86875 0.81375 0.8725 0.73 0.8725 0.72625 0.86875 0.725 0.805 0.72125 0.775 0.7225 0.76625 0.71875 0.71875 0.72 0.70875
0 0.89375 0.57375 0.8975 0.59125 0.9 0.6525 0.905 0.695 0.90125 0.7 0.8175 0.69875 0.81125 0.63375 0.80875 0.59125 0.81 0.5725 0.8925 0.57375
0 0.1325 0.125 0.20875 0.12625 0.21125 0.16375 0.21125 0.22625 0.20875 0.22875 0.14625 0.2275 0.12875 0.22625 0.12625 0.22375 0.125 0.14 0.12625 0.12625 0.13125 0.125
0 0.63875 0.57 0.6925 0.57 0.70125 0.57375 0.7075 0.695 0.70625 0.70125 0.62125 0.7 0.6175 0.67 0.615 0.57125 0.6375 0.57
0 0.425 0.125 0.4775 0.12625 0.48125 0.12875 0.48375 0.1825 0.4825 0.23375 0.41625 0.23375 0.40375 0.23125 0.40125 0.12875 0.40375 0.12625 0.42375 0.12625
0 0.54125 0.4075 0.595 0.40875 0.59875 0.415 0.60375 0.56 0.6 0.565 0.57 0.56625 0.50625 0.565 0.50125 0.5625 0.5 0.55625 0.49625 0.4125 0.50375 0.4075 0.54 0.4075
0 0.3175 0.57125 0.36125 0.56875 0.39625 0.57 0.39875 0.58 0.4 0.65375 0.4 0.6975 0.3975 0.7025 0.32 0.7025 0.31625 0.69625 0.3175 0.5725
0 0.22375 0.125 0.28375 0.125 0.29875 0.12625 0.30125 0.12875 0.3025 0.22875 0.3 0.23125 0.24375 0.23 0.22375 0.22875 0.22125 0.22625 0.22 0.1275 0.2225 0.12625
0 0.1125 0.57 0.115 0.58 0.11375 0.675 0.1125 0.7025 0.10875 0.70625 0.02625 0.70625 0.025 0.65125 0.0275 0.57875 0.03 0.57125 0.11125 0.57
0 0 0.4 0.0175 0.4 0.02 0.4025 0.02 0.51125 0.0175 0.56375 0.015 0.56625 0.00375 0.56625 0 0.565 0 0.5175 0.0025 0.51625 0.0025 0.51125 0 0.50875 0 0.40125
0 0.615 0.29 0.685 0.29125 0.68875 0.29375 0.6925 0.3825 0.69125 0.40375 0.61125 0.40375 0.60875 0.40125 0.60375 0.2925 0.61375 0.29
0 0.92 0.4125 0.9775 0.4125 0.98 0.41625 0.99125 0.5575 0.99125 0.56375 0.9875 0.5675 0.91875 0.5675 0.9075 0.56625 0.905 0.56375 0.9 0.51875 0.9 0.48375 0.8975 0.47125 0.895 0.4175 0.8975 0.41375 0.9025 0.4125 0.91875 0.4125
0 0.7025 0.29125 0.78 0.2925 0.7825 0.295 0.7875 0.3625 0.7875 0.4025 0.7825 0.405 0.705 0.40375 0.70125 0.375 0.7 0.32625 0.6975 0.3075 0.6975 0.295 0.70125 0.2925
0 0.48375 0.4075 0.48625 0.42 0.48875 0.505 0.48875 0.5625 0.48625 0.565 0.41 0.56375 0.4075 0.545 0.40625 0.49875 0.40625 0.4075 0.4825 0.4075
0 0.99875 0.2925 0.99875 0.405 0.99375 0.40625 0.98875 0.405 0.98125 0.31875 0.98125 0.295 0.9975 0.2925
0 0.96625 0.12625 0.97 0.135 0.97125 0.19 0.975 0.23125 0.97375 0.23875 0.905 0.23875 0.89125 0.2375 0.88875 0.235 0.88375 0.14 0.885 0.1275 0.945 0.125 0.965 0.12625
0 0.55 0.28875 0.5875 0.29 0.59375 0.2925 0.5975 0.38125 0.5975 0.40125 0.595 0.40375 0.49875 0.4025 0.49625 0.4 0.4925 0.29375 0.4975 0.28875 0.54875 0.28875
0 0.07875 0.28 0.11375 0.28125 0.1175 0.28375 0.1175 0.39375 0.11625 0.3975 0.1125 0.39875 0.06625 0.39875 0.03125 0.39625 0.03125 0.2825 0.03375 0.28 0.0775 0.28
0 0.835 0.4125 0.88 0.4125 0.88375 0.415 0.89375 0.56375 0.89125 0.56625 0.88 0.5675 0.82875 0.5675 0.81 0.56625 0.80875 0.56375 0.80375 0.5175 0.79875 0.415 0.8125 0.4125 0.83375 0.4125
0 0.39875 0.70875 0.40125 0.735 0.40125 0.8725 0.31875 0.8725 0.31625 0.86875 0.3175 0.71 0.32 0.7075 0.3975 0.70875
0 0.48625 0.57 0.49 0.57625 0.49125 0.59375 0.4925 0.7 0.4675 0.7025 0.4125 0.70125 0.41 0.6975 0.40875 0.57375 0.41125 0.57 0.4175 0.56875 0.485 0.57