0 0.5062467006862572 0.2017428043306047 0.5071265176843217 0.23791919725376287 0.5087101882808376 0.24108793240031687 0.563962695759282 0.2838658568787959 0.5674819637515397 0.28518616318986006 0.568537744149217 0.28412991814100874 0.5694175611472814 0.2783205703723264 0.5688896709484427 0.24399260628465805 0.5680098539503783 0.2342223395827832 0.5644905859581207 0.22999735938737786 0.5439028682034137 0.21336149986796937 0.5122294562730952 0.18880380248217588 0.5085342248812247 0.18695537364668602 0.5069505542847088 0.1890678637443887
0 0.474221361956713 0.16477422762080804 0.47386943515748725 0.2001584367573277 0.4754531057540032 0.21309743860575653 0.49621678690832305 0.23158172696065488 0.5014956888967095 0.23554264589384738 0.5029033960936126 0.23501452336942172 0.5044870666901284 0.23158172696065488 0.5046630300897413 0.21679429627673621 0.503607249692064 0.18721943490889886 0.5025514692943868 0.18220227092685504 0.48090797114200245 0.16345392130974387 0.47721273975013195 0.16160549247425401
0 0.5704733415449587 0.24399260628465805 0.5710012317437972 0.2838658568787959 0.5731127925391518 0.29099551095854237 0.6223825444307584 0.32928439397940323 0.6301249340137252 0.33430155796144706 0.6315326412106282 0.33324531291259574 0.6320605314094668 0.32875627145497754 0.630476860812951 0.28597834697649854 0.6274854830195319 0.2793768154211777 0.5745204997360549 0.23791919725376287 0.5711771951434101 0.23765513599155003
0 0.633292275206757 0.2862424082387114 0.6331163118071441 0.2999735938737787 0.6345240190040472 0.3316609453393187 0.6368115431990146 0.3385265381568524 0.6471933837761745 0.34856086612094006 0.6647897237374626 0.3620279904937946 0.6894245996832659 0.37998415632426724 0.6931198310751364 0.3807763401109057 0.6938236846735879 0.3733826247689464 0.6924159774766848 0.3313968840771059 0.6823860636987507 0.3210984948508054 0.6686609185289459 0.31053604436229204 0.640682737990498 0.28941114338526536
0 0.6947035016716523 0.3403749669923422 0.6959352454689425 0.3802482175864801 0.698046806264297 0.3852653815685239 0.72021819461552 0.40401373118563505 0.7480204117543551 0.4248745709004489 0.7515396797466127 0.4264589384737259 0.754003167341193 0.42513863216266173 0.7538272039415802 0.4132558753630842 0.7515396797466127 0.3868497491418009 0.7501319725497096 0.37655135991550037 0.748196375153968 0.37311856350673356 0.6991025866619743 0.3353578030102984 0.6957592820693296 0.33482968048587275
0 0.7541791307408059 0.3813044626353314 0.7538272039415802 0.3860575653551624 0.7561147281365476 0.41827303934512805 0.7582262889319021 0.4320042249801954 0.7747668484955129 0.4459994718774756 0.8113672356149921 0.4737259044098231 0.8127749428118951 0.4702931080010562 0.8125989794122822 0.4634275151835226 0.808551821221186 0.42196989701610776 0.8030969558331867 0.4151043041985741 0.7863804328699631 0.40163717982571956 0.7585782157311279 0.38156852389754425 0.7550589477388703 0.3797200950620544
0 0.8140066866091853 0.4272511222603644 0.8138307232095724 0.43939794032215473 0.8157663206053141 0.4692368629522049 0.8184057715995073 0.4771587008185899 0.8228048565898293 0.48217586480063374 0.8338905507654408 0.49115394771587007 0.8662678162942108 0.5162397676260893 0.8699630476860813 0.5175600739371534 0.8710188280837585 0.5146554000528123 0.8666197430934366 0.4668603115922894 0.8597571705085342 0.4594665962503301 0.824740453985571 0.43226828624240826 0.8177019180010557 0.42777924478479007 0.8141826500087982 0.4264589384737259
0 0.870314974485307 0.4737259044098231 0.8726024986802745 0.5088460522841299 0.8752419496744677 0.5225772379191973 0.9216962871722681 0.5582255083179297 0.9250395917649129 0.5606020596778453 0.9266232623614288 0.5598098758912068 0.9273271159598804 0.5576973857935041 0.9267992257610417 0.5500396091893319 0.921872250571881 0.508581991021917 0.9148337145873658 0.5017163982043834 0.8778814006686609 0.4737259044098231 0.8736582790779518 0.4721415368365461
0 0.9269751891606546 0.5154475838394508 0.9267992257610417 0.5304990757855823 0.9283828963575577 0.5503036704515447 0.930670420552525 0.564298917348825 0.932254091149041 0.5666754687087404 0.9774766848495513 0.6010034327964088 0.9808199894421961 0.6031159228941114 0.9818757698398733 0.6023237391074729 0.9825796234383248 0.5988909426987061 0.9762449410522611 0.5534724055980987 0.9753651240541967 0.5513599155003961 0.9677986978708428 0.5431740163717983 0.9319021643498152 0.5157116451016636 0.9287348231567834 0.5141272775283866
0 0.9799401724441317 0.5566411407446528 0.9801161358437445 0.564298917348825 0.985219074432518 0.605492474254027 0.9878585254267113 0.6091893319250066 0.9980644026042583 0.6173752310536045 0.9998240366003871 0.6173752310536045 0.9998240366003871 0.5679957750198046 0.9845152208340665 0.5566411407446528 0.9809959528418088 0.5555848956958014
0 0.9866267816294211 0.6136783733826248 0.9864508182298082 0.6173752310536045 0.9899700862220658 0.6477422762080802 0.9957768784092909 0.6907842619487721 0.9978884392046454 0.6979139160285186 0.9998240366003871 0.6984420385529443 0.9998240366003871 0.6186955373646686 0.9876825620270984 0.6113018220227092
0 0.9319021643498152 0.5693160813308688 0.9317262009502023 0.5780301029838922 0.9336617983459441 0.5988909426987061 0.9401724441316206 0.6617375231053605 0.9414041879289108 0.6651703195141273 0.944043638923104 0.6683390546606813 0.9813478796410346 0.6960654871930287 0.991201830019356 0.702138896223924 0.9936653176139363 0.7002904673884341 0.994193207812775 0.6992342223395828 0.9927855006158719 0.6820702402957486 0.9855710012317438 0.6194877211513071 0.9834594404363892 0.6089252706627938 0.9815238430406475 0.6062846580406654 0.9359493225409115 0.5703723263797201
0 0.8761217666725322 0.5273303406390283 0.8757698398733064 0.537100607340903 0.8833362660566603 0.6197517824135199 0.8879113144465951 0.6266173752310537 0.9246876649656871 0.6551359915500397 0.9354214323420729 0.6606812780565091 0.936653176139363 0.6598890942698706 0.9378849199366531 0.6580406654343808 0.9373570297378145 0.6495907050435701 0.9303184937532993 0.5785582255083179 0.9282069329579448 0.5666754687087404 0.9224001407707197 0.5603379984156325 0.8801689248636284 0.5281225244256668 0.8766496568713708 0.5262740955901769
0 0.8180538448002815 0.4864008449960391 0.8199894421960232 0.5260100343279641 0.8240366003871195 0.5727488777396356 0.8250923807847967 0.5780301029838922 0.8314270631708605 0.5843675732770003 0.8699630476860813 0.6136783733826248 0.8766496568713708 0.6173752310536045 0.8801689248636284 0.6179033535780301 0.8812247052613057 0.6163189860047531 0.880696815062467 0.6083971481383681 0.8738342424775647 0.537100607340903 0.871898645081823 0.5238975442302615 0.8676755234911139 0.5183522577237919 0.8210452225937005 0.48296804858727227
0 0.7587541791307408 0.43860575653551626 0.7610417033257083 0.4879852125693161 0.7647369347175788 0.5328756271454977 0.7684321661094492 0.537100607340903 0.8141826500087982 0.5722207552152099 0.8177019180010557 0.5743332453129126 0.8210452225937005 0.5743332453129126 0.8215731127925392 0.5703723263797201 0.8194615519971846 0.5394771587008186 0.8150624670068626 0.4840242936361236 0.8136547598099595 0.4776868233430156 0.7622734471229984 0.43807763401109057
0 0.6992785500615872 0.3929231581726961 0.698046806264297 0.3984684446791656 0.6998064402604258 0.4391338790599419 0.7027978180538448 0.4776868233430156 0.7043814886503608 0.48772115130710325 0.7203941580151328 0.5017163982043834 0.7585782157311279 0.5291787694745181 0.7598099595284181 0.5283865856878796 0.7606897765264825 0.5262740955901769 0.7608657399260954 0.5191444415104304 0.7561147281365476 0.4357010826511751 0.7524194967446771 0.4304198574069184 0.7242653528066162 0.4082387113810404 0.7031497448530706 0.3931872194349089 0.6996304768608129 0.39213097438605754
0 0.6364596163997889 0.3443358859255347 0.6366355797994018 0.3704779508846052 0.639099067393982 0.4391338790599419 0.640682737990498 0.44203855294428307 0.6637339433397853 0.45999471877475573 0.6925919408762977 0.47979931344071824 0.6994545134612 0.4811196197517824 0.6996304768608129 0.46712437285450226 0.6941756114728137 0.38737787166622656 0.6855534048917825 0.3789279112754159 0.640682737990498 0.34459994718774756 0.6371634699982404 0.34301557961447054
0 0.5722329755410874 0.29944547134935307 0.5734647193383776 0.36282017428043306 0.5745204997360549 0.3836810139952469 0.5761041703325708 0.3916028518616319 0.577335914129861 0.3939794032215474 0.5815590357205701 0.39767626089252706 0.6086573992609537 0.4185371006073409 0.6336442020059827 0.4357010826511751 0.6371634699982404 0.4359651439133879 0.6338201654055956 0.3443358859255347 0.6327643850079183 0.3387905994190652 0.630476860812951 0.3361499867969369 0.5780397677283126 0.2970689199894376 0.5745204997360549 0.29733298125165036
0 0.5074784444835474 0.25059413783997886 0.5073024810839345 0.3385265381568524 0.5104698222769664 0.3432796408766834 0.5398557100123175 0.3662529706891999 0.5674819637515397 0.3847372590440982 0.5688896709484427 0.38394507525745974 0.5702973781453458 0.3797200950620544 0.5710012317437972 0.36519672564034855 0.5695935245468943 0.2928439397940322 0.5687137075488299 0.2902033271719039 0.543374978004575 0.2690784261948772 0.5120534928734823 0.24584103512014788 0.5085342248812247 0.2445207288090837
0 0.4752771423543903 0.23395827832057037 0.47474925215555164 0.2622128333773435 0.47633292275206757 0.3174016371798257 0.4981523843040648 0.33482968048587275 0.5041351398909026 0.3340374966992342 0.5051909202885799 0.3321890678637444 0.5058947738870315 0.31845788222867705 0.5055428470878057 0.2445207288090837 0.5011437620974837 0.23712701346712436 0.48073200774238956 0.22049115394771587 0.47756466654935775 0.22128333773435438 0.47650888615168047 0.2231317665698442
0 0.47650888615168047 0.34803274359651437 0.47721273975013195 0.4811196197517824 0.48073200774238956 0.48772115130710325 0.5043111032905155 0.5043570108265117 0.5074784444835474 0.5043570108265117 0.5085342248812247 0.5025085819910219 0.5085342248812247 0.49722735674676527 0.5062467006862572 0.34750462107208874 0.5050149568889671 0.3419593345656192 0.48073200774238956 0.3242672299973594 0.47721273975013195 0.32796408766833907
0 0.5088861516804505 0.3654607869025614 0.5099419320781278 0.4726696593609718 0.5104698222769664 0.4961711116979139 0.5118775294738694 0.508581991021917 0.5152208340665142 0.5128069712173224 0.5745204997360549 0.5550567731713758 0.5762801337321837 0.5503036704515447 0.5769839873306353 0.5260100343279641 0.5731127925391518 0.4042777924478479 0.5717050853422488 0.3939794032215474 0.5690656343480556 0.38975442302614205 0.5155727608657399 0.3512014787430684 0.5097659686785149 0.35489833641404805
0 0.5757522435333451 0.41087932400316873 0.5780397677283126 0.4982836017956166 0.5801513285236671 0.553208344335886 0.5810311455217315 0.5569052020068656 0.5833186697166989 0.560866120940058 0.5880696815062467 0.5650911011354635 0.6213267640330811 0.5893847372590441 0.6405067745908851 0.6031159228941114 0.6440260425831427 0.6028518616318986 0.6443779693823685 0.5951940850277264 0.6382192503959176 0.4459994718774756 0.6373394333978533 0.44283073673092155 0.609713179658631 0.4206495907050436 0.5782157311279253 0.3979403221547399 0.5764560971317966 0.3987325059413784
0 0.6405067745908851 0.4510166358595194 0.6440260425831427 0.5503036704515447 0.6470174203765616 0.6057565355162398 0.6501847615695935 0.609981515711645 0.6683089917297202 0.6231845788222867 0.7063170860461024 0.6485344599947188 0.7073728664437797 0.6480063374702931 0.7091325004399085 0.6440454185371006 0.7082526834418441 0.6076049643517296 0.7015660742565546 0.49115394771587007 0.6987506598627485 0.4874570900448904 0.6844976244941052 0.4766305782941642 0.6484251275734647 0.4510166358595194 0.6440260425831427 0.4494322682862424
0 0.7049093788491994 0.4966992342223396 0.7049093788491994 0.5228412991814101 0.711420024634876 0.6334829680485873 0.7126517684321662 0.6437813572748877 0.7151152560267464 0.654607869025614 0.7168748900228752 0.6575125429099551 0.7327115959880345 0.6691312384473198 0.7689600563082879 0.6939529970953261 0.7724793243005454 0.6950092421441775 0.773183177898997 0.6926326907842619 0.7730072144993841 0.6831264853446 0.7710716171036425 0.6495907050435701 0.7633292275206757 0.5394771587008186 0.7624494105226113 0.5365724848164775 0.7594580327291923 0.532611565883285 0.7101882808375858 0.4961711116979139 0.7064930494457153 0.49405862160021125
0 0.8266760513813127 0.5891206759968313 0.8268520147809255 0.6052284129918141 0.8287876121766673 0.6303142329020333 0.8389934893542144 0.7425402693424874 0.8400492697518916 0.7446527594401902 0.8470878057364069 0.751254290995511 0.8838641562554989 0.7779244784790071 0.8917825092380784 0.7829416424610509 0.8949498504311103 0.7829416424610509 0.8961815942284005 0.7763401109057301 0.8951258138307232 0.7589120675996831 0.8847439732535632 0.6472141536836546 0.8817525954601443 0.626089252706628 0.8792891078655639 0.6226564562978611 0.8280837585782157 0.584895695801426
0 0.8859757170508534 0.6334829680485873 0.8854478268520147 0.6408766833905466 0.8879113144465951 0.6686031159228941 0.8951258138307232 0.7454449432268286 0.9000527890198838 0.7863744388698178 0.9026922400140771 0.7908634803274359 0.9255674819637515 0.808291523633483 0.9392926271335562 0.8175336678109322 0.9517860285060707 0.8246633218906786 0.9540735527010382 0.8246633218906786 0.9551293330987155 0.8212305254819118 0.9544254795002639 0.8069712173224188 0.9403484075312335 0.6715077898072352 0.9357733591412986 0.6643781357274888 0.8933661798345944 0.6337470293108001 0.8882632412458209 0.6321626617375231
0 0.944043638923104 0.678373382624769 0.9456273095196199 0.7066279376815421 0.9590005278901989 0.8280961182994455 0.9600563082878761 0.8312648534459994 0.9809959528418088 0.8473725904409823 0.9975365124054196 0.8571428571428571 0.9998240366003871 0.85740691840507 0.9998240366003871 0.7348824927383153 0.9963047686081296 0.7134935304990758 0.991201830019356 0.7058357538949036 0.9494985043111033 0.6754687087404277 0.9459792363188457 0.6744124636915765 0.9449234559211684 0.675204647478215
0 0.9605841984867147 0.8394507525745973 0.9600563082878761 0.8423554264589385 0.9729016364596164 0.9564298917348825 0.9769487946507126 0.9828360179561658 0.9785324652472286 0.9878531819382097 0.9808199894421961 0.9912859783469765 0.9940172444131621 0.9997359387377872 0.9998240366003871 0.9997359387377872 0.9998240366003871 0.862160021124901 0.9635755762801337 0.8370742012146818
0 0.9019883864156255 0.8001056245048851 0.9023403132148513 0.8146289939265909 0.910082702797818 0.8980723527858463 0.9146577511877529 0.9390018484288355 0.9164173851838817 0.9458674412463691 0.9563610768960056 0.9738579350409295 0.9704381488650361 0.9791391602851862 0.9714939292627134 0.9751782413519937 0.9709660390638747 0.9598626881436493 0.9572408938940701 0.8344335885925535 0.9546014428998768 0.8310007921837866 0.945451346120007 0.824135199366253 0.9044518740102059 0.7953525217850541
0 0.8414569769487946 0.7501980459466596 0.8405771599507302 0.7515183522577238 0.8405771599507302 0.7583839450752574 0.8428646841456977 0.7937681542117772 0.8511349639275031 0.88909426987061 0.8528945979236319 0.898600475310272 0.8555340489178251 0.9038817005545287 0.8660918528945979 0.9123316609453394 0.9077951786028506 0.9405862160021125 0.9097307759985923 0.9400580934776869 0.911666373394334 0.9358331132822815 0.9111384831954953 0.9247425402693424 0.8993489354214323 0.8011618695537365 0.8975893014253036 0.7913916028518616 0.8937181066338201 0.7863744388698178
0 0.7786380432869963 0.7076841827303935 0.7781101530881577 0.7108529178769475 0.7789899700862221 0.7317137575917613 0.7846207988738343 0.8141008714021652 0.7884919936653176 0.8558225508317929 0.7916593348583495 0.8603115922894111 0.8152384304064755 0.8774755743332453 0.8416329403484075 0.8946395563770795 0.8460320253387296 0.8959598626881436 0.8476156959352454 0.893847372590441 0.8481435861340841 0.8912067599683127 0.8477916593348583 0.8729865328756271 0.839521379553053 0.7723791919725377 0.8361780749604082 0.7478214945867441 0.8344184409642794 0.7446527594401902 0.8076720042231216 0.7248481647742276 0.7830371282773183 0.7082123052548192 0.7796938236846735 0.7066279376815421
0 0.7661446419144818 0.5423818325851597 0.7705437269048038 0.6194877211513071 0.7759985922928031 0.6891998943754951 0.7779341896885448 0.6994982836017957 0.7818053844800281 0.7034592025349882 0.8145345768080239 0.7272247161341431 0.8245644905859582 0.732241880116187 0.8316030265704734 0.7325059413783997 0.8323068801689248 0.7309215738051228 0.8324828435685377 0.7240559809875892 0.8323068801689248 0.6905202006865593 0.8249164173851838 0.6052284129918141 0.8215731127925392 0.581462899392659 0.8191096251979588 0.5780301029838922 0.8106633820165405 0.5709004489041457 0.7691360197079008 0.54053340374967
0 0.7154671828259722 0.6683390546606813 0.7147633292275207 0.6831264853446 0.715819109625198 0.7045154475838394 0.7226816822101003 0.8109321362556113 0.7249692064050678 0.8146289939265909 0.7332394861868732 0.820966464219699 0.7793418968854479 0.852653815685239 0.7832130916769312 0.8531819382096646 0.7847967622734471 0.8479007129654079 0.7839169452753827 0.8273039345128069 0.7759985922928031 0.7063638764193293 0.7749428118951258 0.7031951412727753 0.7708956537040296 0.6984420385529443 0.7381664613760338 0.675204647478215 0.7267288404011966 0.6683390546606813 0.7205701214147457 0.6651703195141273 0.717226816822101 0.6654343807763401
0 0.6514165053668837 0.6200158436757328 0.649480907971142 0.626089252706628 0.6498328347703678 0.654607869025614 0.6540559563610769 0.7554792711909163 0.6551117367587542 0.7655135991550039 0.656871370754883 0.7684182730393452 0.6785148689072673 0.7839978875099023 0.7170508534224881 0.8088196461579087 0.7191624142178427 0.8038024821758648 0.7189864508182298 0.7855822550831792 0.7121238782333275 0.6683390546606813 0.7103642442371987 0.657776604172168 0.708428646841457 0.6540797465011883 0.6697166989266232 0.6268814364932664 0.6545838465599155 0.618167414840243
0 0.5819109625197959 0.5695801425930815 0.5836705965159247 0.6791655664114075 0.5850783037128278 0.7134935304990758 0.586134084110505 0.7169263269078426 0.5937005102938588 0.724320042249802 0.6354038360021116 0.752838658568788 0.6508886151680451 0.7594401901241088 0.6517684321661095 0.7554792711909163 0.6515924687664966 0.7435965143913388 0.6456097131796587 0.6120940058093478 0.6405067745908851 0.6057565355162398 0.60232271687489 0.5777660417216794 0.5850783037128278 0.5672035912331661 0.5826148161182474 0.5677317137575918
0 0.5117015660742565 0.5421177713229469 0.5117015660742565 0.6070768418273039 0.5132852366707725 0.665698442038553 0.5173323948618688 0.6715077898072352 0.5245468942459969 0.6770530763137048 0.5653704029561851 0.7045154475838394 0.5780397677283126 0.7111169791391603 0.5815590357205701 0.7108529178769475 0.5824388527186345 0.7045154475838394 0.581734999120183 0.6715077898072352 0.578743621326764 0.5672035912331661 0.5775118775294739 0.560866120940058 0.5734647193383776 0.5569052020068656 0.5439028682034137 0.5357803010298389 0.5155727608657399 0.5172960126749406 0.5127573464719338 0.5223131766569844
0 0.47985219074432517 0.4966992342223396 0.47738870314974485 0.5431740163717983 0.4787964103466479 0.6432532347504621 0.48724265352806617 0.6519672564034856 0.4981523843040648 0.6598890942698706 0.5088861516804505 0.6654343807763401 0.5102938588773535 0.6622656456297861 0.5113496392750307 0.6559281753366781 0.5090621150800634 0.5125429099551095 0.5018476156959353 0.5054132558753631 0.48090797114200245 0.49115394771587007
0 0.4803800809431638 0.6630578294164247 0.4787964103466479 0.6960654871930287 0.4805560443427767 0.8315289147082123 0.48178778814006684 0.838394507525746 0.4838993489354214 0.8418273039345128 0.4946331163118071 0.8502772643253235 0.5120534928734823 0.8608397148138368 0.5132852366707725 0.8587272247161342 0.5141650536688369 0.8523897544230261 0.5143410170684498 0.8317929759704251 0.512405419672708 0.675204647478215 0.5102938588773535 0.6712437285450225 0.5073024810839345 0.6683390546606813 0.4877705437269048 0.6543438077634011 0.4826676051381313 0.6543438077634011 0.48090797114200245 0.657776604172168
0 0.513989090269224 0.6889358331132823 0.5138131268696111 0.7206231845788222 0.5161006510645786 0.8489569580142593 0.5183881752595461 0.8624240823871138 0.521379553052965 0.8671771851069449 0.5298257962343832 0.87325059413784 0.5780397677283126 0.9046738843411671 0.5856061939116664 0.9073144969632955 0.5873658279077951 0.9046738843411671 0.5884216083054724 0.898600475310272 0.5831427063170861 0.7235278584631635 0.5815590357205701 0.7200950620543967 0.5676579271511526 0.7095326115658833 0.5190920288579975 0.6773171375759176 0.5155727608657399 0.6770530763137048 0.5141650536688369 0.6815421177713229
0 0.5870139011085694 0.7290731449696329 0.5864860109097307 0.7520464747821495 0.5910610592996657 0.908106680749934 0.5972197782861165 0.916028518616319 0.6197430934365652 0.9324003168735147 0.6579271511525603 0.9561658304726697 0.6593348583494633 0.9529970953261157 0.6595108217490762 0.9456033799841563 0.6577511877529474 0.8832849221019277 0.6522963223649481 0.7692104568259837 0.6273095196199191 0.7507261684710853 0.5919408762977301 0.7269606548719303 0.5884216083054724 0.7266965936097175
0 0.6563434805560443 0.7795088460522841 0.6572232975541088 0.8222867705307632 0.661270455745205 0.9155003960918933 0.6640858701390111 0.9566939529970954 0.6679570649304944 0.9632954845524162 0.7045574520499736 0.9883813044626353 0.7196903044166814 0.9957750198045947 0.7284884743973253 0.996831264853446 0.7298961815942284 0.9947187747557433 0.7291923279957768 0.9685767097966729 0.7203941580151328 0.8180617903353578 0.7179306704205525 0.8143649326643781 0.7082526834418441 0.8064430947979931 0.6616223825444307 0.7758119883813045 0.6579271511525603 0.7760760496435173
0 0.7235614992081647 0.8196461579086348 0.7228576456097132 0.8214945867441247 0.7306000351926799 0.9564298917348825 0.7330635227872603 0.9947187747557433 0.734823156783389 0.9997359387377872 0.7937708956537041 0.9997359387377872 0.7953545662502199 0.9941906522313176 0.7921872250571881 0.9424346448376023 0.7870842864684146 0.8666490625825192 0.78497272567306 0.8592553472405599 0.727432693999648 0.8201742804330605
0 0.7900756642618335 0.8692896752046475 0.7920112616575752 0.9136519672564035 0.7990497976420905 0.9997359387377872 0.8572936829139539 0.9997359387377872 0.8579975365124054 0.9947187747557433 0.8558859757170508 0.9643517296012675 0.8507830371282773 0.9075785582255084 0.8499032201302129 0.9046738843411671 0.8479676227344712 0.9022973329812517 0.8240366003871195 0.8851333509374175 0.7976420904451874 0.8679693688935833 0.7930670420552525 0.8658568787958807
0 0.8544782685201479 0.9099551095854238 0.8534224881224706 0.911275415896488 0.8599331339081471 0.9949828360179561 0.8611648777054373 0.9997359387377872 0.9171212387823333 0.9997359387377872 0.9180010557803977 0.992078162133615 0.9157135315854302 0.969897016107737 0.9137779341896886 0.95246897280169 0.9132500439908499 0.9495642989173488 0.9114904099947211 0.9466596250330077 0.8639802920992433 0.9131238447319778 0.8560619391166637 0.9088988645365725
0 0.9169452753827204 0.9543174016371798 0.9178250923807848 0.9709532611565883 0.9211683969734296 0.9997359387377872 0.9739574168572936 0.9997359387377872 0.974837233855358 0.9949828360179561 0.9744853070561323 0.992078162133615 0.9718458560619391 0.9875891206759968 0.921872250571881 0.9527330340639029 0.9183529825796234 0.9519408502772643
0 0.5171564314622559 0.8761552680221811 0.5178602850607074 0.9817797729073146 0.5189160654583846 0.9997359387377872 0.5896533521027626 0.9997359387377872 0.5908850959000528 0.9947187747557433 0.5896533521027626 0.9379456033799841 0.5889494985043111 0.9181410087140216 0.587541791307408 0.9152363348296805 0.5831427063170861 0.9110113546342752 0.522787260249868 0.8716662265645629 0.5189160654583846 0.8698177977290732 0.5173323948618688 0.8727224716134143
0 0.5915889494985043 0.9197253762872987 0.5929966566954074 0.9947187747557433 0.5938764736934717 0.9997359387377872 0.6625021995424951 0.9997359387377872 0.6617983459440436 0.9735938737787166 0.6602146753475278 0.963559545814629 0.6577511877529474 0.9601267494058622 0.6030265704733415 0.9244784790071296 0.5919408762977301 0.9181410087140216
0 0.48073200774238956 0.858991285978347 0.48108393454161535 0.9704251386321626 0.4823156783389055 0.9947187747557433 0.4861868731303889 0.9997359387377872 0.5159246876649657 0.9997359387377872 0.5166285412634172 0.9957750198045947 0.5164525778638043 0.9490361763929231 0.5145169804680626 0.8695537364668603 0.5101178954777407 0.8637443886981779 0.48724265352806617 0.8484288354898336 0.4838993489354214 0.8479007129654079 0.4823156783389055 0.8489569580142593
0 0.4515220834066514 0.8803802482175864 0.450642266408587 0.8840771058885661 0.4518740102058772 0.9949828360179561 0.4527538272039416 0.9997359387377872 0.4780925567481964 0.9997359387377872 0.47985219074432517 0.995246897280169 0.48002815414393807 0.9875891206759968 0.47862044694703504 0.868497491418009 0.47756466654935775 0.8473725904409823 0.4743973253563259 0.8484288354898336 0.4708780573640683 0.8523897544230261
0 0.4017244413162062 0.958806443094798 0.40102058771775473 0.9947187747557433 0.40225233151504486 0.9997359387377872 0.4490585958120711 0.9997359387377872 0.45029033960936127 0.995246897280169 0.450642266408587 0.9812516503828889 0.4504663030089741 0.882756799577502 0.44853070561323244 0.882756799577502 0.44272391342600736 0.8896223923950356 0.40418792891078653 0.9437549511486665 0.402076368115432 0.9493002376551359
0 0.022347351750835825 0.8869817797729073 0 0.9228941114338527 0 0.9659360971745445 0.0015836705965159247 0.9659360971745445 0.006510645785676579 0.9595986268814365 0.02357909554812599 0.9321362556113019 0.02657047334154496 0.9252706627937681 0.029737814534576808 0.8925270662793768 0.02956185113496393 0.8782677581198838
0 0.03026570473341545 0.8983364140480592 0.02956185113496393 0.9155003960918933 0.03008974133380257 0.9165566411407446 0.03290515572760866 0.9168207024029574 0.04733415449586486 0.895431740163718 0.05754003167341193 0.8766833905466068 0.06158718986450818 0.8497491418008978 0.06264297026218546 0.8312648534459994 0.0614112264648953 0.8280961182994455 0.0605314094668309 0.8275679957750198 0.05718810487418617 0.8312648534459994 0.03994369171212388 0.8592553472405599 0.03308111912722154 0.8721943490889886
0 0.0640506774590885 0.8243992606284658 0.06176315326412106 0.862160021124901 0.062115080063346824 0.8658568787958807 0.0640506774590885 0.8679693688935833 0.08252683441844097 0.8391866913123844 0.09255674819637516 0.8214945867441247 0.09361252859405243 0.8151571164510166 0.09590005278901989 0.7808291523633483 0.09537216259018125 0.7739635595458146 0.09185289459792363 0.7747557433324531 0.067745908850959 0.8141008714021652
0 0.09765968678514869 0.7689463955637708 0.0966039063874714 0.8074993398468445 0.0974837233855358 0.8109321362556113 0.09906739398205174 0.8122524425666755 0.12757346471933836 0.7652495378927912 0.13038887911314448 0.7377871666226564 0.13021291571353158 0.7171903881700554 0.12669364772127398 0.719566939529971 0.12299841632940349 0.7248481647742276 0.09994721098011614 0.7626089252706628
0 0.13232447650888615 0.7132294692368629 0.13038887911314448 0.752838658568788 0.13126869611120887 0.7567995775019805 0.1337321837057892 0.7573277000264061 0.15115256026746438 0.7303934512806971 0.1627661446419145 0.7092685503036704 0.16487770543726904 0.6833905466068128 0.16487770543726904 0.6604172167942963 0.15783916945275384 0.6683390546606813 0.147281365475981 0.6852389754423026 0.1365475980995953 0.7029310800105625
0 0.16663733943339784 0.6754687087404277 0.16646137603378497 0.6926326907842619 0.16822101002991377 0.6997623448640085 0.1859933133908147 0.6736202799049379 0.1995424951610065 0.6506469500924215 0.2014780925567482 0.6437813572748877 0.2025338729544255 0.6173752310536045 0.2023579095548126 0.6078690256139424 0.20112616575752243 0.6025878003696857 0.1995424951610065 0.6020596778452602 0.19619919056836177 0.6062846580406654 0.16927679042759106 0.6511750726168472 0.1680450466303009 0.6575125429099551
0 0.20464543374978006 0.6078690256139424 0.20446947035016716 0.6406126221283338 0.20640506774590886 0.641932928439398 0.23825444307584023 0.5883284922101928 0.24036600387119478 0.5576973857935041 0.24071793067042055 0.5429099551095854 0.24001407707196903 0.5397412199630314 0.2377265528770016 0.5386849749141801 0.20922048213971495 0.5851597570636388 0.20552525074784445 0.5951940850277264
0 0.24282949146577512 0.5381568523897544 0.24177371106809784 0.5751254290995511 0.24230160126693648 0.5777660417216794 0.24458912546190392 0.5793504092949564 0.25690656343480556 0.5606020596778453 0.2773183177898997 0.5262740955901769 0.27942987858525425 0.4898336414048059 0.27837409818757697 0.4784790071296541 0.27608657399260955 0.4779508846052284 0.27256730600035195 0.48296804858727227 0.24793243005454865 0.5231053604436229 0.24441316206229105 0.5297068919989437
0 0.2817174027802217 0.49062582519144443 0.2815414393806088 0.5125429099551095 0.28294914657751186 0.5167678901505149 0.30494457152912197 0.48376023237391075 0.3183177898997009 0.45999471877475573 0.3193735702973781 0.42830736730921576 0.31866971669892663 0.4153683654607869 0.31761393630124934 0.4132558753630842 0.3142706317086046 0.41589648798521256 0.3037128277318318 0.4320042249801954 0.2894597923631885 0.45524161605492475 0.2834770367763505 0.4668603115922894 0.28224529297906037 0.4737259044098231
0 0.3214851310927327 0.42117771322946923 0.3207812774942812 0.44969632954845523 0.3216610944923456 0.4510166358595194 0.32465247228576455 0.4510166358595194 0.3538623966215027 0.40454185371006074 0.3596691888087278 0.39371534195933455 0.36072496920640507 0.3886981779772907 0.36072496920640507 0.3717982571956694 0.36054900580679217 0.3591233166094534 0.35931726200950204 0.3559545814628994 0.3522787260249868 0.3551623976762609 0.349111384831955 0.35780301029838923 0.33802569065634347 0.37549511486664905 0.32394861868731306 0.4008449960390811 0.32236494809079713 0.4074465275944019
0 0.36266056660214674 0.35885925534724056 0.3624846032025339 0.3704779508846052 0.3633644202005983 0.37945603379984155 0.36617983459440434 0.38341695273303406 0.37708956537040295 0.3678373382624769 0.40330811191272214 0.3255875363084236 0.4047158191096252 0.28360179561658305 0.40453985571001233 0.2777924478479007 0.4036600387119479 0.27515183522577236 0.40102058771775473 0.2746237127013467 0.36617983459440434 0.33034063902825456 0.3638923103994369 0.3377343543702139
0 0.4062994897061411 0.2696065487193029 0.40612352630652826 0.3071032479535252 0.40788316030265703 0.3174016371798257 0.43762097483723383 0.27013467124372853 0.4472989618159423 0.25270662793768156 0.44853070561323244 0.24821758648006337 0.4480028154143938 0.2057037232637972 0.4472989618159423 0.20227092685503037 0.4460672180186521 0.20147874306839186 0.41791307408059125 0.24636915764457354 0.40788316030265703 0.26379720095062054
0 0.45011437620974837 0.19593345656192238 0.4508182298081999 0.23818325851597572 0.4515220834066514 0.24240823871138104 0.4531057540031673 0.24478479007129655 0.4645433749780046 0.22762080802746237 0.47263769136019707 0.21336149986796937 0.47298961815942286 0.1993662529706892 0.4719338377617456 0.16556641140744652 0.4708780573640683 0.16266173752310537 0.46665493577335915 0.16741484024293637
0 0.45011437620974837 0.2553472405598099 0.45117015660742565 0.3361499867969369 0.4518740102058772 0.34512806971217325 0.4531057540031673 0.34697649854766305 0.47298961815942286 0.31766569844203857 0.474221361956713 0.29337206231845786 0.4722857645609713 0.2302614206495907 0.4715819109625198 0.22365988909426987 0.4705261305648425 0.22181146025878004 0.4543374978004575 0.2445207288090837 0.45222593700510294 0.24821758648006337
0 0.40594756290691536 0.34539213097438604 0.4066514165053669 0.41484024293636124 0.40788316030265703 0.4177449168207024 0.4434277670244589 0.36229205175600737 0.44782685201478095 0.3527858463163454 0.4490585958120711 0.30736730921573807 0.44853070561323244 0.2793768154211777 0.4458912546190392 0.2651175072616847 0.4421960232271687 0.26458938473725907 0.4156255498856238 0.3068391866913124 0.40788316030265703 0.3210984948508054 0.4066514165053669 0.3245312912595722
0 0.4052437093084638 0.4415104304198574 0.40348407531233504 0.5650911011354635 0.4048917825092381 0.5804066543438078 0.40788316030265703 0.5833113282281489 0.43058243885271863 0.5513599155003961 0.44677107161710367 0.5249537892791127 0.4495864860109097 0.5188803802482176 0.449234559211684 0.38975442302614205 0.44870666901284534 0.37655135991550037 0.4469470350167165 0.3644045418537101 0.4460672180186521 0.3638764193292844 0.4425479500263945 0.36810139952468973 0.4098187576983987 0.4185371006073409 0.40594756290691536 0.42857142857142855
0 0.4508182298081999 0.35833113282281487 0.450642266408587 0.4531291259572221 0.45134612000703855 0.49722735674676527 0.4531057540031673 0.512014787430684 0.45662502199542493 0.5130710324795352 0.47281365475980996 0.48772115130710325 0.474221361956713 0.48323210984948506 0.4751011789547774 0.4539213097438606 0.4751011789547774 0.3905466068127806 0.47386943515748725 0.34856086612094006 0.47281365475980996 0.33509374174808554 0.4705261305648425 0.32690784261948774 0.4634875945803273 0.33482968048587275 0.4543374978004575 0.34908898864536575
0 0.36178074960408235 0.4145761816741484 0.3614288228048566 0.4776868233430156 0.36178074960408235 0.48428835489833644 0.3631884568009854 0.48613678373382624 0.36617983459440434 0.4845524161605492 0.37726552877001585 0.4676524953789279 0.40260425831427066 0.42513863216266173 0.4038360021115608 0.39133879059941906 0.40436389231039943 0.3385265381568524 0.4031321485131093 0.3345656192236599 0.40102058771775473 0.33271719038817005 0.3994369171212388 0.3345656192236599 0.38060883336266055 0.36282017428043306 0.36424423719866267 0.3905466068127806 0.362308639802921 0.3963559545814629
0 0.32025338729544256 0.47689463955637706 0.3193735702973781 0.5194085027726433 0.31990146049621676 0.5407974650118827 0.32113320429350695 0.5473989965672036 0.32465247228576455 0.5471349353049908 0.34752771423543904 0.5138632162661737 0.3586134084110505 0.4943226828624241 0.3601970790075664 0.4430947979931344 0.3603730424071793 0.4177449168207024 0.3600211156079535 0.40401373118563505 0.35931726200950204 0.4024293636123581 0.3559739574168573 0.40506997623448643 0.3459440436389231 0.41827303934512805 0.32377265528770016 0.4555056773171376 0.3207812774942812 0.4634275151835226
0 0.3587893718106634 0.5907050435701082 0.35826148161182475 0.6334829680485873 0.3596691888087278 0.6474782149458674 0.3610768960056308 0.6506469500924215 0.36283653000175964 0.6514391338790599 0.39169452753827205 0.6094533931872195 0.39978884392046454 0.5962503300765778 0.40154847791659337 0.5917612886189596 0.4031321485131093 0.5133350937417481 0.4031321485131093 0.4708212305254819 0.4029561851134964 0.44203855294428307 0.40102058771775473 0.43649326643781355 0.39785324652472287 0.43807763401109057 0.38782333274678865 0.45286506469500926 0.36178074960408235 0.49564298917348826 0.3601970790075664 0.5117507261684711
0 0.35702973781453456 0.6915764457354107 0.35474221361956715 0.7898072352785847 0.35491817701918 0.8053868497491418 0.35579799401724443 0.8127805650911011 0.35931726200950204 0.8117243200422498 0.3887031497448531 0.7694745180881964 0.39961288052085164 0.7517824135199366 0.40154847791659337 0.6897280168999208 0.4019004047158191 0.6086612094005809 0.40102058771775473 0.6039081066807499 0.39750131972549707 0.6036440454185371 0.37163469998240367 0.6414048059149723 0.3598451522083407 0.6617375231053605 0.35808551821221185 0.6675468708740427
0 0.4031321485131093 0.6559281753366781 0.4027802217138835 0.7182466332189068 0.40348407531233504 0.7351465540005281 0.40453985571001233 0.740163717982572 0.40788316030265703 0.7396355954581463 0.4180890374802041 0.727488777396356 0.44641914481787787 0.6855030367045154 0.4495864860109097 0.6767890150514919 0.45029033960936127 0.6620015843675733 0.4497624494105226 0.5497755479271191 0.4488826324124582 0.5360443622920518 0.4471229984163294 0.5312912595722208 0.4460672180186521 0.5310271983100079 0.4425479500263945 0.5355162397676261 0.4281189512581383 0.55637707948244 0.4062994897061411 0.5917612886189596 0.4040119655111737 0.6004753102719831
0 0.45134612000703855 0.5249537892791127 0.45134612000703855 0.6509110113546343 0.4516980468062643 0.6715077898072352 0.4531057540031673 0.6762608925270662 0.4722857645609713 0.6506469500924215 0.4752771423543903 0.6445735410615263 0.4759809959528418 0.6406126221283338 0.475629069153616 0.5426458938473726 0.47474925215555164 0.5043570108265117 0.47386943515748725 0.49907578558225507 0.47035016716522965 0.49458674412463693 0.45574520499736054 0.5159757063638765
0 0.450642266408587 0.6870874042777925 0.4518740102058772 0.8595194085027726 0.4531057540031673 0.8687615526802218 0.4564490585958121 0.8690256139424346 0.47369347175787435 0.8452601003432796 0.47738870314974485 0.8381304462635332 0.4780925567481964 0.8349617111169791 0.47756466654935775 0.6749405862160021 0.4758050325532289 0.6551359915500397 0.47369347175787435 0.6543438077634011 0.47035016716522965 0.6561922365988909 0.4562730951961992 0.6754687087404277 0.4529297906035545 0.6807499339846844
0 0.4019004047158191 0.7681542117771323 0.40102058771775473 0.9115394771587009 0.402076368115432 0.9292315817269606 0.40453985571001233 0.9355690520200687 0.4147457328875594 0.9250066015315553 0.44272391342600736 0.8853974121996303 0.44765088861516805 0.876419329284394 0.4488826324124582 0.8629522049115395 0.44993841281013547 0.8183258515975707 0.4497624494105226 0.695801425930816 0.4490585958120711 0.6936889358331133 0.4460672180186521 0.6921045682598362 0.4423719866267816 0.695801425930816 0.41052261129685025 0.7417480855558489 0.4027802217138835 0.7552152099287035
0 0.3538623966215027 0.8312648534459994 0.3513989090269224 0.9947187747557433 0.3542143234207285 0.9997359387377872 0.35720570121414746 0.9997359387377872 0.36283653000175964 0.9955109585423818 0.3742741509765969 0.9815157116451017 0.39609361252859404 0.9495642989173488 0.39873306352278726 0.9426987060998152 0.4003167341193032 0.8325851597570636 0.4001407707196903 0.7858463163453921 0.39961288052085164 0.7634011090573013 0.39890902692240016 0.7610245576973858 0.3971493929262713 0.7604964351729602 0.35826148161182475 0.8164774227620808 0.35474221361956715 0.8246633218906786
0 0.307759985922928 0.9215738051227885 0.30582438852718635 0.9944547134935305 0.3070561323244765 0.9997359387377872 0.3478796410346648 0.9997359387377872 0.34981523843040646 0.9949828360179561 0.35087101882808375 0.973065751254291 0.3528066162238254 0.8278320570372326 0.3513989090269224 0.8280961182994455 0.3459440436389231 0.8344335885925535 0.31761393630124934 0.8750990229733299 0.31039943691712124 0.8869817797729073 0.3086398029209924 0.8935833113282281
0 0.26429702621854656 0.9564298917348825 0.2628893190216435 0.9944547134935305 0.26394509941932076 0.9997359387377872 0.3026570473341545 0.9997359387377872 0.3042407179306704 0.9949828360179561 0.3052964983283477 0.9720095062054397 0.3061763153264121 0.8975442302614206 0.3037128277318318 0.8956958014259309 0.27239134260073905 0.9403221547398997 0.26535280661622385 0.9519408502772643
0 0.3112792539151856 0.7853181938209665 0.3098715467182826 0.8592553472405599 0.31057540031673414 0.878003696857671 0.3142706317086046 0.8766833905466068 0.32130916769311985 0.866913123844732 0.3492873482315678 0.82571956693953 0.3524546894245997 0.8196461579086348 0.35579799401724443 0.6997623448640085 0.3559739574168573 0.675204647478215 0.3552701038184058 0.6728280961182994 0.3522787260249868 0.6717718510694481 0.34471229984163293 0.6820702402957486 0.3153264121062819 0.7272247161341431 0.31286292451170156 0.7338262476894639
0 0.3160302657047334 0.6231845788222867 0.3144465951082175 0.706891998943755 0.3146225585078304 0.7137575917612886 0.31761393630124934 0.7185106944811196 0.33221889846911845 0.6992342223395828 0.35474221361956715 0.6646421969897016 0.35720570121414746 0.657776604172168 0.3587893718106634 0.5357803010298389 0.3577335914129861 0.5083179297597042 0.3561499208164702 0.5046210720887245 0.3304592644729896 0.5423818325851597 0.3193735702973781 0.560866120940058 0.3179658631004751 0.5706363876419329
0 0.2776702445891255 0.584895695801426 0.2774942811895126 0.609981515711645 0.27942987858525425 0.618167414840243 0.30846383952137957 0.5743332453129126 0.31567833890550767 0.561130182202271 0.31638219250395916 0.5579614470557169 0.3183177898997009 0.48666490625825193 0.31743797290163644 0.4697649854766306 0.31391870490937884 0.47002904673884344 0.2898117191624142 0.5088460522841299 0.2808375857821573 0.5252178505413256 0.27978180538448005 0.532347504621072
0 0.2720394158015133 0.7475574333245313 0.27115959880344886 0.7808291523633483 0.27256730600035195 0.7863744388698178 0.29157135315854305 0.7597042513863216 0.30811191272215377 0.7338262476894639 0.3098715467182826 0.73065751254291 0.3116311807144114 0.7240559809875892 0.31497448530705613 0.5980987589120677 0.31409466830899174 0.5796144705571693 0.3111032905155728 0.5756535516239768 0.3037128277318318 0.5851597570636388 0.27855006158718987 0.6250330076577766 0.2776702445891255 0.6276736202799049 0.2743269399964807 0.6812780565091101
0 0.26992785500615873 0.7995775019804595 0.2657047334154496 0.9244784790071296 0.2657047334154496 0.9355690520200687 0.26887207460848145 0.9395299709532612 0.27239134260073905 0.9368893583311328 0.29033960936125286 0.9120675996831265 0.30494457152912197 0.8904145761816742 0.30652824212563784 0.8838130446263534 0.3086398029209924 0.838394507525746 0.310751363716347 0.759176128861896 0.310751363716347 0.751254290995511 0.3096955833186697 0.7446527594401902 0.3075840225233151 0.7412199630314233 0.3037128277318318 0.7443886981779773 0.2755586837937709 0.7863744388698178 0.27151152560267466 0.7935040929495643
0 0.2231215907091325 0.9801954053340375 0.2231215907091325 0.9957750198045947 0.22382544430758403 0.9973593873778717 0.2275206756994545 0.9997359387377872 0.23420728488474396 0.9931344071824664 0.24951610065106458 0.971481383681014 0.26042583142706316 0.9529970953261157 0.262185465423192 0.9479799313440719 0.263593172620095 0.9310800105624505 0.26781629421080416 0.822550831792976 0.267992257610417 0.8069712173224188 0.2657047334154496 0.8014259308159493 0.24458912546190392 0.832057037232638 0.23631884568009853 0.8452601003432796 0.22910434629597043 0.8592553472405599
0 0.18634524019004048 0.95246897280169 0.18405771599507303 0.9941906522313176 0.18493753299313742 0.9997359387377872 0.21925039591764914 0.9997359387377872 0.2211859933133908 0.9886453657248482 0.2248812247052613 0.9186691312384473 0.22628893190216434 0.876419329284394 0.22611296850255147 0.8692896752046475 0.22435333450642267 0.8645365724848165 0.21977828611648778 0.868497491418009 0.19109625197958824 0.9141800897808291 0.1888087277846208 0.9218378663850013
0 0.14956888967094845 0.9780829152363348 0.1481611824740454 0.9997359387377872 0.1817701918001056 0.9997359387377872 0.18317789899700862 0.9947187747557433 0.18564138659158894 0.9529970953261157 0.18652120358965335 0.9273831528914708 0.18564138659158894 0.922365988909427 0.1787788140066866 0.930287826775812 0.163469998240366 0.9532611565883284 0.15308815766320605 0.969897016107737
0 0.05155727608657399 0.9941906522313176 0.05138131268696111 0.9997359387377872 0.07971142002463488 0.9997359387377872 0.08358261481611824 0.9577501980459466 0.08499032201302129 0.93662529706892 0.08446243181418266 0.9308159493002377 0.08164701742037656 0.930287826775812 0.055956361076896007 0.9712173224188012 0.05314094668308992 0.9788750990229733
0 0.08569417561147281 0.9424346448376023 0.08199894421960233 0.9941906522313176 0.08252683441844097 0.9997359387377872 0.11156079535456626 0.9997359387377872 0.11314446595108217 0.9947187747557433 0.11983107513637163 0.8883020860839714 0.11965511173675876 0.8793240031687352 0.11631180714411403 0.8769474518088196 0.08956537040295619 0.9186691312384473 0.0867499560091501 0.9281753366781094
0 0.11578391694527539 0.9664642196989701 0.11437620974837234 0.9941906522313176 0.11508006334682386 0.9997359387377872 0.131092732711596 0.9997359387377872 0.1390110856941756 0.9881172432004225 0.14763329227520675 0.9717454449432268 0.14868907267288403 0.9669923422233958 0.15643146225585078 0.8352257723791919 0.1562554988562379 0.8233430155796144 0.1544958648601091 0.817797729073145 0.1381312686961112 0.8418273039345128 0.12423016012669365 0.8661209400580935 0.12247052613056485 0.8740427779244785
0 0.15203237726552876 0.9265909691048323 0.15132852366707725 0.9387377871666227 0.1518564138659159 0.9572220755215209 0.15308815766320605 0.9622392395035648 0.1543199014604962 0.9638236070768418 0.18265000879816998 0.9215738051227885 0.1859933133908147 0.9162925798785319 0.18757698398733064 0.9115394771587009 0.19373570297378145 0.7898072352785847 0.19391166637339433 0.7752838658568788 0.1925039591764913 0.7597042513863216 0.16188632764385008 0.8064430947979931 0.15871898645081822 0.8141008714021652
0 0.19109625197958824 0.8727224716134143 0.1905683617807496 0.8877739635595459 0.19197606897765265 0.9007129654079746 0.1960232271687489 0.9009770266701875 0.20130212915713533 0.8949036176392923 0.21115607953545662 0.8801161869553736 0.22787260249868027 0.8523897544230261 0.2329755410874538 0.7248481647742276 0.23279957768784093 0.7031951412727753 0.23086398029209923 0.7002904673884341 0.20552525074784445 0.7383152891470821 0.19848671476332921 0.7507261684710853 0.19743093436565196 0.7544230261420649
0 0.23033609009326061 0.8172696065487193 0.23016012669364772 0.838394507525746 0.23086398029209923 0.8457882228677053 0.23420728488474396 0.8444679165566411 0.23790251627661446 0.8402429363612358 0.2667605138131269 0.797200950620544 0.2681682210100299 0.7935040929495643 0.2702797818053845 0.759176128861896 0.27344712299841634 0.6683390546606813 0.27362308639802924 0.6435172960126749 0.27344712299841634 0.637179825719567 0.27256730600035195 0.6350673356218642 0.2634172092204821 0.6477422762080802 0.24054196727080768 0.6836546078690257 0.23631884568009853 0.6928967520464748
0 0.2720394158015133 0.7472933720623185 0.27133556220306176 0.781357274887774 0.27256730600035195 0.7858463163453921 0.27573464719338375 0.7826775811988381 0.29157135315854305 0.7597042513863216 0.3079359493225409 0.7340903089516768 0.3098715467182826 0.73065751254291 0.31180714411402427 0.7237919197253763 0.31497448530705613 0.6136783733826248 0.3144465951082175 0.5811988381304463 0.31374274150976594 0.5777660417216794 0.31180714411402427 0.5756535516239768 0.310751363716347 0.5751254290995511 0.3035368643322189 0.5854238183258516 0.2789019883864156 0.6245048851333509 0.2776702445891255 0.6279376815421178 0.2743269399964807 0.6812780565091101
0 0.1995424951610065 0.7018748349617111 0.19848671476332921 0.7351465540005281 0.1986626781629421 0.7380512278848693 0.19989442196023227 0.740163717982572 0.20288579975365123 0.738579350409295 0.20992433573816646 0.7290731449696329 0.2331515044870667 0.6918405069976235 0.23455921168396973 0.6855030367045154 0.2359669188808728 0.665698442038553 0.2377265528770016 0.6155268022181146 0.23719866267816295 0.6049643517296013 0.23561499208164702 0.5986268814364932 0.23420728488474396 0.5978346976498548 0.22030617631532642 0.6194877211513071 0.20886855534048918 0.6382360707684183 0.20306176315326413 0.6501188275679958
0 0.2384304064754531 0.6366517031951413 0.2377265528770016 0.6738843411671508 0.23860636987506598 0.6762608925270662 0.2412458208692592 0.6775811988381304 0.25567481963751537 0.657776604172168 0.2741509765968679 0.6271454977554792 0.2773183177898997 0.5582255083179297 0.27714235439028684 0.5407974650118827 0.27591061059299665 0.5360443622920518 0.2637691360197079 0.5500396091893319 0.24247756466654935 0.5851597570636388 0.23983811367235616 0.5954581462899393
0 0.16135843744501144 0.7752838658568788 0.16100651064578567 0.797200950620544 0.16135843744501144 0.7987853181938209 0.16487770543726904 0.7982571956693953 0.19479148337145874 0.751254290995511 0.19707900756642618 0.724320042249802 0.1995424951610065 0.6688671771851069 0.1995424951610065 0.66728280961183 0.19655111736758754 0.6627937681542118 0.19215203237726552 0.6654343807763401 0.16681330283301074 0.7066279376815421 0.16575752243533345 0.7129654079746501
0 0.12510997712475805 0.8278320570372326 0.12475805032553229 0.8497491418008978 0.1256378673235967 0.8552944283073673 0.12669364772127398 0.8571428571428571 0.15291219426359318 0.8175336678109322 0.1580151328523667 0.8074993398468445 0.16188632764385008 0.7425402693424874 0.16223825444307585 0.7203591233166095 0.16135843744501144 0.7177185106944811 0.1580151328523667 0.7200950620543967 0.15115256026746438 0.7309215738051228 0.13267640330811192 0.7604964351729602 0.1293330987154672 0.768682334301558
0 0.09044518740102059 0.8727224716134143 0.08903748020411754 0.9052020068655928 0.08974133380256906 0.9125957222075521 0.09185289459792363 0.9131238447319778 0.11032905155727608 0.8840771058885661 0.12018300193559739 0.866913123844732 0.12159070913250045 0.8629522049115395 0.1265176843216611 0.7826775811988381 0.12528594052437092 0.7771322946923687 0.1228224529297906 0.7768682334301558 0.0974837233855358 0.8167414840242936 0.09537216259018125 0.8243992606284658
0 0.05578039767728313 0.9392659096910483 0.05560443427767024 0.9585423818325851 0.05718810487418617 0.9654079746501188 0.07267288404011965 0.9426987060998152 0.08534224881224706 0.9213097438605756 0.0867499560091501 0.9115394771587009 0.09273271159598803 0.8328492210192765 0.09185289459792363 0.8278320570372326 0.08833362660566602 0.830472669659361 0.0622910434629597 0.8737787166622657 0.06070737286644378 0.8801161869553736
0 0.022699278550061586 0.9907578558225508 0.022523315150448708 0.9997359387377872 0.03624846032025339 0.9997359387377872 0.03994369171212388 0.9947187747557433 0.05155727608657399 0.9738579350409295 0.05736406827379905 0.9046738843411671 0.05771599507302481 0.8925270662793768 0.056132324476508885 0.8883020860839714 0.053668836881928556 0.8877739635595459 0.05014956888967095 0.8927911275415896 0.038360021115607955 0.9104832321098495 0.028330107337673764 0.9292315817269606