0 0.14666666666666667 0.9995 0.148 0.967 0.14966666666666667 0.962 0.199 0.9495 0.20133333333333334 0.954 0.20133333333333334 0.966 0.19866666666666666 0.9995 0.147 0.9995
0 0.76 0.6625 0.804 0.679 0.807 0.735 0.8043333333333333 0.7415 0.7783333333333333 0.7345 0.7556666666666667 0.7235 0.7533333333333333 0.714 0.7526666666666667 0.667 0.7546666666666667 0.6615 0.7596666666666667 0.6625
0 0.5853333333333334 0.5865 0.6196666666666667 0.602 0.6353333333333333 0.612 0.6353333333333333 0.6715 0.6336666666666667 0.6745 0.597 0.662 0.5826666666666667 0.654 0.581 0.64 0.5813333333333334 0.608 0.5823333333333334 0.592 0.585 0.5865
0 0.7623333333333333 0.7345 0.7846666666666666 0.741 0.8033333333333333 0.7485 0.8073333333333333 0.7525 0.815 0.9075 0.8146666666666667 0.9185 0.8106666666666666 0.9205 0.7693333333333333 0.909 0.76 0.9045 0.7586666666666667 0.901 0.7573333333333333 0.8465 0.7586666666666667 0.823 0.7556666666666667 0.78 0.7553333333333333 0.7405 0.757 0.7345 0.762 0.7345
0 0.5326666666666666 0.5595 0.5773333333333334 0.5835 0.5783333333333334 0.63 0.5773333333333334 0.6435 0.575 0.6465 0.5523333333333333 0.6405 0.524 0.623 0.5226666666666666 0.5985 0.5246666666666666 0.5605 0.5256666666666666 0.558 0.5323333333333333 0.5595
0 0.5266666666666666 0.9105 0.577 0.9325 0.5776666666666667 0.9995 0.517 0.9995 0.5166666666666667 0.955 0.519 0.9145 0.5206666666666667 0.9105 0.5263333333333333 0.9105
0 0.5263333333333333 0.634 0.5746666666666667 0.656 0.578 0.661 0.576 0.7605 0.5773333333333334 0.8295 0.5746666666666667 0.838 0.5613333333333334 0.835 0.519 0.817 0.5216666666666666 0.735 0.5203333333333333 0.725 0.5213333333333333 0.678 0.5223333333333333 0.658 0.525 0.6475 0.524 0.6365 0.526 0.634
0 0.32033333333333336 0.9995 0.32033333333333336 0.97 0.32466666666666666 0.917 0.32866666666666666 0.913 0.376 0.8995 0.38033333333333336 0.8995 0.38233333333333336 0.9065 0.38233333333333336 0.982 0.38 0.9995 0.3506666666666667 0.9995 0.349 0.997 0.32066666666666666 0.9995
0 0.8946666666666667 0.993 0.9113333333333333 0.9965 0.9136666666666666 0.9995 0.878 0.9995 0.878 0.9945 0.8816666666666667 0.9905 0.8943333333333333 0.993
0 0.4543333333333333 0.5995 0.4563333333333333 0.6015 0.45666666666666667 0.6135 0.4513333333333333 0.783 0.43733333333333335 0.7905 0.395 0.8025 0.391 0.8 0.391 0.795 0.39866666666666667 0.6205 0.4146666666666667 0.6125 0.454 0.5995
0 0.14733333333333334 0.919 0.15 0.921 0.15066666666666667 0.9285 0.14866666666666667 0.9525 0.14366666666666666 0.9575 0.13266666666666665 0.961 0.10166666666666667 0.966 0.1 0.96 0.10266666666666667 0.932 0.147 0.9195
0 0.6493333333333333 0.9215 0.6693333333333333 0.926 0.698 0.939 0.7006666666666667 0.9425 0.701 0.9505 0.7003333333333334 0.96 0.6966666666666667 0.9635 0.6633333333333333 0.954 0.644 0.9455 0.6416666666666667 0.9405 0.642 0.923 0.649 0.9215
0 0.9246666666666666 0.7165 0.9636666666666667 0.7265 0.9686666666666667 0.7305 0.9726666666666667 0.7755 0.9723333333333334 0.7895 0.9706666666666667 0.791 0.957 0.79 0.9336666666666666 0.783 0.9253333333333333 0.78 0.921 0.775 0.9183333333333333 0.7225 0.92 0.717 0.9243333333333333 0.7165
0 0.39466666666666667 0.5485 0.3963333333333333 0.5585 0.3943333333333333 0.6095 0.385 0.6175 0.343 0.6315 0.34 0.6305 0.3393333333333333 0.627 0.342 0.571 0.3943333333333333 0.5485
0 0.38066666666666665 0.8585 0.38466666666666666 0.86 0.38533333333333336 0.868 0.384 0.886 0.38 0.892 0.32966666666666666 0.9055 0.3243333333333333 0.9045 0.325 0.8765 0.327 0.872 0.38033333333333336 0.8585
0 0.597 0.667 0.6163333333333333 0.674 0.6356666666666667 0.6855 0.637 0.745 0.6353333333333333 0.7865 0.6376666666666667 0.7925 0.638 0.8235 0.637 0.8605 0.601 0.8525 0.581 0.839 0.5823333333333334 0.6695 0.5846666666666667 0.6625 0.5966666666666667 0.667
0 0.14433333333333334 0.9625 0.146 0.966 0.14433333333333334 0.9995 0.096 0.9995 0.09766666666666667 0.9775 0.1 0.974 0.144 0.9625
0 0.7 0.637 0.7483333333333333 0.6575 0.75 0.698 0.7483333333333333 0.7205 0.7133333333333334 0.7115 0.699 0.7035 0.6966666666666667 0.69 0.696 0.643 0.6996666666666667 0.637
0 0.5896666666666667 0.6655 0.615 0.675 0.6136666666666667 0.6805 0.6106666666666667 0.682 0.6126666666666667 0.6855 0.6106666666666667 0.689 0.6146666666666667 0.697 0.616 0.7115 0.6203333333333333 0.71 0.617 0.706 0.623 0.703 0.6193333333333333 0.6985 0.6196666666666667 0.6925 0.6213333333333333 0.699 0.6266666666666667 0.6945 0.63 0.7045 0.6323333333333333 0.696 0.631 0.692 0.6263333333333333 0.6915 0.6153333333333333 0.682 0.6183333333333333 0.678 0.6233333333333333 0.678 0.633 0.6865 0.6353333333333333 0.7235 0.634 0.782 0.6376666666666667 0.7965 0.6326666666666667 0.8015 0.6116666666666667 0.7875 0.5943333333333334 0.7875 0.5883333333333334 0.782 0.5906666666666667 0.7895 0.588 0.7935 0.5883333333333334 0.8 0.5923333333333334 0.807 0.5956666666666667 0.809 0.5996666666666667 0.803 0.606 0.8105 0.5986666666666667 0.812 0.5903333333333334 0.8185 0.5876666666666667 0.8285 0.5936666666666667 0.835 0.5936666666666667 0.8385 0.59 0.8425 0.5813333333333334 0.838 0.578 0.814 0.5823333333333334 0.797 0.5813333333333334 0.776 0.584 0.7725 0.5833333333333334 0.769 0.578 0.7625 0.5726666666666667 0.762 0.575 0.765 0.573 0.769 0.5763333333333334 0.7935 0.5743333333333334 0.7975 0.5706666666666667 0.7975 0.568 0.793 0.5733333333333334 0.7855 0.571 0.7815 0.5676666666666667 0.7825 0.5663333333333334 0.7745 0.569 0.762 0.5643333333333334 0.756 0.5653333333333334 0.7515 0.5633333333333334 0.748 0.5673333333333334 0.7415 0.5743333333333334 0.746 0.5776666666666667 0.746 0.5793333333333334 0.743 0.583 0.727 0.5813333333333334 0.7215 0.5746666666666667 0.7255 0.5746666666666667 0.7345 0.572 0.73 0.567 0.732 0.5663333333333334 0.7275 0.5683333333333334 0.7205 0.5826666666666667 0.7175 0.5823333333333334 0.713 0.5796666666666667 0.71 0.5796666666666667 0.6955 0.583 0.689 0.579 0.6785 0.583 0.6755 0.584 0.6645 0.5893333333333334 0.6655
0 0.8713333333333333 0.7 0.9126666666666666 0.7135 0.9156666666666666 0.7235 0.917 0.7685 0.915 0.776 0.8803333333333333 0.77 0.8686666666666667 0.7655 0.865 0.756 0.864 0.705 0.8663333333333333 0.6995 0.871 0.7
0 0.9923333333333333 0.8015 0.9996666666666667 0.803 0.9996666666666667 0.967 0.995 0.969 0.9926666666666667 0.9665 0.9896666666666667 0.9495 0.988 0.9175 0.985 0.904 0.979 0.81 0.9806666666666667 0.801 0.992 0.8015
0 0.09366666666666666 0.9765 0.094 0.988 0.09133333333333334 0.9995 0.04766666666666667 0.9995 0.047 0.9945 0.051 0.986 0.09333333333333334 0.9765
0 0.068 0.7445 0.07 0.7475 0.06933333333333333 0.762 0.059 0.8495 0.05533333333333333 0.8975 0.052333333333333336 0.9015 0.015666666666666666 0.913 0.013 0.9115 0.012666666666666666 0.9065 0.029333333333333333 0.762 0.034 0.7575 0.06766666666666667 0.7445
0 0.8773333333333333 0.772 0.904 0.778 0.9166666666666666 0.7825 0.9193333333333333 0.786 0.9223333333333333 0.85 0.9286666666666666 0.9125 0.93 0.9405 0.9286666666666666 0.952 0.9103333333333333 0.95 0.8863333333333333 0.943 0.8776666666666667 0.9395 0.8753333333333333 0.9355 0.8676666666666667 0.778 0.8693333333333333 0.771 0.877 0.772
0 0.708 0.713 0.7506666666666667 0.7305 0.754 0.8075 0.7526666666666667 0.8445 0.755 0.8525 0.756 0.879 0.7553333333333333 0.901 0.7533333333333333 0.902 0.7176666666666667 0.8915 0.7013333333333334 0.883 0.6993333333333334 0.817 0.702 0.807 0.7003333333333334 0.8035 0.6983333333333334 0.7655 0.6983333333333334 0.7145 0.6993333333333334 0.712 0.7076666666666667 0.713
0 0.649 0.956 0.699 0.9745 0.7006666666666667 0.977 0.7013333333333334 0.9995 0.6646666666666666 0.9995 0.6643333333333333 0.9975 0.6506666666666666 0.9945 0.644 0.9955 0.643 0.959 0.6486666666666666 0.956
0 0.6446666666666667 0.614 0.6883333333333334 0.6325 0.693 0.637 0.694 0.6965 0.691 0.7015 0.6776666666666666 0.6975 0.6423333333333333 0.6785 0.6393333333333333 0.666 0.6393333333333333 0.616 0.6443333333333333 0.614
0 0.2723333333333333 0.6665 0.276 0.6685 0.2743333333333333 0.674 0.2703333333333333 0.787 0.268 0.7985 0.266 0.8415 0.25433333333333336 0.849 0.223 0.857 0.21366666666666667 0.856 0.21333333333333335 0.848 0.225 0.689 0.23066666666666666 0.682 0.272 0.667
0 0.1505 0.67525 0.050333333333333334 0.0755
0 0.7113333333333334 0.9765 0.7576666666666667 0.991 0.7606666666666667 0.9945 0.76 0.9995 0.704 0.9995 0.704 0.978 0.711 0.9765
0 0.21833333333333332 0.6885 0.22066666666666668 0.6925 0.22066666666666668 0.7005 0.20933333333333334 0.855 0.20566666666666666 0.8605 0.167 0.8725 0.16 0.8705 0.16 0.857 0.173 0.708 0.17833333333333334 0.702 0.218 0.6885
0 0.224 0.618 0.22533333333333333 0.621 0.224 0.658 0.221 0.6785 0.17933333333333334 0.6955 0.17433333333333334 0.693 0.17933333333333334 0.6365 0.22366666666666668 0.618
0 0.043 0.9885 0.044333333333333336 0.9905 0.043666666666666666 0.9995 0.005 0.998 0.010666666666666666 0.9945 0.042666666666666665 0.989
0 0.31766666666666665 0.875 0.321 0.8795 0.319 0.908 0.269 0.9225 0.265 0.9225 0.264 0.9185 0.265 0.8925 0.26666666666666666 0.889 0.31733333333333336 0.875
0 0.46366666666666667 0.601 0.5176666666666667 0.63 0.5156666666666667 0.7935 0.5146666666666667 0.8095 0.5123333333333333 0.8125 0.49433333333333335 0.807 0.45666666666666667 0.787 0.45466666666666666 0.7835 0.45866666666666667 0.61 0.4593333333333333 0.602 0.4633333333333333 0.601
0 0.31766666666666665 0.917 0.319 0.9215 0.318 0.979 0.31566666666666665 0.9995 0.25933333333333336 0.9995 0.259 0.993 0.26266666666666666 0.9355 0.26466666666666666 0.931 0.31733333333333336 0.917
0 0.335 0.5725 0.3383333333333333 0.5745 0.339 0.579 0.33466666666666667 0.634 0.33066666666666666 0.6385 0.28633333333333333 0.654 0.2826666666666667 0.652 0.2816666666666667 0.6465 0.28633333333333333 0.5925 0.33466666666666667 0.573
0 0.048666666666666664 0.9475 0.05 0.9545 0.047 0.977 0.043333333333333335 0.986 0.039 0.9845 0.005 0.9945 0.003 0.9885 0.0033333333333333335 0.9805 0.007333333333333333 0.958 0.034666666666666665 0.949 0.04833333333333333 0.9475
0 0.586 0.934 0.638 0.953 0.6393333333333333 0.956 0.6393333333333333 0.9995 0.615 0.9995 0.6133333333333333 0.997 0.6093333333333333 0.9995 0.5796666666666667 0.9995 0.5796666666666667 0.9425 0.581 0.935 0.5856666666666667 0.934
0 0.25533333333333336 0.934 0.25933333333333336 0.9385 0.25866666666666666 0.97 0.25633333333333336 0.9945 0.25166666666666665 0.9995 0.24966666666666668 0.9975 0.24766666666666667 0.9995 0.20166666666666666 0.9995 0.20133333333333334 0.9945 0.205 0.9505 0.20666666666666667 0.947 0.255 0.934
0 0.9323333333333333 0.7865 0.9603333333333334 0.7935 0.9743333333333334 0.8005 0.9793333333333333 0.8625 0.9786666666666667 0.894 0.9823333333333333 0.902 0.985 0.9355 0.986 0.9635 0.9843333333333333 0.965 0.954 0.9605 0.939 0.9555 0.9346666666666666 0.9515 0.9233333333333333 0.793 0.9246666666666666 0.786 0.932 0.7865
0 0.391 0.622 0.3933333333333333 0.6255 0.394 0.644 0.388 0.802 0.377 0.811 0.335 0.823 0.33 0.821 0.32966666666666666 0.7945 0.338 0.644 0.342 0.64 0.39066666666666666 0.622
0 0.253 0.6355 0.05466666666666667 0.08
0 0.3313333333333333 0.644 0.33366666666666667 0.647 0.3333333333333333 0.682 0.3253333333333333 0.8245 0.31133333333333335 0.832 0.277 0.8415 0.27166666666666667 0.842 0.2693333333333333 0.837 0.2806666666666667 0.665 0.28633333333333333 0.6605 0.331 0.6445
0 0.05 0.9795 0.04933333333333333 0.9695 0.05433333333333333 0.944 0.09466666666666666 0.9325 0.1 0.935 0.09733333333333333 0.9485 0.09666666666666666 0.9665 0.095 0.969 0.07866666666666666 0.976 0.050333333333333334 0.9795
0 0.12433333333333334 0.66 0.124 0.6875 0.12 0.714 0.11233333333333333 0.7205 0.08166666666666667 0.731 0.078 0.7305 0.07733333333333334 0.727 0.08233333333333333 0.675 0.10566666666666667 0.6645 0.124 0.66
0 0.6443333333333333 0.688 0.6886666666666666 0.7045 0.694 0.71 0.6936666666666667 0.7485 0.6963333333333334 0.7945 0.6936666666666667 0.8105 0.6963333333333334 0.8195 0.6983333333333334 0.866 0.6976666666666667 0.88 0.696 0.883 0.673 0.8765 0.642 0.862 0.642 0.798 0.64 0.7845 0.6416666666666667 0.769 0.6413333333333333 0.692 0.644 0.688
0 0.4563333333333333 0.523 0.45866666666666667 0.5285 0.45666666666666667 0.588 0.4146666666666667 0.6065 0.40166666666666667 0.6105 0.39866666666666667 0.6075 0.39966666666666667 0.5555 0.40166666666666667 0.5455 0.4136666666666667 0.5385 0.456 0.5235
0 0.461 0.8495 0.514 0.8715 0.516 0.876 0.516 0.8925 0.5133333333333333 0.8955 0.5046666666666667 0.895 0.454 0.8735 0.452 0.8695 0.45366666666666666 0.8535 0.456 0.849 0.46066666666666667 0.8495
0 0.7653333333333333 0.959 0.814 0.9725 0.8193333333333334 0.977 0.82 0.9995 0.8006666666666666 0.9995 0.791 0.9955 0.7863333333333333 0.9955 0.783 0.9995 0.7653333333333333 0.9995 0.7656666666666667 0.991 0.7603333333333333 0.9805 0.7623333333333333 0.975 0.7623333333333333 0.9655 0.76 0.9635 0.765 0.9595
0 0.8193333333333334 0.755 0.8493333333333334 0.7635 0.8603333333333333 0.768 0.8636666666666667 0.7725 0.8686666666666667 0.856 0.8676666666666667 0.8695 0.87 0.885 0.871 0.9335 0.8696666666666667 0.936 0.833 0.9285 0.8186666666666667 0.9205 0.8126666666666666 0.7615 0.814 0.755 0.819 0.755
0 0.44666666666666666 0.843 0.45 0.8455 0.451 0.8515 0.4483333333333333 0.8735 0.39066666666666666 0.8895 0.38666666666666666 0.8845 0.3893333333333333 0.857 0.44633333333333336 0.843
0 0.708 0.9415 0.758 0.957 0.7606666666666667 0.9615 0.7623333333333333 0.9775 0.7596666666666667 0.9825 0.7246666666666667 0.974 0.7003333333333334 0.9635 0.7023333333333334 0.9435 0.7076666666666667 0.9415
0 0.523 0.875 0.575 0.8955 0.577 0.9 0.577 0.915 0.5743333333333334 0.9205 0.5226666666666666 0.9025 0.5173333333333333 0.8945 0.518 0.8765 0.5226666666666666 0.875
0 0.116 0.7265 0.11766666666666667 0.741 0.105 0.8835 0.10066666666666667 0.887 0.06533333333333333 0.898 0.060333333333333336 0.8975 0.059666666666666666 0.892 0.063 0.848 0.068 0.819 0.076 0.742 0.082 0.737 0.11566666666666667 0.727
0 0.023 0.761 0.025333333333333333 0.765 0.023666666666666666 0.788 0.017333333333333333 0.8305 0.017333333333333333 0.853 0.012666666666666666 0.8795 0.012333333333333333 0.8975 0.009333333333333334 0.9115 0.0026666666666666666 0.9165 0 0.9165 0 0.7685 0.02266666666666667 0.761
0 0.44666666666666666 0.883 0.4493333333333333 0.8955 0.44633333333333336 0.993 0.44366666666666665 0.9965 0.429 0.9975 0.42866666666666664 0.9995 0.42833333333333334 0.9975 0.417 0.997 0.4126666666666667 0.9995 0.384 0.9995 0.38666666666666666 0.9015 0.39 0.896 0.44633333333333336 0.883
0 0.5816666666666667 0.8985 0.6216666666666667 0.911 0.636 0.918 0.6383333333333333 0.9255 0.6383333333333333 0.9425 0.6336666666666667 0.943 0.5796666666666667 0.922 0.5783333333333334 0.907 0.579 0.901 0.5813333333333334 0.899
0 0.234 0.91425 0.056 0.0485
0 0.981 0.731 0.9996666666666667 0.7335 0.9996666666666667 0.8 0.9806666666666667 0.7955 0.977 0.79 0.9726666666666667 0.7385 0.9736666666666667 0.7325 0.9806666666666667 0.731
0 0.009666666666666667 0.695 0.015 0.697 0.032 0.6955 0.03333333333333333 0.706 0.026 0.7505 0.021333333333333333 0.7555 0.002 0.763 0 0.763 0 0.697 0.009333333333333334 0.695
0 0.4643333333333333 0.523 0.5153333333333333 0.55 0.5186666666666667 0.554 0.519 0.5955 0.5176666666666667 0.6165 0.516 0.619 0.506 0.617 0.477 0.603 0.45966666666666667 0.5885 0.4603333333333333 0.53 0.4613333333333333 0.525 0.464 0.523
0 0.07733333333333334 0.678 0.07833333333333334 0.6825 0.075 0.718 0.072 0.733 0.038 0.747 0.03233333333333333 0.745 0.03766666666666667 0.6945 0.07266666666666667 0.6775 0.077 0.678
0 0.20366666666666666 0.9065 0.20466666666666666 0.9165 0.20266666666666666 0.936 0.20033333333333334 0.9405 0.156 0.9525 0.152 0.95 0.154 0.918 0.19033333333333333 0.907 0.20333333333333334 0.9065
0 0.16766666666666666 0.7085 0.166 0.7615 0.155 0.8725 0.134 0.8805 0.11466666666666667 0.8835 0.109 0.8835 0.10833333333333334 0.876 0.112 0.832 0.117 0.8025 0.11966666666666667 0.759 0.122 0.7495 0.12233333333333334 0.727 0.12866666666666668 0.72 0.16166666666666665 0.708 0.16733333333333333 0.7085
0 0.4663333333333333 0.8865 0.514 0.9075 0.5123333333333333 0.9995 0.492 0.9995 0.4886666666666667 0.997 0.482 0.9995 0.4493333333333333 0.9995 0.4493333333333333 0.9575 0.4523333333333333 0.9295 0.45066666666666666 0.9205 0.452 0.887 0.455 0.8835 0.466 0.8865
0 0.8133333333333334 0.6825 0.8416666666666667 0.6905 0.8596666666666667 0.699 0.8613333333333333 0.744 0.8596666666666667 0.76 0.8333333333333334 0.7555 0.8136666666666666 0.7475 0.8103333333333333 0.739 0.8083333333333333 0.696 0.81 0.6825 0.813 0.6825
0 0.043333333333333335 0.9885 0.043666666666666666 0.9995 0.005 0.9995 0.01 0.9945 0.043 0.9885