0 0.6197089947089947 0.44518849206349204 0.6263227513227513 0.4459325396825397 0.640542328042328 0.45262896825396826 0.6917989417989417 0.48040674603174605 0.7420634920634921 0.6155753968253969 0.7417328042328042 0.6202876984126984 0.7374338624338624 0.6207837301587301 0.6636904761904762 0.5890376984126984 0.6197089947089947 0.44543650793650796
0 0.453042328042328 0.5094246031746031 0.5400132275132276 0.542906746031746 0.5588624338624338 0.5533234126984127 0.6058201058201058 0.7609126984126984 0.6058201058201058 0.7715773809523809 0.5324074074074074 0.7537202380952381 0.478505291005291 0.7385912698412699 0.47453703703703703 0.7348710317460317 0.453042328042328 0.546875 0.45105820105820105 0.5225694444444444 0.45271164021164023 0.5096726190476191
0 0.7628968253968254 0.6364087301587301 0.8217592592592593 0.6599702380952381 0.8267195767195767 0.6646825396825397 0.9054232804232805 0.8427579365079365 0.9070767195767195 0.8531746031746031 0.8538359788359788 0.8400297619047619 0.8293650793650794 0.8318452380952381 0.7599206349206349 0.6512896825396826 0.7572751322751323 0.6393849206349206 0.7585978835978836 0.6361607142857143 0.7625661375661376 0.6364087301587301
0 0.7688492063492064 0.5188492063492064 0.8220899470899471 0.5476190476190477 0.8809523809523809 0.667906746031746 0.8852513227513228 0.6817956349206349 0.8736772486772487 0.6785714285714286 0.8270502645502645 0.6579861111111112 0.7741402116402116 0.5409226190476191 0.7671957671957672 0.5225694444444444 0.7685185185185185 0.5190972222222222
0 0.3210978835978836 0.2876984126984127 0.3872354497354497 0.32068452380952384 0.42228835978835977 0.341765873015873 0.4375 0.4751984126984127 0.4384920634920635 0.4885912698412698 0.435515873015873 0.49330357142857145 0.32771164021164023 0.4496527777777778 0.31613756613756616 0.4429563492063492 0.31712962962962965 0.2986111111111111 0.31746031746031744 0.29017857142857145 0.32076719576719576 0.2876984126984127
0 0.6997354497354498 0.48412698412698413 0.7556216931216931 0.5121527777777778 0.7619047619047619 0.5171130952380952 0.808531746031746 0.623015873015873 0.8194444444444444 0.6505456349206349 0.8177910052910053 0.6535218253968254 0.7549603174603174 0.628968253968254 0.7506613756613757 0.6254960317460317 0.6994047619047619 0.4937996031746032 0.6974206349206349 0.4878472222222222 0.6994047619047619 0.48412698412698413
0 0.43287037037037035 0.3462301587301587 0.5062830687830688 0.38318452380952384 0.5238095238095238 0.3940972222222222 0.5505952380952381 0.5141369047619048 0.5552248677248677 0.5376984126984127 0.5535714285714286 0.5424107142857143 0.5016534391534392 0.5225694444444444 0.44841269841269843 0.49851190476190477 0.43452380952380953 0.4035218253968254 0.42923280423280424 0.3489583333333333 0.43253968253968256 0.3462301587301587
0 0.3210978835978836 0.4541170634920635 0.41369047619047616 0.4908234126984127 0.43816137566137564 0.5014880952380952 0.44113756613756616 0.5049603174603174 0.4656084656084656 0.7256944444444444 0.4636243386243386 0.732390873015873 0.44212962962962965 0.7289186507936508 0.32043650793650796 0.6969246031746031 0.3148148148148148 0.6929563492063492 0.31746031746031744 0.45634920634920634 0.32076719576719576 0.4541170634920635
0 0.5747354497354498 0.5590277777777778 0.6375661375661376 0.5838293650793651 0.6603835978835979 0.5954861111111112 0.7109788359788359 0.753968253968254 0.7242063492063492 0.7973710317460317 0.7238756613756614 0.8028273809523809 0.6203703703703703 0.7765376984126984 0.6144179894179894 0.7723214285714286 0.5704365079365079 0.5756448412698413 0.5687830687830688 0.5607638888888888 0.5707671957671958 0.558531746031746 0.5744047619047619 0.5590277777777778
0 0.8349867724867724 0.6661706349206349 0.8839285714285714 0.6847718253968254 0.8938492063492064 0.6924603174603174 0.9771825396825397 0.8645833333333334 0.9781746031746031 0.8725198412698413 0.9186507936507936 0.8571428571428571 0.9123677248677249 0.8529265873015873 0.8366402116402116 0.6817956349206349 0.832010582010582 0.6686507936507936 0.8346560846560847 0.6664186507936508
0 0.5327380952380952 0.39856150793650796 0.5608465608465608 0.4114583333333333 0.6124338624338624 0.439484126984127 0.654431216931217 0.5778769841269841 0.654431216931217 0.5835813492063492 0.6504629629629629 0.5835813492063492 0.5859788359788359 0.5580357142857143 0.5641534391534392 0.5466269841269841 0.5317460317460317 0.408234126984127 0.5327380952380952 0.39880952380952384
0 0.671957671957672 0.5994543650793651 0.7427248677248677 0.6267361111111112 0.7493386243386243 0.6324404761904762 0.814484126984127 0.8028273809523809 0.8224206349206349 0.8251488095238095 0.8210978835978836 0.8296130952380952 0.8035714285714286 0.8266369047619048 0.7374338624338624 0.808531746031746 0.7308201058201058 0.8038194444444444 0.6805555555555556 0.6478174603174603 0.6683201058201058 0.6024305555555556 0.6716269841269841 0.5994543650793651