0 0.07679324894514768 0.2187698161065314 0.07763713080168777 0.29708306911857957 0.07911392405063292 0.3008877615726062 0.0981012658227848 0.30310716550412176 0.14620253164556962 0.30342422320862394 0.14978902953586498 0.29993658845909954 0.14936708860759493 0.21623335447051364 0.14852320675105485 0.2127457197209892 0.14472573839662448 0.21116043119847813 0.13523206751054853 0.21084337349397592 0.0810126582278481 0.21052631578947367 0.07784810126582278 0.212428662016487
0 0.15590717299578058 0.22447685478757134 0.15632911392405063 0.3002536461636018 0.1580168776371308 0.30310716550412176 0.1850210970464135 0.30500951173113505 0.22742616033755275 0.3043753963221306 0.22805907172995782 0.21623335447051364 0.22679324894514769 0.21337983512999367 0.1580168776371308 0.21147748890298035 0.15611814345991562 0.21337983512999367
0 0.24219409282700421 0.2679137603043754 0.2419831223628692 0.3173747622067216 0.24345991561181435 0.3313253012048193 0.25021097046413504 0.33354470513633483 0.29620253164556964 0.3354470513633481 0.340084388185654 0.33512999365884594 0.3449367088607595 0.33449587824984145 0.34662447257383966 0.3319594166138237 0.3464135021097046 0.2305009511731135 0.33143459915611817 0.2289156626506024 0.2592827004219409 0.22764743183259353 0.25126582278481013 0.22764743183259353 0.24620253164556963 0.22923272035510464 0.24451476793248944 0.2305009511731135 0.24367088607594936 0.23715916296766013
0 0.3546413502109705 0.2305009511731135 0.3546413502109705 0.3281547241597971 0.35590717299578056 0.333861762840837 0.37658227848101267 0.33576410906785037 0.45759493670886076 0.3348129359543437 0.45843881856540086 0.3183259353202283 0.45759493670886076 0.2305009511731135 0.4390295358649789 0.22796448953709575
0 0.4651898734177215 0.22986683576410907 0.46455696202531643 0.23081800887761572 0.46540084388185654 0.31705770450221943 0.4660337552742616 0.3319594166138237 0.46729957805907174 0.3348129359543437 0.5242616033755274 0.336715282181357 0.5514767932489452 0.3363982244768548 0.5685654008438819 0.33417882054533926 0.569620253164557 0.32752060875079264 0.5694092827004219 0.26854787571337985 0.5683544303797469 0.2435003170577045 0.5666666666666667 0.23081800887761572 0.4670886075949367 0.22859860494610018
0 0.5751054852320675 0.23081800887761572 0.5770042194092827 0.3316423589093215 0.5780590717299579 0.3354470513633481 0.6291139240506329 0.33703233988585923 0.6616033755274262 0.336715282181357 0.6791139240506329 0.3348129359543437 0.6778481012658227 0.24381737476220672 0.6774261603375528 0.23684210526315788 0.6757383966244725 0.2320862396956246 0.6685654008438818 0.23081800887761572 0.5814345991561182 0.22954977805960686
0 0.6856540084388185 0.23589093214965123 0.6858649789029536 0.2939124920735574 0.6869198312236287 0.3300570703868104 0.6879746835443038 0.3348129359543437 0.7116033755274261 0.336715282181357 0.7736286919831223 0.336715282181357 0.7862869198312237 0.33608116677235256 0.7888185654008438 0.33449587824984145 0.7894514767932489 0.33069118579581486 0.7883966244725739 0.2647431832593532 0.7869198312236287 0.2339885859226379 0.7829113924050632 0.2317691819911224 0.7761603375527426 0.23145212428662015 0.6888185654008439 0.2317691819911224
0 0.7945147679324894 0.23589093214965123 0.7943037974683544 0.267279644895371 0.7966244725738396 0.3354470513633481 0.8 0.3373493975903614 0.85 0.3383005707038681 0.8890295358649789 0.3348129359543437 0.8883966244725738 0.26854787571337985 0.8873417721518987 0.24381737476220672 0.8852320675105485 0.23811033608116677 0.8770042194092827 0.23430564362714015 0.8592827004219409 0.23145212428662015 0.8350210970464135 0.23081800887761572 0.799789029535865 0.23145212428662015
0 0.7968354430379747 0.3547875713379835 0.8 0.4540266328471782 0.8018987341772152 0.45973367152821815 0.8069620253164557 0.461001902346227 0.8812236286919831 0.46131896005072925 0.9008438818565401 0.45814838300570704 0.9016877637130801 0.4568801521876982 0.9021097046413502 0.4232720355104629 0.900210970464135 0.3763474952441344 0.8985232067510549 0.3557387444514902 0.8974683544303798 0.35256816740646796 0.8521097046413502 0.3503487634749524 0.799789029535865 0.35225110970196577
0 0.6867088607594937 0.3544705136334813 0.6881856540084388 0.4410272669625872 0.689029535864979 0.45656309448319593 0.6905063291139241 0.4594166138237159 0.6945147679324895 0.46068484464172477 0.7236286919831224 0.46163601775523144 0.7734177215189874 0.46131896005072925 0.7902953586497891 0.461001902346227 0.7928270042194093 0.4584654407102093 0.7902953586497891 0.3557387444514902 0.7890295358649789 0.35415345592897907 0.7864978902953587 0.35256816740646796 0.7765822784810127 0.35161699429296134 0.6949367088607595 0.35066582117945466 0.689029535864979 0.3509828788839569
0 0.5774261603375528 0.35225110970196577 0.5772151898734177 0.41471147748890297 0.5789029535864979 0.4568801521876982 0.5799578059071729 0.45973367152821815 0.6341772151898735 0.46163601775523144 0.6791139240506329 0.4603677869372226 0.6810126582278481 0.45878249841471147 0.6816455696202531 0.4492707672796449 0.6797468354430379 0.3547875713379835 0.6759493670886076 0.35256816740646796 0.6622362869198313 0.35161699429296134 0.5791139240506329 0.35066582117945466
0 0.46624472573839665 0.35225110970196577 0.46624472573839665 0.4299302473050095 0.46772151898734177 0.4568801521876982 0.46877637130801686 0.45973367152821815 0.49240506329113926 0.4619530754597337 0.5679324894514768 0.461001902346227 0.570675105485232 0.4594166138237159 0.5715189873417722 0.45624603677869374 0.5710970464135021 0.40773620798985416 0.569620253164557 0.35510462904248574 0.5683544303797469 0.3519340519974635 0.5345991561181435 0.3484464172479391 0.46962025316455697 0.35003170577045023 0.4668776371308017 0.35066582117945466
0 0.3546413502109705 0.35542168674698793 0.3542194092827004 0.4115409004438808 0.35527426160337555 0.4530754597336715 0.3561181434599156 0.4578313253012048 0.36350210970464136 0.46005072923272033 0.4078059071729958 0.4625871908687381 0.45675105485232065 0.46068484464172477 0.4592827004219409 0.45878249841471147 0.459915611814346 0.4499048826886493 0.45843881856540086 0.3547875713379835 0.45654008438818566 0.35003170577045023 0.3556962025316456 0.349714648065948
0 0.24282700421940928 0.39663918833227646 0.24261603375527427 0.4254914394419784 0.24367088607594936 0.4549778059606848 0.24451476793248944 0.4568801521876982 0.25738396624472576 0.45878249841471147 0.340084388185654 0.45973367152821815 0.3453586497890295 0.4594166138237159 0.34746835443037977 0.45624603677869374 0.3468354430379747 0.3547875713379835 0.3453586497890295 0.35003170577045023 0.2478902953586498 0.3484464172479391 0.24472573839662448 0.35225110970196577 0.24409282700421941 0.35542168674698793
0 0.15632911392405063 0.3272035510462904 0.15590717299578058 0.4150285351934052 0.1571729957805907 0.4169308814204185 0.16075949367088607 0.4181991122384274 0.20274261603375526 0.4188332276474318 0.2272151898734177 0.41756499682942294 0.22848101265822784 0.40868738110336084 0.22827004219409283 0.3462270133164236 0.22805907172995782 0.32593532022828153 0.22658227848101264 0.31959416613823716 0.21772151898734177 0.31800887761572605 0.16118143459915613 0.3173747622067216 0.1571729957805907 0.3202282815472416
0 0.07742616033755274 0.3233988585922638 0.07721518987341772 0.385859226379201 0.07763713080168777 0.41407736207989854 0.07869198312236286 0.41724793912492075 0.08776371308016878 0.4185161699429296 0.14430379746835442 0.4185161699429296 0.14915611814345991 0.4153455928979074 0.1489451476793249 0.3281547241597971 0.14852320675105485 0.32149651236525045 0.1470464135021097 0.31800887761572605 0.11075949367088607 0.3167406467977172 0.079957805907173 0.31769181991122386 0.07805907172995781 0.3189600507292327
0 0.07679324894514768 0.4384908053265694 0.07679324894514768 0.5247305009511731 0.0770042194092827 0.5326569435637286 0.07805907172995781 0.5355104629042485 0.13734177215189874 0.5364616360177552 0.14430379746835442 0.536144578313253 0.15084388185654007 0.5329740012682308 0.1489451476793249 0.43532022828154726 0.14810126582278482 0.43373493975903615 0.08628691983122364 0.4324667089410273 0.07848101265822785 0.4331008243500317
0 0.15611814345991562 0.43532022828154726 0.15654008438818565 0.5155358275206088 0.15759493670886077 0.5301204819277109 0.15886075949367087 0.5339251743817375 0.16118143459915613 0.5355104629042485 0.16751054852320676 0.536144578313253 0.2208860759493671 0.5367786937222575 0.2272151898734177 0.5329740012682308 0.22827004219409283 0.5240963855421686 0.2289029535864979 0.44071020925808496 0.22869198312236286 0.43563728598604945 0.2272151898734177 0.4334178820545339 0.15970464135021098 0.4318325935320228
0 0.2451476793248945 0.5120481927710844 0.24620253164556963 0.5798985415345593 0.24831223628691984 0.5849714648065948 0.2926160337552743 0.586556753329106 0.34746835443037977 0.5849714648065948 0.3478902953586498 0.4904882688649334 0.34662447257383966 0.4784400760938491 0.3449367088607595 0.4755865567533291 0.2873417721518987 0.4733671528218136 0.25 0.47431832593532025 0.2468354430379747 0.4774889029803424 0.2459915611814346 0.4806594800253646
0 0.35632911392405064 0.4771718452758402 0.3561181434599156 0.5437539632213063 0.3575949367088608 0.5789473684210527 0.3594936708860759 0.5846544071020926 0.36223628691983123 0.5859226379201015 0.39029535864978904 0.586556753329106 0.45126582278481014 0.5862396956246037 0.4588607594936709 0.5846544071020926 0.459915611814346 0.575142675967026 0.460337552742616 0.5459733671528219 0.45949367088607596 0.4800253646163602 0.4580168776371308 0.4759036144578313 0.45654008438818566 0.47463538363982244 0.4109704641350211 0.47273303741280914 0.3590717299578059 0.4749524413443247
0 0.46772151898734177 0.4803424223208624 0.4675105485232067 0.515852885225111 0.4689873417721519 0.5808497146480659 0.47067510548523206 0.5843373493975904 0.47341772151898737 0.5862396956246037 0.5367088607594936 0.5871908687381103 0.5681434599156118 0.5859226379201015 0.5719409282700422 0.5830691185795814 0.5729957805907173 0.5637285986049461 0.5715189873417722 0.4803424223208624 0.570464135021097 0.4771718452758402 0.5677215189873418 0.4755865567533291 0.49261603375527424 0.47526949904882687 0.4732067510548523 0.4759036144578313 0.46962025316455697 0.4774889029803424
0 0.579324894514768 0.4790741915028535 0.580590717299578 0.5814838300570704 0.5824894514767932 0.5849714648065948 0.5850210970464135 0.5868738110336081 0.6616033755274262 0.5871908687381103 0.6789029535864979 0.585288522511097 0.6822784810126582 0.5814838300570704 0.6829113924050633 0.5672162333544705 0.6818565400843882 0.5047558655675333 0.6812236286919832 0.4838300570703868 0.679324894514768 0.4787571337983513 0.6618143459915612 0.4759036144578313 0.6331223628691983 0.4755865567533291 0.5812236286919831 0.4759036144578313
0 0.6902953586497891 0.48287888395688017 0.6905063291139241 0.5364616360177552 0.6926160337552743 0.5789473684210527 0.6945147679324895 0.5849714648065948 0.7759493670886076 0.5862396956246037 0.789873417721519 0.585288522511097 0.7947257383966245 0.5818008877615726 0.7981012658227848 0.5389980976537729 0.7930379746835443 0.4806594800253646 0.7919831223628692 0.4774889029803424 0.789873417721519 0.47622067216233355 0.759915611814346 0.4749524413443247 0.6947257383966244 0.4765377298668358 0.6921940928270042 0.4774889029803424
0 0.8016877637130801 0.4800253646163602 0.8033755274261604 0.577996195307546 0.8037974683544303 0.5824350031705771 0.8061181434599156 0.5856055802155993 0.8945147679324894 0.5862396956246037 0.9021097046413502 0.5849714648065948 0.9048523206751055 0.5830691185795814 0.9052742616033755 0.570703868103995 0.9016877637130801 0.50856055802156 0.8966244725738397 0.4774889029803424 0.8675105485232067 0.47622067216233355 0.8069620253164557 0.4765377298668358 0.8044303797468354 0.4771718452758402
0 0.689662447257384 0.6052631578947368 0.6932489451476793 0.6889663918833228 0.6947257383966244 0.7035510462904249 0.6970464135021097 0.7114774889029803 0.7025316455696202 0.7133798351299937 0.7672995780590718 0.7143310082435003 0.7805907172995781 0.7133798351299937 0.7957805907172996 0.7098922003804693 0.7976793248945148 0.689283449587825 0.80042194092827 0.62999365884591 0.7966244725738396 0.6058972733037413 0.7938818565400844 0.6011414077362079 0.7029535864978903 0.6014584654407102 0.6957805907172996 0.6020925808497146
0 0.5814345991561182 0.6100190234622701 0.5824894514767932 0.6823081800887761 0.5833333333333334 0.6867469879518072 0.5860759493670886 0.6908687381103361 0.6122362869198312 0.7140139505389981 0.6373417721518987 0.7143310082435003 0.6820675105485232 0.7089410272669626 0.6843881856540084 0.7064045656309448 0.6850210970464135 0.605580215599239 0.6814345991561181 0.6036778693722258 0.6618143459915612 0.6024096385542169 0.5848101265822785 0.6024096385542169 0.5818565400843881 0.605580215599239
0 0.46919831223628694 0.6058972733037413 0.46919831223628694 0.7098922003804693 0.47151898734177217 0.7146480659480026 0.47362869198312235 0.7159162967660114 0.4976793248945148 0.7165504121750158 0.5677215189873418 0.7162333544705136 0.5738396624472574 0.7117945466074825 0.5757383966244726 0.7060875079264426 0.5757383966244726 0.7019657577679138 0.5729957805907173 0.605580215599239 0.5713080168776371 0.6033608116677235 0.5679324894514768 0.6014584654407102 0.5618143459915612 0.6011414077362079 0.47341772151898737 0.6017755231452124
0 0.35822784810126584 0.605580215599239 0.35738396624472574 0.6119213696892835 0.35738396624472574 0.7067216233354471 0.35928270042194094 0.7121116043119848 0.3628691983122363 0.7136968928344959 0.3829113924050633 0.7162333544705136 0.43924050632911393 0.7206721623335447 0.459915611814346 0.6949904882688649 0.46329113924050636 0.689283449587825 0.4611814345991561 0.605580215599239 0.459915611814346 0.6030437539632213 0.4286919831223629 0.6014584654407102 0.36540084388185656 0.6011414077362079 0.3609704641350211 0.6020925808497146
0 0.26518987341772154 0.7343056436271401 0.25506329113924053 0.75142675967026 0.25843881856540085 0.7764743183259353 0.2641350210970464 0.7777425491439443 0.29451476793248943 0.7783766645529486 0.3210970464135021 0.7771084337349398 0.3240506329113924 0.7761572606214331 0.32531645569620254 0.7742549143944197 0.3270042194092827 0.7622067216233355 0.32679324894514766 0.75142675967026 0.3191983122362869 0.7358909321496513 0.3040084388185654 0.7308180088776157 0.2789029535864979 0.7305009511731135
0 0.24767932489451477 0.6125554850982878 0.24767932489451477 0.6962587190868738 0.2481012658227848 0.7032339885859227 0.25126582278481013 0.7133798351299937 0.26856540084388186 0.7149651236525048 0.32447257383966244 0.7143310082435003 0.33544303797468356 0.7130627774254914 0.3493670886075949 0.7079898541534559 0.3491561181434599 0.6293595434369055 0.34810126582278483 0.6090678503487634 0.3472573839662447 0.6077996195307546 0.3419831223628692 0.6052631578947368 0.3217299578059072 0.6020925808497146 0.25738396624472576 0.6008243500317058 0.25253164556962027 0.6024096385542169 0.249789029535865 0.6062143310082435
0 0.1567510548523207 0.5710209258084972 0.15632911392405063 0.6423589093214965 0.1567510548523207 0.6512365250475587 0.1590717299578059 0.655992390615092 0.16139240506329114 0.6578947368421053 0.22742616033755275 0.660431198478123 0.22953586497890296 0.6239695624603678 0.22953586497890296 0.5567533291058973 0.2272151898734177 0.5504121750158529 0.16139240506329114 0.5500951173113506 0.15886075949367087 0.551997463538364 0.1571729957805907 0.5554850982878884
0 0.07742616033755274 0.5516804058338618 0.07616033755274261 0.5757767913760304 0.07616033755274261 0.6233354470513633 0.07658227848101266 0.6506024096385542 0.07805907172995781 0.6591629676601142 0.13544303797468354 0.6582117945466075 0.14725738396624471 0.6572606214331008 0.1489451476793249 0.6556753329105898 0.14936708860759493 0.5627774254914394 0.1489451476793249 0.553582752060875 0.14746835443037976 0.5510462904248573 0.07805907172995781 0.5481927710843374
0 0.08206751054852321 0.681991122384274 0.08143459915611814 0.7660114140773621 0.08333333333333333 0.7704502219403931 0.1371308016877637 0.7729866835764109 0.14240506329113925 0.7691819911223843 0.14451476793248946 0.7447685478757133 0.1440928270042194 0.681991122384274 0.14324894514767933 0.6807228915662651 0.13966244725738397 0.6788205453392517 0.0981012658227848 0.6781864299302474 0.08481012658227848 0.6785034876347495
0 0.16244725738396623 0.6823081800887761 0.16054852320675106 0.699429296131896 0.16097046413502109 0.7568167406467977 0.1620253164556962 0.7691819911223843 0.16540084388185655 0.7714013950538998 0.21350210970464134 0.7720355104629042 0.21983122362869198 0.7710843373493976 0.2219409282700422 0.7688649334178821 0.22278481012658227 0.7656943563728599 0.2240506329113924 0.7006975269499048 0.22362869198312235 0.6845275840202917 0.22236286919831225 0.6810399492707673 0.19957805907172996 0.6766011414077362 0.1679324894514768 0.6788205453392517