0 0.8593333333333333 0.294 0.8623333333333333 0.3215 0.8653333333333333 0.4715 0.8636666666666667 0.6015 0.8423333333333334 0.6265 0.824 0.641 0.7603333333333333 0.703 0.7516666666666667 0.709 0.7483333333333333 0.707 0.7466666666666667 0.6955 0.7483333333333333 0.635 0.7463333333333333 0.6295 0.749 0.6265 0.75 0.552 0.7523333333333333 0.5265 0.752 0.4725 0.7553333333333333 0.398 0.7783333333333333 0.371 0.8283333333333334 0.321 0.859 0.294
0 0.31633333333333336 0.845 0.318 0.8525 0.315 0.8805 0.31 0.9015 0.305 0.944 0.2956666666666667 0.9945 0.275 0.9975 0.27466666666666667 0.9995 0.193 0.9995 0.193 0.991 0.19866666666666666 0.966 0.203 0.9535 0.213 0.942 0.3006666666666667 0.8545 0.316 0.845
0 0.8573333333333333 0.1025 0.86 0.107 0.8603333333333333 0.1575 0.862 0.1715 0.8623333333333333 0.2655 0.8606666666666667 0.2765 0.7723333333333333 0.368 0.7586666666666667 0.3785 0.756 0.373 0.756 0.3255 0.7616666666666667 0.2015 0.811 0.147 0.857 0.1025
0 0.7493333333333333 0.22 0.7506666666666667 0.225 0.7503333333333333 0.265 0.7446666666666667 0.3915 0.731 0.411 0.685 0.4555 0.668 0.477 0.613 0.5265 0.609 0.5245 0.6086666666666667 0.5135 0.6163333333333333 0.401 0.6216666666666667 0.349 0.6406666666666667 0.3295 0.6433333333333333 0.3235 0.673 0.296 0.742 0.224 0.749 0.22
0 0 0.251 0.008 0.236 0.013333333333333334 0.2325 0.029333333333333333 0.213 0.03966666666666667 0.203 0.043 0.2025 0.044333333333333336 0.205 0.034 0.246 0.022 0.2795 0.020666666666666667 0.288 0.013 0.302 0.005 0.311 0 0.311 0 0.268 0.0036666666666666666 0.2655 0.0023333333333333335 0.253 0 0.2515
0 0.058666666666666666 0.9995 0.058 0.9975 0.035666666666666666 0.9975 0.032 0.9945 0.03233333333333333 0.9865 0.041666666666666664 0.9535 0.07433333333333333 0.9175 0.13966666666666666 0.8525 0.142 0.8575 0.14133333333333334 0.866 0.13533333333333333 0.8895 0.131 0.9175 0.12233333333333334 0.949 0.11433333333333333 0.994 0.10566666666666667 0.9995 0.07333333333333333 0.9995 0.07133333333333333 0.997 0.059 0.9995
0 0.7413333333333333 0.413 0.7443333333333333 0.4185 0.7443333333333333 0.434 0.7423333333333333 0.467 0.7376666666666667 0.4735 0.742 0.4775 0.7426666666666667 0.502 0.74 0.542 0.7393333333333333 0.608 0.7353333333333333 0.626 0.7413333333333333 0.634 0.7373333333333333 0.66 0.7353333333333333 0.7165 0.7316666666666667 0.728 0.6823333333333333 0.7785 0.5976666666666667 0.859 0.585 0.866 0.5833333333333334 0.8625 0.5833333333333334 0.8485 0.5923333333333334 0.7345 0.593 0.702 0.5993333333333334 0.644 0.6063333333333333 0.5465 0.6646666666666666 0.487 0.675 0.4805 0.682 0.47 0.7203333333333334 0.4305 0.741 0.4135
0 0.446 0.024 0.44666666666666666 0.035 0.44033333333333335 0.067 0.439 0.0875 0.42733333333333334 0.1505 0.423 0.1885 0.42033333333333334 0.196 0.38133333333333336 0.2445 0.3426666666666667 0.2865 0.325 0.3015 0.323 0.295 0.35533333333333333 0.1245 0.372 0.1015 0.3893333333333333 0.085 0.43533333333333335 0.032 0.44566666666666666 0.024
0 0.07866666666666666 0 0.10433333333333333 0 0.097 0.0325 0.092 0.0435 0.08 0.057 0.085 0.065 0.08066666666666666 0.064 0.078 0.0595 0.077 0.064 0.07133333333333333 0.067 0.060333333333333336 0.08 0.05366666666666667 0.082 0.052 0.078 0.059666666666666666 0.0475 0.07166666666666667 0.012 0.07866666666666666 0.0005
0 0.5936666666666667 0.5625 0.5953333333333334 0.5635 0.5953333333333334 0.5755 0.5873333333333334 0.663 0.5853333333333334 0.714 0.5803333333333334 0.7435 0.5783333333333334 0.7935 0.5726666666666667 0.8435 0.571 0.879 0.543 0.911 0.529 0.921 0.5273333333333333 0.9255 0.5166666666666667 0.9365 0.45366666666666666 0.9945 0.43766666666666665 0.9995 0.42966666666666664 0.996 0.429 0.9925 0.434 0.953 0.435 0.928 0.43966666666666665 0.902 0.44066666666666665 0.8765 0.44666666666666666 0.847 0.4503333333333333 0.8035 0.4656666666666667 0.689 0.5293333333333333 0.6245 0.5376666666666666 0.619 0.557 0.5955 0.5816666666666667 0.571 0.5933333333333334 0.5625
0 0.058333333333333334 0.034 0.06 0.037 0.057666666666666665 0.0505 0.04133333333333333 0.1045 0.003 0.148 0 0.148 0 0.106 0.002 0.105 0.004 0.0955 0.049666666666666665 0.0405 0.058 0.034
0 0.4503333333333333 0.707 0.453 0.708 0.454 0.7135 0.4483333333333333 0.7515 0.44733333333333336 0.775 0.44166666666666665 0.8085 0.426 0.9475 0.419 0.9945 0.4146666666666667 0.9965 0.341 0.996 0.33266666666666667 0.9995 0.31433333333333335 0.9995 0.30666666666666664 0.9945 0.30533333333333335 0.9875 0.30866666666666664 0.9705 0.31 0.9475 0.331 0.827 0.337 0.818 0.377 0.7805 0.38 0.7745 0.38433333333333336 0.773 0.442 0.712 0.45 0.707
0 0.272 0 0.32166666666666666 0 0.30633333333333335 0.074 0.2776666666666667 0.1095 0.22733333333333333 0.1635 0.22633333333333333 0.1565 0.229 0.14 0.239 0.1035 0.24033333333333334 0.0895 0.252 0.046 0.25433333333333336 0.028 0.26 0.0135 0.272 0.0005
0 0.7306666666666667 0.75 0.7336666666666667 0.7575 0.733 0.8275 0.7266666666666667 0.9945 0.7066666666666667 0.9975 0.6233333333333333 0.9955 0.5776666666666667 0.9975 0.5736666666666667 0.996 0.573 0.993 0.5776666666666667 0.917 0.581 0.893 0.5873333333333334 0.8835 0.6093333333333333 0.863 0.6166666666666667 0.8525 0.623 0.851 0.6376666666666667 0.838 0.723 0.754 0.7303333333333333 0.7505
0 0.035 0 0.07233333333333333 0 0.07266666666666667 0.002 0.06933333333333333 0.011 0.05566666666666667 0.0295 0.06066666666666667 0.0325 0.057 0.0415 0.05533333333333333 0.0395 0.05566666666666667 0.0325 0.05366666666666667 0.031 0.038 0.0495 0.03166666666666667 0.0605 0.014666666666666666 0.076 0.013333333333333334 0.0745 0.014333333333333333 0.0645 0.035 0.0005
0 0.03266666666666666 0.961 0.033666666666666664 0.968 0.026333333333333334 0.9995 0.002 0.9995 0 0.9975 0 0.9925 0.03233333333333333 0.9615
0 0.9526666666666667 0.821 0.994 0.7825 0.9996666666666667 0.783 0.9996666666666667 0.829 0.997 0.8315 0.9973333333333333 0.8425 0.9996666666666667 0.844 0.9996666666666667 0.8885 0.9976666666666667 0.8895 0.9996666666666667 0.8915 0.9996666666666667 0.9365 0.9943333333333333 0.9455 0.9976666666666667 0.968 0.9996666666666667 0.969 0.9996666666666667 0.9915 0.985 0.9975 0.966 0.9955 0.9516666666666667 0.997 0.9496666666666667 0.9995 0.9263333333333333 0.9995 0.9253333333333333 0.997 0.9146666666666666 0.993 0.905 0.996 0.884 0.9955 0.8816666666666667 0.981 0.8806666666666667 0.93 0.882 0.9205 0.8806666666666667 0.893 0.884 0.8845 0.9526666666666667 0.8215
0 0.7346666666666667 0 0.7553333333333333 0 0.757 0.007 0.758 0.0325 0.7533333333333333 0.109 0.753 0.188 0.7513333333333333 0.196 0.7486666666666667 0.2015 0.7123333333333334 0.24 0.7106666666666667 0.2445 0.672 0.2815 0.639 0.3175 0.6266666666666667 0.3275 0.6243333333333333 0.323 0.6403333333333333 0.1055 0.651 0.089 0.7143333333333334 0.021 0.725 0.0155 0.7273333333333334 0.0085 0.7346666666666667 0.0005
0 0.08766666666666667 0.4335 0.08866666666666667 0.436 0.086 0.451 0.079 0.479 0.07566666666666666 0.4855 0.06166666666666667 0.547 0.04466666666666667 0.609 0.03966666666666667 0.6185 0.0013333333333333333 0.6615 0 0.6615 0 0.6145 0.0023333333333333335 0.613 0.0026666666666666666 0.609 0 0.6075 0 0.5515 0.003 0.547 0.01 0.5155 0.018666666666666668 0.503 0.078 0.4355 0.08733333333333333 0.4335
0 0.116 0.309 0.11966666666666667 0.314 0.117 0.32 0.117 0.332 0.097 0.408 0.022333333333333334 0.493 0.02033333333333333 0.4875 0.025666666666666667 0.4645 0.049 0.3805 0.09866666666666667 0.3235 0.11266666666666666 0.309 0.11566666666666667 0.309
0 0.36933333333333335 0.015 0.36833333333333335 0.034 0.3536666666666667 0.109 0.34933333333333333 0.123 0.311 0.1685 0.29033333333333333 0.1875 0.2886666666666667 0.1815 0.2926666666666667 0.1555 0.302 0.116 0.30366666666666664 0.1 0.31033333333333335 0.0775 0.3626666666666667 0.0175 0.369 0.015
0 0.8663333333333333 0.901 0.8706666666666667 0.923 0.8683333333333333 0.946 0.8696666666666667 0.9955 0.8676666666666667 0.9995 0.837 0.9995 0.8356666666666667 0.997 0.8313333333333334 0.9995 0.8283333333333334 0.9965 0.7603333333333333 0.9995 0.7586666666666667 0.9945 0.8193333333333334 0.941 0.8276666666666667 0.9325 0.834 0.9215 0.845 0.9165 0.866 0.901
0 0.609 0.364 0.6106666666666667 0.366 0.6093333333333333 0.3945 0.5963333333333334 0.543 0.582 0.561 0.574 0.5665 0.541 0.6025 0.477 0.665 0.4703333333333333 0.6665 0.4683333333333333 0.6535 0.475 0.6085 0.47933333333333333 0.555 0.49 0.485 0.6043333333333333 0.366 0.6086666666666667 0.3645
0 0.002 0 0.019333333333333334 0 0.005333333333333333 0.0205 0.0013333333333333333 0.023 0 0.023 0 0.002 0.002 0.0005
0 0.2763333333333333 0.4975 0.2783333333333333 0.501 0.2776666666666667 0.512 0.26366666666666666 0.5855 0.259 0.6295 0.25533333333333336 0.638 0.24733333333333332 0.6725 0.23633333333333334 0.735 0.217 0.7585 0.17133333333333334 0.8065 0.16133333333333333 0.814 0.15933333333333333 0.8115 0.15933333333333333 0.8065 0.16433333333333333 0.776 0.16866666666666666 0.7625 0.179 0.6995 0.183 0.6885 0.18866666666666668 0.6545 0.20733333333333334 0.571 0.23433333333333334 0.5395 0.276 0.4975
0 0.16566666666666666 0.129 0.16633333333333333 0.1395 0.15733333333333333 0.178 0.15933333333333333 0.182 0.154 0.189 0.14966666666666667 0.202 0.13233333333333333 0.2735 0.12366666666666666 0.2875 0.10833333333333334 0.3015 0.08933333333333333 0.326 0.08133333333333333 0.3325 0.07733333333333334 0.3405 0.060333333333333336 0.3565 0.05733333333333333 0.3525 0.060333333333333336 0.338 0.06433333333333334 0.3285 0.08033333333333334 0.262 0.086 0.248 0.087 0.2365 0.09866666666666667 0.203 0.16133333333333333 0.13 0.16533333333333333 0.129
0 0.5466666666666666 0 0.5953333333333334 0 0.5966666666666667 0.0045 0.5436666666666666 0.065 0.5393333333333333 0.066 0.538 0.061 0.5416666666666666 0.0185 0.5433333333333333 0.015 0.5426666666666666 0.005 0.5466666666666666 0.0005
0 0.3453333333333333 0.1375 0.347 0.144 0.3406666666666667 0.1715 0.329 0.247 0.31633333333333336 0.3105 0.311 0.325 0.2956666666666667 0.337 0.2723333333333333 0.363 0.26866666666666666 0.366 0.262 0.3655 0.252 0.384 0.24966666666666668 0.382 0.253 0.3695 0.25166666666666665 0.366 0.25366666666666665 0.36 0.255 0.3345 0.26666666666666666 0.2865 0.2703333333333333 0.26 0.27666666666666667 0.2375 0.282 0.208 0.285 0.201 0.337 0.1435 0.345 0.138
0 0.22733333333333333 0.425 0.22966666666666666 0.435 0.22766666666666666 0.4475 0.204 0.564 0.19666666666666666 0.5745 0.17033333333333334 0.6 0.155 0.62 0.12733333333333333 0.6485 0.11266666666666666 0.663 0.109 0.661 0.12966666666666668 0.562 0.13766666666666666 0.529 0.143 0.516 0.22733333333333333 0.4255
0 0.10666666666666667 0.3905 0.112 0.3625 0.133 0.283 0.192 0.2155 0.21 0.199 0.20866666666666667 0.2155 0.19733333333333333 0.267 0.19166666666666668 0.2825 0.18966666666666668 0.3 0.18666666666666668 0.307 0.18133333333333335 0.316 0.11366666666666667 0.3905 0.10933333333333334 0.393 0.107 0.391
0 0.38166666666666665 0 0.44966666666666666 0 0.45066666666666666 0.0045 0.44666666666666666 0.014 0.402 0.065 0.3626666666666667 0.105 0.361 0.0955 0.36933333333333335 0.0445 0.37766666666666665 0.006 0.38166666666666665 0.0005
0 0.8693333333333333 0 0.938 0 0.9396666666666667 0.0045 0.879 0.0675 0.8696666666666667 0.072 0.8673333333333333 0.0275 0.8693333333333333 0.0005
0 0.0036666666666666666 0 0.010333333333333333 0 0.012 0.0045 0.015333333333333332 0 0.01633333333333333 0.002 0.030333333333333334 0 0.033 0.0045 0.009333333333333334 0.0765 0.004333333333333333 0.083 0 0.081 0 0.026 0.002 0.0255 0.006666666666666667 0.0155 0.0036666666666666666 0.0005
0 0.3453333333333333 0.6415 0.3496666666666667 0.644 0.349 0.6555 0.3373333333333333 0.724 0.329 0.788 0.322 0.821 0.30666666666666664 0.8365 0.293 0.8555 0.2793333333333333 0.8645 0.213 0.932 0.21 0.934 0.20633333333333334 0.932 0.20766666666666667 0.9185 0.23933333333333334 0.746 0.283 0.6985 0.33466666666666667 0.6475 0.345 0.642
0 0.13 0 0.15033333333333335 0 0.15033333333333335 0.0025 0.141 0.0395 0.134 0.057 0.12766666666666668 0.088 0.12466666666666666 0.096 0.116 0.106 0.118 0.116 0.113 0.123 0.11366666666666667 0.13 0.11266666666666666 0.132 0.11133333333333334 0.13 0.11133333333333334 0.1175 0.11433333333333333 0.1125 0.11 0.112 0.064 0.168 0.06066666666666667 0.1645 0.07766666666666666 0.0995 0.08633333333333333 0.0745 0.08766666666666667 0.0605 0.09933333333333333 0.0365 0.115 0.0185 0.123 0.016 0.13 0.0005
0 0.526 0.101 0.5173333333333333 0.187 0.513 0.2205 0.509 0.235 0.495 0.2535 0.4726666666666667 0.2745 0.43633333333333335 0.316 0.408 0.3425 0.4056666666666667 0.3395 0.4076666666666667 0.3125 0.42533333333333334 0.206 0.5066666666666667 0.116 0.5203333333333333 0.102 0.5256666666666666 0.101
0 0.22966666666666666 0.17 0.24533333333333332 0.155 0.28833333333333333 0.1045 0.3 0.0955 0.2976666666666667 0.116 0.28633333333333333 0.1725 0.27666666666666667 0.206 0.22133333333333333 0.27 0.199 0.293 0.196 0.294 0.19566666666666666 0.2885 0.21566666666666667 0.197 0.221 0.1825 0.22966666666666666 0.1705
0 0.025 0 0.03 0 0.03266666666666666 0.005 0.024333333333333332 0.026 0.008333333333333333 0.0795 0.005 0.0835 0 0.0815 0 0.0255 0.009333333333333334 0.015 0.008666666666666666 0.011 0.012 0.01 0.015666666666666666 0.004 0.025 0.0005
0 0 0.7955 0.002 0.795 0.004666666666666667 0.7865 0.022333333333333334 0.768 0.029333333333333333 0.7665 0.03333333333333333 0.757 0.077 0.709 0.09166666666666666 0.6965 0.09333333333333334 0.6995 0.092 0.713 0.08033333333333334 0.7535 0.078 0.772 0.067 0.8135 0.06166666666666667 0.844 0.05333333333333334 0.87 0.050666666666666665 0.89 0.04533333333333334 0.9075 0.04033333333333333 0.936 0.025666666666666667 0.9565 0.012 0.971 0.005333333333333333 0.9775 0 0.9755 0 0.907 0.004333333333333333 0.904 0.0023333333333333335 0.8925 0 0.8905 0 0.851 0.004 0.849 0.004 0.8455 0 0.8425 0 0.796
0 0.4766666666666667 0.504 0.478 0.51 0.4746666666666667 0.544 0.46166666666666667 0.6405 0.45866666666666667 0.676 0.456 0.6845 0.4503333333333333 0.6935 0.42766666666666664 0.715 0.375 0.7735 0.335 0.8075 0.33366666666666667 0.801 0.33666666666666667 0.777 0.3496666666666667 0.702 0.359 0.6265 0.362 0.62 0.4696666666666667 0.507 0.47633333333333333 0.504
0 0.7693333333333333 0 0.802 0 0.8036666666666666 0.0025 0.8116666666666666 0.002 0.812 0 0.8566666666666667 0 0.8603333333333333 0.0115 0.861 0.032 0.861 0.0735 0.8576666666666667 0.0885 0.7723333333333333 0.1775 0.7646666666666667 0.183 0.762 0.1805 0.7613333333333333 0.173 0.763 0.113 0.7613333333333333 0.1055 0.7636666666666667 0.092 0.7663333333333333 0.0085 0.7693333333333333 0.0005
0 0.9963333333333333 0.499 0.9996666666666667 0.5005 0.9996666666666667 0.556 0.9976666666666667 0.557 0.9996666666666667 0.561 0.9973333333333333 0.5635 0.9996666666666667 0.565 0.9996666666666667 0.632 0.9976666666666667 0.633 0.9996666666666667 0.636 0.9996666666666667 0.645 0.9943333333333333 0.651 0.9943333333333333 0.6555 0.9953333333333333 0.6685 0.9996666666666667 0.674 0.9996666666666667 0.7605 0.8873333333333333 0.863 0.884 0.8625 0.8813333333333333 0.8555 0.8823333333333333 0.8445 0.8793333333333333 0.8155 0.8803333333333333 0.765 0.8773333333333333 0.703 0.879 0.6095 0.9066666666666666 0.5795 0.9276666666666666 0.5635 0.9493333333333334 0.5395 0.9703333333333334 0.5225 0.9906666666666667 0.5015 0.996 0.499
0 0.082 0.0625 0.084 0.0705 0.053 0.179 0.04633333333333333 0.1905 0.019 0.223 0.008666666666666666 0.231 0.006666666666666667 0.2305 0.007 0.2215 0.010333333333333333 0.2165 0.011 0.206 0.017 0.1935 0.017333333333333333 0.1835 0.019333333333333334 0.1825 0.024 0.168 0.021 0.161 0.021666666666666667 0.1525 0.025666666666666667 0.1585 0.031 0.1475 0.03 0.139 0.022 0.1335 0.029333333333333333 0.128 0.033 0.135 0.041666666666666664 0.109 0.047 0.1 0.08166666666666667 0.0625
0 0.268 0.3765 0.30033333333333334 0.341 0.307 0.339 0.30833333333333335 0.3445 0.29833333333333334 0.408 0.291 0.4355 0.2853333333333333 0.4725 0.2776666666666667 0.4865 0.2653333333333333 0.497 0.22766666666666666 0.5405 0.21733333333333332 0.549 0.21366666666666667 0.5445 0.223 0.487 0.239 0.412 0.24466666666666667 0.3995 0.268 0.377
0 0.19266666666666668 0.025 0.19333333333333333 0.0335 0.18633333333333332 0.0625 0.17566666666666667 0.1035 0.17066666666666666 0.116 0.11333333333333333 0.183 0.10466666666666667 0.189 0.10366666666666667 0.182 0.11866666666666667 0.126 0.12866666666666668 0.0975 0.17766666666666667 0.039 0.19233333333333333 0.0255
0 0 0.672 0.029333333333333333 0.642 0.036 0.643 0.020666666666666667 0.71 0.018333333333333333 0.7135 0.0016666666666666668 0.7785 0 0.7785 0 0.6725
0 0.6273333333333333 0.12 0.63 0.126 0.6276666666666667 0.172 0.6236666666666667 0.226 0.6203333333333333 0.234 0.621 0.27 0.6176666666666667 0.2905 0.615 0.332 0.6126666666666667 0.3415 0.5713333333333334 0.388 0.49466666666666664 0.467 0.49166666666666664 0.4595 0.497 0.401 0.49933333333333335 0.3975 0.5036666666666667 0.3485 0.514 0.2755 0.513 0.265 0.5186666666666667 0.2345 0.5883333333333334 0.157 0.6196666666666667 0.124 0.627 0.12
0 0.862 0.6305 0.865 0.637 0.8653333333333333 0.726 0.8683333333333333 0.7715 0.8656666666666667 0.8025 0.8656666666666667 0.833 0.8676666666666667 0.8485 0.865 0.88 0.8596666666666667 0.8885 0.8286666666666667 0.917 0.8246666666666667 0.918 0.8183333333333334 0.9285 0.8116666666666666 0.9315 0.7446666666666667 0.9915 0.741 0.9915 0.739 0.9575 0.7423333333333333 0.882 0.7426666666666667 0.776 0.747 0.7315 0.7663333333333333 0.7115 0.7753333333333333 0.6975 0.795 0.684 0.841 0.639 0.8523333333333334 0.63 0.8616666666666667 0.6305
0 0.08533333333333333 0.2235 0.08633333333333333 0.227 0.08233333333333333 0.2485 0.07333333333333333 0.276 0.04933333333333333 0.3695 0.043 0.379 0.005 0.419 0 0.4185 0 0.364 0.0023333333333333335 0.362 0.017666666666666667 0.304 0.025333333333333333 0.2895 0.07866666666666666 0.227 0.085 0.2235
0 0.212 0 0.258 0 0.25666666666666665 0.012 0.25333333333333335 0.0185 0.23 0.0455 0.227 0.0505 0.22766666666666666 0.0535 0.22366666666666668 0.0545 0.18566666666666667 0.096 0.18233333333333332 0.0955 0.18533333333333332 0.0775 0.19866666666666666 0.0235 0.20566666666666666 0.006 0.212 0.0005
0 0.069 0.65575 0.12066666666666667 0.2315
0 0.2723333333333333 0.2185 0.27366666666666667 0.2315 0.2703333333333333 0.2485 0.261 0.2825 0.253 0.332 0.247 0.3525 0.23866666666666667 0.3965 0.23566666666666666 0.4035 0.15433333333333332 0.495 0.15 0.4965 0.14866666666666667 0.4945 0.157 0.4455 0.163 0.426 0.16433333333333333 0.414 0.17 0.3955 0.185 0.325 0.192 0.3065 0.26166666666666666 0.227 0.272 0.219
0 0 0.4365 0.036333333333333336 0.3955 0.04 0.3935 0.04133333333333333 0.3975 0.015 0.4905 0.014333333333333333 0.498 0.008 0.5095 0.005 0.512 0 0.51 0 0.437
0 0.19166666666666668 0.965 0.19233333333333333 0.9745 0.18766666666666668 0.9995 0.157 0.998 0.189 0.965 0.19133333333333333 0.965
0 0.24833333333333332 0.032 0.249 0.043 0.24266666666666667 0.067 0.242 0.0765 0.23366666666666666 0.104 0.219 0.1715 0.20933333333333334 0.188 0.198 0.197 0.15966666666666668 0.2445 0.144 0.2595 0.14266666666666666 0.2585 0.14366666666666666 0.241 0.156 0.1975 0.158 0.1815 0.163 0.168 0.171 0.131 0.17766666666666667 0.1105 0.248 0.032
0 0.996 0.159 0.9996666666666667 0.1605 0.9996666666666667 0.1765 0.9973333333333333 0.1785 0.9976666666666667 0.185 0.9996666666666667 0.186 0.9996666666666667 0.2435 0.9973333333333333 0.2445 0.9996666666666667 0.246 0.9996666666666667 0.3075 0.9976666666666667 0.3085 0.996 0.3165 0.9953333333333333 0.3315 0.9956666666666667 0.335 0.9996666666666667 0.338 0.9996666666666667 0.4035 0.998 0.404 0.9996666666666667 0.405 0.9996666666666667 0.4455 0.998 0.446 0.9996666666666667 0.448 0.9996666666666667 0.471 0.9916666666666667 0.481 0.9373333333333334 0.5315 0.9216666666666666 0.55 0.8803333333333333 0.584 0.8773333333333333 0.579 0.876 0.554 0.877 0.5115 0.8753333333333333 0.4795 0.8776666666666667 0.4735 0.8753333333333333 0.4495 0.8726666666666667 0.2815 0.8793333333333333 0.2715 0.9413333333333334 0.212 0.9573333333333334 0.1925 0.991 0.1605 0.9956666666666667 0.159
0 0.538 0.928 0.564 0.908 0.5676666666666667 0.908 0.5686666666666667 0.911 0.5686666666666667 0.9255 0.5623333333333334 0.984 0.563 0.9945 0.561 0.9995 0.52 0.9995 0.5163333333333333 0.9965 0.4703333333333333 0.9995 0.4706666666666667 0.9945 0.533 0.9365 0.538 0.9285
0 0.44033333333333335 0.3175 0.5016666666666667 0.2535 0.5056666666666667 0.251 0.5073333333333333 0.2545 0.5056666666666667 0.2845 0.503 0.296 0.491 0.4095 0.4816666666666667 0.4775 0.4573333333333333 0.5065 0.37666666666666665 0.59 0.37 0.594 0.36666666666666664 0.59 0.38266666666666665 0.4735 0.3913333333333333 0.428 0.394 0.4005 0.40066666666666667 0.3625 0.4046666666666667 0.355 0.41933333333333334 0.342 0.44033333333333335 0.318
0 0.326 0 0.36833333333333335 0 0.36933333333333335 0.005 0.3536666666666667 0.0255 0.31666666666666665 0.063 0.31466666666666665 0.0595 0.316 0.0435 0.32366666666666666 0.005 0.326 0.0005
0 0.15266666666666667 0 0.19833333333333333 0 0.20066666666666666 0.0045 0.192 0.0155 0.19666666666666666 0.0185 0.196 0.0255 0.19 0.019 0.18566666666666667 0.022 0.16633333333333333 0.048 0.137 0.079 0.13466666666666666 0.0775 0.13433333333333333 0.0715 0.15266666666666667 0.0005
0 0.6476666666666666 0 0.7256666666666667 0 0.725 0.005 0.644 0.088 0.6416666666666667 0.0855 0.6423333333333333 0.055 0.6476666666666666 0.0005
0 0.029333333333333333 0.128 0.032 0.13 0.032 0.1375 0.025333333333333333 0.154 0.019333333333333334 0.1855 0.015 0.19 0.014333333333333333 0.198 0.011666666666666667 0.1995 0.012 0.206 0.015666666666666666 0.2 0.022333333333333334 0.208 0.027333333333333334 0.196 0.033666666666666664 0.1975 0.035 0.1995 0.029333333333333333 0.21 0.011666666666666667 0.231 0 0.2315 0 0.223 0.005 0.225 0.006 0.2215 0 0.219 0 0.154 0.014 0.1415 0.022333333333333334 0.13 0.029 0.1285
0 0.46266666666666667 0 0.49333333333333335 0 0.49833333333333335 0.0045 0.502 0.0045 0.5053333333333333 0 0.538 0 0.5383333333333333 0.002 0.53 0.0755 0.5013333333333333 0.1125 0.477 0.136 0.44333333333333336 0.1755 0.432 0.1825 0.43066666666666664 0.1715 0.43433333333333335 0.14 0.44766666666666666 0.0645 0.4523333333333333 0.021 0.4563333333333333 0.0085 0.46266666666666667 0.0005
0 0.4146666666666667 0.221 0.414 0.2445 0.4 0.3245 0.399 0.339 0.3953333333333333 0.3555 0.39166666666666666 0.362 0.337 0.423 0.3 0.4605 0.293 0.463 0.2966666666666667 0.432 0.30866666666666664 0.3745 0.30933333333333335 0.3625 0.31933333333333336 0.3215 0.38566666666666666 0.2475 0.41433333333333333 0.2215
0 0.6126666666666667 0 0.639 0 0.6403333333333333 0.004 0.6363333333333333 0.0425 0.6346666666666667 0.0845 0.631 0.1035 0.5333333333333333 0.2105 0.5256666666666666 0.217 0.522 0.2175 0.5206666666666667 0.2145 0.535 0.085 0.6126666666666667 0.0005
0 0.195 0.587 0.197 0.59 0.196 0.602 0.16566666666666666 0.7445 0.15966666666666668 0.7835 0.14833333333333334 0.828 0.113 0.8665 0.051333333333333335 0.927 0.04766666666666667 0.925 0.049 0.915 0.10133333333333333 0.6855 0.108 0.6745 0.127 0.658 0.15133333333333332 0.63 0.15666666666666668 0.627 0.15766666666666668 0.623 0.189 0.589 0.19466666666666665 0.587
0 0.17833333333333334 0.329 0.17566666666666667 0.355 0.164 0.397 0.15966666666666668 0.425 0.152 0.449 0.14466666666666667 0.4905 0.13866666666666666 0.5085 0.10433333333333333 0.551 0.08633333333333333 0.5665 0.05733333333333333 0.599 0.05366666666666667 0.5985 0.05366666666666667 0.592 0.09866666666666667 0.414 0.10566666666666667 0.402 0.118 0.392 0.16833333333333333 0.336 0.178 0.329
0 0.38266666666666665 0.38 0.3903333333333333 0.376 0.39066666666666666 0.391 0.35633333333333334 0.608 0.3396666666666667 0.631 0.32033333333333336 0.6475 0.255 0.717 0.24833333333333332 0.721 0.24666666666666667 0.718 0.25333333333333335 0.67 0.2886666666666667 0.4825 0.30366666666666664 0.463 0.38266666666666665 0.3805
0 0.9576666666666667 0 0.9913333333333333 0 0.9996666666666667 0.0065 0.9996666666666667 0.043 0.9976666666666667 0.0435 0.992 0.0565 0.9996666666666667 0.068 0.9996666666666667 0.0855 0.9976666666666667 0.0865 0.997 0.094 0.9973333333333333 0.0985 0.9996666666666667 0.0995 0.9996666666666667 0.1355 0.9773333333333334 0.1605 0.967 0.1755 0.9343333333333333 0.2045 0.8803333333333333 0.2585 0.877 0.261 0.8736666666666667 0.2595 0.8716666666666667 0.239 0.87 0.101 0.87 0.0935 0.8723333333333333 0.0875 0.899 0.0615 0.9233333333333333 0.033 0.9576666666666667 0.0005
0 0.106 0 0.12666666666666668 0 0.12433333333333334 0.0065 0.10233333333333333 0.033 0.09966666666666667 0.0325 0.099 0.029 0.106 0.0005
0 0.23066666666666666 0.7555 0.23 0.768 0.219 0.8225 0.216 0.8525 0.21266666666666667 0.859 0.20533333333333334 0.893 0.20333333333333334 0.9125 0.197 0.9425 0.19333333333333333 0.9515 0.14766666666666667 0.9995 0.12033333333333333 0.9995 0.118 0.9945 0.12066666666666667 0.9905 0.125 0.9705 0.132 0.925 0.14066666666666666 0.8945 0.149 0.849 0.154 0.8355 0.15933333333333333 0.827 0.22 0.763 0.23033333333333333 0.756
0 0.03 0.2705 0.029333333333333333 0.276 0.036333333333333336 0.2725 0.09266666666666666 0.2075 0.10866666666666666 0.152 0.11233333333333333 0.13 0.11066666666666666 0.1225 0.10833333333333334 0.1225 0.09866666666666667 0.133 0.053 0.189 0.043 0.2205