0 0.49566666666666664 0 0.594 0 0.6663333333333333 0.05325 0.6733333333333333 0.08375 0.673 0.10625 0.6776666666666666 0.1125 0.6743333333333333 0.117 0.6743333333333333 0.13025 0.681 0.16775 0.681 0.203 0.685 0.2155 0.688 0.2525 0.6863333333333334 0.259 0.6823333333333333 0.2605 0.641 0.23875 0.6336666666666667 0.23275 0.6166666666666667 0.22425 0.6093333333333333 0.21675 0.5746666666666667 0.195 0.5496666666666666 0.17625 0.5333333333333333 0.1675 0.5233333333333333 0.1565 0.5143333333333333 0.153 0.5043333333333333 0.14425 0.49433333333333335 0.01625 0.49566666666666664 0.00025
0 0.547 0.77425 0.6583333333333333 0.827 0.7463333333333333 0.872 0.75 0.87725 0.7523333333333333 0.891 0.758 0.96425 0.7626666666666667 0.99125 0.7576666666666667 0.99975 0.727 0.99975 0.724 0.997 0.7183333333333334 0.998 0.718 0.99975 0.683 0.99975 0.6823333333333333 0.99775 0.681 0.99975 0.6653333333333333 0.99975 0.6643333333333333 0.99775 0.6546666666666666 0.99675 0.6493333333333333 0.99775 0.6486666666666666 0.99975 0.614 0.99975 0.6126666666666667 0.9975 0.599 0.99775 0.598 0.99975 0.5783333333333334 0.99975 0.5773333333333334 0.99775 0.5726666666666667 0.99775 0.5716666666666667 0.99975 0.5643333333333334 0.99975 0.564 0.998 0.555 0.99625 0.553 0.99175 0.5536666666666666 0.96875 0.5426666666666666 0.78375 0.543 0.77575 0.5466666666666666 0.77425
0 0.8973333333333333 0.21475 0.9996666666666667 0.28525 0.9996666666666667 0.37775 0.9956666666666667 0.387 0.9976666666666667 0.39725 0.9996666666666667 0.39775 0.9996666666666667 0.4655 0.987 0.461 0.953 0.4375 0.931 0.42525 0.9216666666666666 0.4165 0.9173333333333333 0.40775 0.9096666666666666 0.37 0.905 0.31375 0.899 0.276 0.8936666666666667 0.2655 0.8963333333333333 0.2545 0.8933333333333333 0.218 0.897 0.21475
0 0.26566666666666666 0.03125 0.318 0.063 0.4696666666666667 0.1615 0.476 0.22625 0.48233333333333334 0.36375 0.4816666666666667 0.37975 0.47733333333333333 0.38225 0.4256666666666667 0.351 0.418 0.34875 0.4103333333333333 0.3425 0.36866666666666664 0.321 0.35533333333333333 0.3105 0.346 0.3075 0.3313333333333333 0.296 0.32033333333333336 0.2915 0.27666666666666667 0.26425 0.265 0.25425 0.2613333333333333 0.213 0.26 0.03775 0.26166666666666666 0.03175 0.2653333333333333 0.03125
0 0.5256666666666666 0.45025 0.5336666666666666 0.45275 0.5696666666666667 0.473 0.6733333333333333 0.5345 0.7156666666666667 0.557 0.718 0.56025 0.7206666666666667 0.6025 0.7266666666666667 0.626 0.724 0.63225 0.7283333333333334 0.651 0.728 0.6615 0.7303333333333333 0.66475 0.7303333333333333 0.68575 0.734 0.69225 0.7333333333333333 0.70325 0.7383333333333333 0.709 0.7346666666666667 0.721 0.7403333333333333 0.7375 0.737 0.7485 0.7423333333333333 0.82425 0.739 0.82675 0.733 0.825 0.5466666666666666 0.72825 0.5396666666666666 0.72275 0.5353333333333333 0.68775 0.524 0.489 0.523 0.45875 0.5256666666666666 0.4505
0 0.9723333333333334 0.707 0.9996666666666667 0.72075 0.9996666666666667 0.90875 0.9946666666666667 0.90625 0.9916666666666667 0.89325 0.965 0.71725 0.9663333333333334 0.7025 0.972 0.707
0 0.005333333333333333 0.865 0.065 0.88925 0.13866666666666666 0.9225 0.161 0.93025 0.203 0.95 0.22 0.95575 0.22333333333333333 0.9605 0.226 0.97725 0.22333333333333333 0.9865 0.224 0.99975 0.18466666666666667 0.99975 0.18233333333333332 0.99725 0.177 0.998 0.17666666666666667 0.99975 0.141 0.99975 0.14033333333333334 0.99775 0.13766666666666666 0.99975 0.09966666666666667 0.99975 0.099 0.99775 0.09 0.99775 0.08866666666666667 0.99975 0.087 0.998 0.08033333333333334 0.99975 0.078 0.99775 0.076 0.99975 0.07133333333333333 0.99775 0.068 0.998 0.06766666666666667 0.99975 0 0.99975 0 0.86525 0.005 0.865
0 0 0.14675 0.008333333333333333 0.1485 0.019 0.154 0.22133333333333333 0.2725 0.22566666666666665 0.28275 0.224 0.357 0.22433333333333333 0.37 0.227 0.373 0.22333333333333333 0.408 0.225 0.547 0.22466666666666665 0.554 0.22066666666666668 0.55825 0.20933333333333334 0.55425 0.05 0.4705 0 0.447 0 0.147
0 0.27 0.97725 0.307 0.99325 0.314 0.99425 0.315 0.99975 0.2663333333333333 0.99975 0.267 0.9815 0.26966666666666667 0.97725
0 0.731 0.3305 0.8936666666666667 0.4325 0.8976666666666666 0.44275 0.8963333333333333 0.45375 0.9003333333333333 0.49175 0.9073333333333333 0.52775 0.911 0.57175 0.9196666666666666 0.62925 0.9183333333333333 0.63925 0.9153333333333333 0.64025 0.8403333333333334 0.59825 0.828 0.589 0.776 0.55925 0.7416666666666667 0.532 0.7403333333333333 0.526 0.7436666666666667 0.52225 0.7436666666666667 0.501 0.7336666666666667 0.4145 0.7306666666666667 0.408 0.7313333333333333 0.3755 0.726 0.3425 0.727 0.3315 0.7306666666666667 0.3305
0 0.7913333333333333 0.89375 0.8106666666666666 0.902 0.9676666666666667 0.98375 0.976 0.99425 0.9736666666666667 0.99975 0.8513333333333334 0.99975 0.8496666666666667 0.9975 0.8456666666666667 0.99975 0.8003333333333333 0.99975 0.795 0.97675 0.788 0.90675 0.7876666666666666 0.8975 0.791 0.89375
0 0 0.494 0.005 0.49425 0.019333333333333334 0.50075 0.18566666666666667 0.58625 0.21766666666666667 0.6005 0.22333333333333333 0.60575 0.22533333333333333 0.75125 0.223 0.822 0.225 0.83225 0.22266666666666668 0.8385 0.22233333333333333 0.86375 0.223 0.8845 0.22566666666666665 0.88725 0.22266666666666668 0.89425 0.22366666666666668 0.89875 0.22833333333333333 0.90075 0.22033333333333333 0.9075 0.19966666666666666 0.9015 0 0.815 0 0.7795 0.003 0.77625 0 0.7725 0 0.5435 0.0026666666666666666 0.54025 0 0.53825 0 0.49425
0 0.0036666666666666666 0 0.06366666666666666 0 0.06666666666666667 0.00275 0.08566666666666667 0.0025 0.088 0 0.15566666666666668 0 0.156 0.00175 0.16433333333333333 0.00325 0.16833333333333333 0.00325 0.171 0 0.21933333333333332 0 0.22 0.0025 0.22566666666666665 0.005 0.223 0.0085 0.22366666666666668 0.01425 0.22733333333333333 0.01225 0.23066666666666666 0.015 0.22766666666666666 0.01675 0.224 0.01575 0.22266666666666668 0.019 0.22466666666666665 0.223 0.22 0.2295 0.133 0.18125 0.10566666666666667 0.16275 0.010666666666666666 0.10625 0 0.10175 0 0.00325 0.0036666666666666666 0.00025
0 0.269 0.3005 0.48033333333333333 0.42 0.48633333333333334 0.427 0.49166666666666664 0.5015 0.49366666666666664 0.604 0.49833333333333335 0.65725 0.49866666666666665 0.68575 0.49766666666666665 0.6965 0.49466666666666664 0.70025 0.484 0.69675 0.43766666666666665 0.671 0.37466666666666665 0.641 0.26866666666666666 0.5825 0.2653333333333333 0.51625 0.26366666666666666 0.339 0.26466666666666666 0.3065 0.26866666666666666 0.3005
0 0.9326666666666666 0.45775 0.9496666666666667 0.4665 0.98 0.48825 0.9996666666666667 0.49875 0.9996666666666667 0.55625 0.9943333333333333 0.564 0.9956666666666667 0.5715 0.9996666666666667 0.576 0.9996666666666667 0.688 0.9873333333333333 0.68325 0.9653333333333334 0.66975 0.952 0.657 0.9536666666666667 0.6465 0.9516666666666667 0.62675 0.9413333333333334 0.569 0.928 0.4655 0.9286666666666666 0.45825 0.9323333333333333 0.45775
0 0.29233333333333333 0 0.37233333333333335 0 0.373 0.002 0.37533333333333335 0 0.463 0 0.4663333333333333 0.10725 0.4656666666666667 0.11975 0.4633333333333333 0.121 0.4553333333333333 0.117 0.297 0.013 0.29 0.00525 0.29233333333333333 0.00025
0 0.7586666666666667 0.584 0.9306666666666666 0.68225 0.964 0.92375 0.9653333333333334 0.93925 0.9626666666666667 0.943 0.9523333333333334 0.93975 0.8273333333333334 0.87625 0.791 0.856 0.7826666666666666 0.84825 0.7536666666666667 0.5945 0.754 0.58675 0.7583333333333333 0.584
0 0.7063333333333334 0.083 0.7343333333333333 0.09975 0.834 0.1705 0.8526666666666667 0.18125 0.8623333333333333 0.19175 0.8613333333333333 0.2 0.8723333333333333 0.29275 0.8796666666666667 0.326 0.8843333333333333 0.37825 0.8826666666666667 0.39025 0.8796666666666667 0.39125 0.8703333333333333 0.3875 0.7966666666666666 0.34225 0.7853333333333333 0.3325 0.7653333333333333 0.321 0.7436666666666667 0.30325 0.727 0.29325 0.7166666666666667 0.279 0.713 0.26675 0.713 0.25075 0.7163333333333334 0.2375 0.704 0.14775 0.706 0.137 0.7036666666666667 0.13025 0.7053333333333334 0.123 0.7016666666666667 0.088 0.706 0.08325
0 0.5126666666666667 0.191 0.5276666666666666 0.19825 0.632 0.26675 0.686 0.2995 0.6916666666666667 0.30525 0.6966666666666667 0.31725 0.696 0.3385 0.7 0.36175 0.7066666666666667 0.4635 0.7123333333333334 0.50475 0.71 0.51775 0.672 0.4985 0.6476666666666666 0.483 0.6393333333333333 0.48025 0.5966666666666667 0.45275 0.584 0.44725 0.5776666666666667 0.441 0.5386666666666666 0.4185 0.5186666666666667 0.40275 0.5073333333333333 0.21825 0.5073333333333333 0.196 0.5086666666666667 0.192 0.5123333333333333 0.191
0 0.9066666666666666 0 0.9883333333333333 0 0.9863333333333333 0.0095 0.9936666666666667 0.059 0.9913333333333333 0.06875 0.984 0.065 0.908 0.00875 0.9066666666666666 0.00025
0 0.2763333333333333 0.631 0.49333333333333335 0.74025 0.5 0.7455 0.5043333333333333 0.76675 0.5046666666666667 0.8135 0.5086666666666667 0.84725 0.508 0.8825 0.5133333333333333 0.9245 0.5116666666666667 0.93775 0.5146666666666667 0.946 0.512 0.96275 0.512 0.99975 0.4816666666666667 0.99975 0.48133333333333334 0.998 0.474 0.99675 0.4653333333333333 0.99775 0.4646666666666667 0.99975 0.43466666666666665 0.99975 0.43233333333333335 0.99725 0.4146666666666667 0.99675 0.269 0.9305 0.2663333333333333 0.647 0.26766666666666666 0.63025 0.27266666666666667 0.6285 0.276 0.631
0 0.6913333333333334 0 0.7453333333333333 0 0.7496666666666667 0.003 0.754 0.00225 0.755 0 0.836 0 0.8533333333333334 0.14025 0.852 0.1485 0.8483333333333334 0.149 0.843 0.1465 0.769 0.09475 0.7263333333333334 0.0605 0.7 0.04225 0.6953333333333334 0.036 0.691 0.019 0.694 0.009 0.6903333333333334 0.00525 0.6913333333333334 0.00025
0 0.862 0.005 0.873 0.00925 0.987 0.09425 0.9963333333333333 0.102 0.9996666666666667 0.10875 0.9996666666666667 0.16275 0.9966666666666667 0.165 0.9956666666666667 0.17575 0.9956666666666667 0.18225 0.9996666666666667 0.185 0.9996666666666667 0.248 0.994 0.24775 0.9736666666666667 0.238 0.9243333333333333 0.20025 0.893 0.1795 0.88 0.165 0.8786666666666667 0.16025 0.8763333333333333 0.1165 0.8656666666666667 0.07025 0.8666666666666667 0.04325 0.865 0.015 0.862 0.00525