0 0.8693333333333333 0.9335 0.8866666666666667 0.9345 0.892 0.938 0.892 0.9995 0.844 0.9995 0.845 0.9355 0.869 0.9335
0 0.865 0.524 0.8886666666666667 0.5245 0.8916666666666667 0.529 0.8923333333333333 0.6995 0.8906666666666667 0.7205 0.8483333333333334 0.72 0.845 0.715 0.8443333333333334 0.6325 0.841 0.6265 0.8443333333333334 0.6145 0.8446666666666667 0.5285 0.8453333333333334 0.5255 0.849 0.524 0.8646666666666667 0.524
0 0.577 0.9375 0.5766666666666667 0.9995 0.5323333333333333 0.9995 0.5303333333333333 0.9935 0.529 0.961 0.529 0.939 0.532 0.936 0.5766666666666667 0.9375
0 0.5483333333333333 0.524 0.5753333333333334 0.5245 0.5783333333333334 0.53 0.5773333333333334 0.62 0.5786666666666667 0.675 0.577 0.7 0.578 0.715 0.5756666666666667 0.721 0.533 0.7205 0.5306666666666666 0.716 0.531 0.663 0.53 0.6335 0.528 0.623 0.53 0.615 0.53 0.5315 0.5326666666666666 0.525 0.548 0.524
0 0.7933333333333333 0.352 0.8336666666666667 0.353 0.84 0.3555 0.8406666666666667 0.462 0.8386666666666667 0.513 0.8136666666666666 0.5145 0.7933333333333333 0.512 0.7916666666666666 0.432 0.7933333333333333 0.3525
0 0.7833333333333333 0.5245 0.7873333333333333 0.5295 0.7883333333333333 0.6715 0.7873333333333333 0.7165 0.7863333333333333 0.7205 0.7833333333333333 0.7215 0.7453333333333333 0.7205 0.741 0.718 0.7403333333333333 0.6325 0.7373333333333333 0.626 0.7403333333333333 0.6095 0.7406666666666667 0.526 0.7436666666666667 0.524 0.783 0.5245
0 0.7823333333333333 0.8495 0.787 0.855 0.7866666666666666 0.925 0.7573333333333333 0.929 0.741 0.9275 0.7393333333333333 0.9185 0.74 0.7825 0.7383333333333333 0.7745 0.7403333333333333 0.755 0.7396666666666667 0.736 0.7443333333333333 0.7295 0.7866666666666666 0.731 0.7873333333333333 0.84 0.782 0.8495
0 0.729 0.353 0.7346666666666667 0.3555 0.7356666666666667 0.465 0.7333333333333333 0.4735 0.7353333333333333 0.4795 0.7353333333333333 0.51 0.7323333333333333 0.514 0.7033333333333334 0.515 0.6913333333333334 0.5145 0.6883333333333334 0.512 0.6873333333333334 0.4105 0.6853333333333333 0.401 0.687 0.394 0.6876666666666666 0.357 0.6913333333333334 0.3525 0.7286666666666667 0.353
0 0.707 0.935 0.7343333333333333 0.9355 0.7346666666666667 0.9995 0.686 0.9995 0.6873333333333334 0.9915 0.6863333333333334 0.9385 0.69 0.9355 0.7066666666666667 0.935
0 0.43666666666666665 0.3515 0.471 0.352 0.47333333333333333 0.3555 0.4723333333333333 0.512 0.441 0.5145 0.43 0.5145 0.42633333333333334 0.512 0.4236666666666667 0.475 0.426 0.451 0.4256666666666667 0.3555 0.42833333333333334 0.352 0.43633333333333335 0.3515
0 0.6256666666666667 0.9365 0.629 0.9385 0.63 0.944 0.6296666666666667 0.9995 0.581 0.9995 0.583 0.9375 0.6253333333333333 0.9365
0 0.6786666666666666 0.5245 0.682 0.527 0.683 0.5345 0.684 0.6275 0.6826666666666666 0.717 0.6766666666666666 0.7215 0.636 0.7195 0.6353333333333333 0.633 0.6333333333333333 0.6245 0.6353333333333333 0.617 0.6356666666666667 0.5265 0.6393333333333333 0.5245 0.6783333333333333 0.5245
0 0.714 0.73 0.7306666666666667 0.73 0.7346666666666667 0.7335 0.7336666666666667 0.773 0.736 0.7835 0.7346666666666667 0.919 0.731 0.926 0.7216666666666667 0.9275 0.689 0.9265 0.6873333333333334 0.9175 0.6873333333333334 0.863 0.6846666666666666 0.849 0.6876666666666666 0.816 0.6873333333333334 0.734 0.6926666666666667 0.73 0.7136666666666667 0.73
0 0.889 0.7285 0.8926666666666667 0.734 0.8913333333333333 0.9225 0.8903333333333333 0.9255 0.8683333333333333 0.9285 0.8483333333333334 0.928 0.8436666666666667 0.918 0.8446666666666667 0.733 0.847 0.7295 0.8886666666666667 0.7285
0 0.9716666666666667 0.524 0.9926666666666667 0.5245 0.995 0.5255 0.9956666666666667 0.5295 0.9963333333333333 0.703 0.9953333333333333 0.717 0.9926666666666667 0.7195 0.9493333333333334 0.7175 0.9473333333333334 0.6335 0.9426666666666667 0.623 0.9356666666666666 0.628 0.9313333333333333 0.6265 0.9346666666666666 0.6205 0.943 0.623 0.9483333333333334 0.618 0.949 0.5275 0.952 0.5245 0.9713333333333334 0.524
0 0.576 0.3535 0.5786666666666667 0.3565 0.579 0.369 0.5776666666666667 0.4005 0.579 0.491 0.578 0.511 0.5743333333333334 0.515 0.5323333333333333 0.5135 0.5306666666666666 0.5095 0.529 0.473 0.531 0.3545 0.5756666666666667 0.3535
0 0.904 0.524 0.9406666666666667 0.5245 0.9436666666666667 0.528 0.9436666666666667 0.619 0.9263333333333333 0.623 0.9286666666666666 0.629 0.94 0.6285 0.9443333333333334 0.632 0.9433333333333334 0.7175 0.9396666666666667 0.72 0.923 0.7205 0.9 0.7205 0.897 0.7175 0.8966666666666666 0.535 0.8976666666666666 0.526 0.9036666666666666 0.524
0 0.647 0.9355 0.6793333333333333 0.936 0.6833333333333333 0.939 0.6826666666666666 0.9915 0.677 0.9995 0.636 0.9995 0.6346666666666667 0.939 0.638 0.936 0.6466666666666666 0.9355
0 0.9936666666666667 0.934 0.996 0.9405 0.9963333333333333 0.9925 0.995 0.997 0.9893333333333333 0.9995 0.9486666666666667 0.9995 0.9483333333333334 0.9435 0.9493333333333334 0.936 0.9516666666666667 0.9345 0.9933333333333333 0.934
0 0.4706666666666667 0.936 0.4723333333333333 0.939 0.472 0.9905 0.4676666666666667 0.9995 0.426 0.9995 0.424 0.942 0.42533333333333334 0.938 0.429 0.9365 0.4703333333333333 0.936
0 0.49233333333333335 0.524 0.523 0.525 0.525 0.5285 0.5263333333333333 0.5475 0.526 0.6125 0.5233333333333333 0.6245 0.526 0.643 0.5246666666666666 0.716 0.5223333333333333 0.7205 0.493 0.7215 0.47833333333333333 0.72 0.4756666666666667 0.701 0.47733333333333333 0.683 0.47733333333333333 0.633 0.476 0.63 0.4776666666666667 0.587 0.476 0.5445 0.479 0.5255 0.492 0.524
0 0.741 0.353 0.786 0.3535 0.7876666666666666 0.359 0.788 0.4045 0.787 0.512 0.7763333333333333 0.5145 0.741 0.5135 0.7386666666666667 0.475 0.741 0.3535
0 0.8253333333333334 0.5235 0.8373333333333334 0.524 0.84 0.5285 0.84 0.616 0.8353333333333334 0.6265 0.8396666666666667 0.633 0.8396666666666667 0.7175 0.8376666666666667 0.72 0.798 0.721 0.7926666666666666 0.7165 0.7916666666666666 0.6965 0.793 0.527 0.799 0.5235 0.825 0.5235
0 0.508 0.7305 0.5233333333333333 0.7315 0.5253333333333333 0.747 0.524 0.772 0.5256666666666666 0.801 0.5246666666666666 0.913 0.5223333333333333 0.927 0.513 0.9285 0.48033333333333333 0.9275 0.477 0.9255 0.4766666666666667 0.92 0.47733333333333333 0.878 0.47533333333333333 0.8485 0.477 0.827 0.4776666666666667 0.734 0.48033333333333333 0.7305 0.5076666666666667 0.7305
0 0.627 0.525 0.6306666666666667 0.529 0.631 0.556 0.631 0.6145 0.629 0.626 0.631 0.6515 0.631 0.7175 0.6283333333333333 0.721 0.585 0.721 0.583 0.7175 0.581 0.6965 0.583 0.689 0.582 0.6375 0.5843333333333334 0.6265 0.5826666666666667 0.6205 0.5816666666666667 0.5545 0.5836666666666667 0.527 0.5866666666666667 0.5245 0.6266666666666667 0.525
0 0.8043333333333333 0.934 0.828 0.934 0.8386666666666667 0.937 0.8396666666666667 0.9945 0.8383333333333334 0.9995 0.809 0.9995 0.8086666666666666 0.9975 0.8023333333333333 0.9995 0.7923333333333333 0.9955 0.7923333333333333 0.936 0.804 0.934
0 0.6283333333333333 0.7305 0.6306666666666667 0.7345 0.6303333333333333 0.9195 0.627 0.9275 0.621 0.929 0.5846666666666667 0.927 0.583 0.925 0.582 0.855 0.5796666666666667 0.8495 0.5826666666666667 0.835 0.583 0.7385 0.5833333333333334 0.7335 0.587 0.731 0.628 0.7305
0 0.448 0.7305 0.469 0.7305 0.4716666666666667 0.733 0.473 0.7755 0.4723333333333333 0.925 0.4706666666666667 0.9285 0.45166666666666666 0.929 0.426 0.928 0.424 0.9185 0.42533333333333334 0.7965 0.4236666666666667 0.7735 0.42533333333333334 0.734 0.42933333333333334 0.7305 0.44766666666666666 0.7305
0 0.9546666666666667 0.729 0.9926666666666667 0.7295 0.9956666666666667 0.7345 0.9953333333333333 0.9225 0.994 0.925 0.9703333333333334 0.9265 0.9496666666666667 0.9255 0.9483333333333334 0.918 0.9486666666666667 0.744 0.9496666666666667 0.731 0.9543333333333334 0.729
0 0.508 0.352 0.5233333333333333 0.353 0.5256666666666666 0.3555 0.5263333333333333 0.3645 0.527 0.4085 0.525 0.45 0.526 0.4705 0.5246666666666666 0.4735 0.526 0.495 0.5243333333333333 0.512 0.516 0.5145 0.48 0.514 0.4776666666666667 0.5115 0.477 0.503 0.47633333333333333 0.3945 0.47833333333333333 0.355 0.48033333333333333 0.352 0.5076666666666667 0.352
0 0.6256666666666667 0.3535 0.6306666666666667 0.3555 0.6313333333333333 0.411 0.631 0.5085 0.63 0.513 0.6266666666666667 0.515 0.587 0.5145 0.5836666666666667 0.512 0.5833333333333334 0.424 0.5826666666666667 0.4085 0.58 0.4025 0.583 0.392 0.584 0.354 0.6253333333333333 0.3535
0 0.711 0.524 0.7313333333333333 0.524 0.735 0.5265 0.7356666666666667 0.6185 0.733 0.6265 0.736 0.6315 0.7353333333333333 0.706 0.7343333333333333 0.7205 0.7066666666666667 0.7215 0.689 0.7215 0.6873333333333334 0.7185 0.6876666666666666 0.6385 0.686 0.6265 0.6876666666666666 0.618 0.688 0.578 0.6863333333333334 0.553 0.689 0.5255 0.7106666666666667 0.524
0 0.903 0.7295 0.94 0.73 0.9433333333333334 0.734 0.9446666666666667 0.777 0.943 0.919 0.9423333333333334 0.925 0.9256666666666666 0.9265 0.9006666666666666 0.926 0.8973333333333333 0.925 0.8963333333333333 0.9205 0.897 0.855 0.8946666666666667 0.847 0.897 0.842 0.8963333333333333 0.737 0.898 0.731 0.9026666666666666 0.7295
0 0.571 0.731 0.577 0.7335 0.5776666666666667 0.7435 0.5766666666666667 0.925 0.5743333333333334 0.928 0.5473333333333333 0.9295 0.5306666666666666 0.9285 0.5293333333333333 0.926 0.53 0.7895 0.5276666666666666 0.771 0.5303333333333333 0.755 0.53 0.734 0.5333333333333333 0.7305 0.5706666666666667 0.731
0 0.7646666666666667 0.9345 0.783 0.9345 0.787 0.9375 0.7873333333333333 0.9865 0.7866666666666666 0.9955 0.7843333333333333 0.9995 0.7406666666666667 0.9995 0.7393333333333333 0.9945 0.7393333333333333 0.936 0.7643333333333333 0.9345
0 0.9173333333333333 0.934 0.943 0.9355 0.9433333333333334 0.9995 0.913 0.9995 0.9113333333333333 0.997 0.9086666666666666 0.9995 0.9056666666666666 0.9975 0.901 0.9995 0.897 0.9945 0.8956666666666667 0.9385 0.9006666666666666 0.934 0.917 0.934
0 0.8016666666666666 0.7295 0.835 0.73 0.84 0.734 0.84 0.918 0.8383333333333334 0.9255 0.8316666666666667 0.9275 0.7956666666666666 0.926 0.7923333333333333 0.9195 0.792 0.854 0.7893333333333333 0.848 0.7923333333333333 0.841 0.7926666666666666 0.74 0.794 0.7305 0.8013333333333333 0.7295
0 0.8516666666666667 0.3525 0.8886666666666667 0.353 0.8923333333333333 0.358 0.8933333333333333 0.405 0.8916666666666667 0.4325 0.8916666666666667 0.512 0.866 0.5145 0.8443333333333334 0.512 0.8443333333333334 0.3595 0.8456666666666667 0.353 0.8513333333333334 0.3525
0 0.9926666666666667 0.3535 0.9953333333333333 0.3595 0.996 0.4705 0.9956666666666667 0.5095 0.9913333333333333 0.5155 0.9523333333333334 0.515 0.9493333333333334 0.512 0.9483333333333334 0.3605 0.9493333333333334 0.355 0.9516666666666667 0.3535 0.9923333333333333 0.3535
0 0.6793333333333333 0.353 0.683 0.356 0.6843333333333333 0.4875 0.6826666666666666 0.512 0.6793333333333333 0.5145 0.6423333333333333 0.5155 0.636 0.5125 0.634 0.474 0.6356666666666667 0.4675 0.6356666666666667 0.3555 0.6386666666666667 0.353 0.679 0.353
0 0.4706666666666667 0.5245 0.4726666666666667 0.55 0.4726666666666667 0.6265 0.474 0.63 0.4716666666666667 0.661 0.472 0.7165 0.4703333333333333 0.7205 0.43666666666666665 0.721 0.428 0.7205 0.426 0.7175 0.425 0.6435 0.42233333333333334 0.6235 0.4246666666666667 0.6135 0.426 0.5865 0.426 0.5275 0.43166666666666664 0.524 0.4703333333333333 0.5245
0 0.6436666666666667 0.73 0.6776666666666666 0.7305 0.6826666666666666 0.734 0.684 0.842 0.682 0.9215 0.6806666666666666 0.9255 0.6733333333333333 0.9285 0.6546666666666666 0.9305 0.6373333333333333 0.9285 0.635 0.9215 0.634 0.776 0.6353333333333333 0.7335 0.6376666666666667 0.73 0.6433333333333333 0.73
0 0.903 0.353 0.9426666666666667 0.3555 0.9433333333333334 0.498 0.943 0.512 0.9396666666666667 0.5145 0.9006666666666666 0.5145 0.897 0.512 0.8963333333333333 0.3605 0.898 0.354 0.9026666666666666 0.353
0 0.48233333333333334 0.9355 0.5236666666666666 0.938 0.5253333333333333 0.947 0.5243333333333333 0.9995 0.477 0.9995 0.476 0.9425 0.478 0.9365 0.482 0.9355