0 0.819 0.5182222222222223 0.8696666666666667 0.522 0.8736666666666667 0.5271111111111111 0.8733333333333333 0.8015555555555556 0.8673333333333333 0.8037777777777778 0.8136666666666666 0.8017777777777778 0.8073333333333333 0.8004444444444444 0.806 0.7968888888888889 0.806 0.5217777777777778 0.8083333333333333 0.5186666666666667 0.8186666666666667 0.5182222222222223
0 0.7026666666666667 0 0.7703333333333333 0 0.7726666666666666 0.035333333333333335 0.7706666666666667 0.2551111111111111 0.7646666666666667 0.2571111111111111 0.7033333333333334 0.25155555555555553 0.7013333333333334 0.1968888888888889 0.7026666666666667 0.00022222222222222223
0 0.601 0.7975555555555556 0.661 0.7991111111111111 0.667 0.8035555555555556 0.6693333333333333 0.8553333333333333 0.6676666666666666 0.9997777777777778 0.643 0.9997777777777778 0.6403333333333333 0.9973333333333333 0.6236666666666667 0.9977777777777778 0.6223333333333333 0.9997777777777778 0.5966666666666667 0.9997777777777778 0.5953333333333334 0.8028888888888889 0.597 0.7984444444444444 0.6006666666666667 0.7975555555555556
0 0.8216666666666667 0.26555555555555554 0.8656666666666667 0.2693333333333333 0.8723333333333333 0.2722222222222222 0.8733333333333333 0.27466666666666667 0.874 0.5126666666666667 0.8696666666666667 0.516 0.816 0.5133333333333333 0.8093333333333333 0.5122222222222222 0.8063333333333333 0.5088888888888888 0.806 0.2722222222222222 0.8083333333333333 0.26644444444444443 0.8213333333333334 0.26555555555555554
0 0.597 0 0.6673333333333333 0 0.669 0.035555555555555556 0.6673333333333333 0.24488888888888888 0.6646666666666666 0.2477777777777778 0.6543333333333333 0.24822222222222223 0.5986666666666667 0.2437777777777778 0.5956666666666667 0.23777777777777778 0.597 0.00022222222222222223
0 0.718 0.8015555555555556 0.7663333333333333 0.8035555555555556 0.771 0.8068888888888889 0.773 0.9846666666666667 0.7723333333333333 0.9946666666666667 0.7666666666666667 0.9997777777777778 0.7046666666666667 0.9997777777777778 0.7026666666666667 0.9957777777777778 0.7026666666666667 0.8037777777777778 0.706 0.8017777777777778 0.7176666666666667 0.8015555555555556
0 0.7093333333333334 0.5113333333333333 0.766 0.5144444444444445 0.7706666666666667 0.5182222222222223 0.7716666666666666 0.7897777777777778 0.771 0.7968888888888889 0.7663333333333333 0.7991111111111111 0.7123333333333334 0.7973333333333333 0.706 0.7964444444444444 0.7026666666666667 0.7937777777777778 0.7026666666666667 0.5135555555555555 0.703 0.512 0.709 0.5113333333333333
0 0.9113333333333333 0.27311111111111114 0.9736666666666667 0.2797777777777778 0.9756666666666667 0.33311111111111114 0.9733333333333334 0.42177777777777775 0.9746666666666667 0.5366666666666666 0.9703333333333334 0.5402222222222223 0.9563333333333334 0.5404444444444444 0.911 0.5364444444444444 0.9086666666666666 0.40066666666666667 0.9113333333333333 0.2733333333333333
0 0.484 0 0.5626666666666666 0 0.564 0.035111111111111114 0.5626666666666666 0.23755555555555555 0.5556666666666666 0.23977777777777778 0.48433333333333334 0.23422222222222222 0.482 0.22511111111111112 0.4816666666666667 0.01622222222222222 0.484 0.00022222222222222223
0 0.7113333333333334 0.258 0.7626666666666667 0.262 0.7683333333333333 0.26355555555555554 0.7706666666666667 0.2668888888888889 0.7723333333333333 0.4955555555555556 0.7706666666666667 0.5084444444444445 0.7673333333333333 0.5097777777777778 0.7083333333333334 0.5062222222222222 0.702 0.502 0.7023333333333334 0.2608888888888889 0.703 0.2584444444444444 0.711 0.258
0 0.498 0.24044444444444443 0.5396666666666666 0.2431111111111111 0.5603333333333333 0.24666666666666667 0.563 0.25177777777777777 0.5636666666666666 0.47555555555555556 0.5623333333333334 0.49422222222222223 0.559 0.49577777777777776 0.489 0.49244444444444446 0.48433333333333334 0.49177777777777776 0.4816666666666667 0.48777777777777775 0.482 0.24622222222222223 0.48433333333333334 0.24022222222222223 0.49766666666666665 0.24044444444444443
0 0.8196666666666667 0.8057777777777778 0.869 0.8088888888888889 0.873 0.8122222222222222 0.8746666666666667 0.9951111111111111 0.871 0.9997777777777778 0.806 0.9997777777777778 0.806 0.8106666666666666 0.8076666666666666 0.8066666666666666 0.8193333333333334 0.8057777777777778
0 0.6176666666666667 0.5051111111111111 0.6613333333333333 0.5084444444444445 0.6653333333333333 0.5104444444444445 0.667 0.5151111111111111 0.6686666666666666 0.7773333333333333 0.6676666666666666 0.7902222222222223 0.6646666666666666 0.7942222222222223 0.5986666666666667 0.7911111111111111 0.5963333333333334 0.7871111111111111 0.5963333333333334 0.5111111111111111 0.5986666666666667 0.506 0.6173333333333333 0.5051111111111111
0 0.8086666666666666 0 0.872 0 0.874 0.004888888888888889 0.8743333333333333 0.06444444444444444 0.871 0.21688888888888888 0.8736666666666667 0.23355555555555554 0.8713333333333333 0.24177777777777779 0.873 0.26222222222222225 0.8693333333333333 0.264 0.8506666666666667 0.264 0.807 0.2588888888888889 0.806 0.06822222222222223 0.8086666666666666 0.00022222222222222223
0 0.9483333333333334 0.544 0.9703333333333334 0.546 0.9743333333333334 0.5526666666666666 0.975 0.8015555555555556 0.974 0.8073333333333333 0.9703333333333334 0.8084444444444444 0.9143333333333333 0.8057777777777778 0.9106666666666666 0.8046666666666666 0.9093333333333333 0.8002222222222222 0.9103333333333333 0.5468888888888889 0.9146666666666666 0.5437777777777778 0.948 0.544
0 0.49166666666666664 0.49733333333333335 0.556 0.502 0.5606666666666666 0.5033333333333333 0.5626666666666666 0.5082222222222222 0.5626666666666666 0.7866666666666666 0.5606666666666666 0.7886666666666666 0.5433333333333333 0.7891111111111111 0.488 0.7866666666666666 0.48433333333333334 0.7855555555555556 0.4826666666666667 0.7813333333333333 0.48233333333333334 0.5084444444444445 0.4836666666666667 0.498 0.49133333333333334 0.49733333333333335
0 0.9293333333333333 0.8102222222222222 0.9556666666666667 0.8133333333333334 0.9696666666666667 0.8131111111111111 0.9743333333333334 0.8173333333333334 0.9756666666666667 0.9946666666666667 0.9736666666666667 0.9997777777777778 0.914 0.9997777777777778 0.9096666666666666 0.9948888888888889 0.91 0.8144444444444444 0.9136666666666666 0.8106666666666666 0.929 0.8102222222222222
0 0.599 0.24955555555555556 0.6413333333333333 0.25133333333333335 0.6643333333333333 0.2548888888888889 0.668 0.25866666666666666 0.6686666666666666 0.4642222222222222 0.666 0.5017777777777778 0.6536666666666666 0.5028888888888889 0.6086666666666667 0.49977777777777777 0.599 0.49844444444444447 0.5966666666666667 0.49466666666666664 0.596 0.2584444444444444 0.5986666666666667 0.24977777777777777
0 0.9116666666666666 0 0.9733333333333334 0 0.9753333333333334 0.024444444444444446 0.9736666666666667 0.27 0.9703333333333334 0.27355555555555555 0.9556666666666667 0.27311111111111114 0.9113333333333333 0.2668888888888889 0.9103333333333333 0.1368888888888889 0.9073333333333333 0.10133333333333333 0.9096666666666666 0.09311111111111112 0.909 0.02022222222222222 0.9116666666666666 0.00022222222222222223
0 0.492 0.7913333333333333 0.543 0.7931111111111111 0.5616666666666666 0.7966666666666666 0.5643333333333334 0.9393333333333334 0.5636666666666666 0.9946666666666667 0.5603333333333333 0.9997777777777778 0.48533333333333334 0.9997777777777778 0.48433333333333334 0.9975555555555555 0.48233333333333334 0.8017777777777778 0.484 0.7924444444444444 0.49166666666666664 0.7913333333333333