0 0.831 0.705 0.8573333333333333 0.706 0.864 0.71 0.878 0.804 0.874 0.8105 0.8596666666666667 0.811 0.84 0.811 0.836 0.806 0.8226666666666667 0.7135 0.824 0.7055 0.8306666666666667 0.705
0 0.23666666666666666 0.9145 0.24133333333333334 0.916 0.242 0.93 0.23566666666666666 0.9995 0.21133333333333335 0.9995 0.21 0.997 0.19566666666666666 0.997 0.191 0.9995 0.188 0.9945 0.19833333333333333 0.9185 0.20333333333333334 0.915 0.23633333333333334 0.9145
0 0.37733333333333335 0.0675 0.38 0.0155 0.38466666666666666 0.013 0.404 0.012 0.4083333333333333 0.012 0.41 0.015 0.4086666666666667 0.0675 0.37766666666666665 0.0675
0 0.931 0.241 0.947 0.3035 0.947 0.307 0.9433333333333334 0.309 0.9116666666666666 0.307 0.9 0.2505 0.9006666666666666 0.2405 0.9306666666666666 0.241
0 0.48833333333333334 0.912 0.5203333333333333 0.9145 0.524 0.917 0.526 0.9895 0.5246666666666666 0.9995 0.48033333333333333 0.9995 0.4796666666666667 0.917 0.483 0.913 0.488 0.912
0 0.7166666666666667 0.2405 0.7216666666666667 0.2435 0.724 0.2565 0.7293333333333333 0.306 0.7283333333333334 0.3105 0.7253333333333334 0.3115 0.7003333333333334 0.3105 0.6936666666666667 0.307 0.694 0.295 0.6913333333333334 0.2835 0.6876666666666666 0.2445 0.6926666666666667 0.241 0.7163333333333334 0.2405
0 0.8606666666666667 0.12 0.8726666666666667 0.123 0.8796666666666667 0.1605 0.883 0.173 0.887 0.1785 0.877 0.1825 0.8636666666666667 0.1835 0.8533333333333334 0.183 0.8506666666666667 0.1805 0.8406666666666667 0.127 0.8416666666666667 0.1205 0.8603333333333333 0.12
0 0.5676666666666667 0.2415 0.5793333333333334 0.2445 0.5813333333333334 0.263 0.5833333333333334 0.3055 0.581 0.3095 0.5726666666666667 0.3105 0.55 0.3105 0.5476666666666666 0.307 0.5463333333333333 0.243 0.548 0.241 0.5673333333333334 0.2415
0 0.5763333333333334 0.1785 0.578 0.171 0.575 0.123 0.5796666666666667 0.12 0.606 0.12 0.6093333333333333 0.139 0.6106666666666667 0.182 0.5803333333333334 0.183 0.5766666666666667 0.179
0 0.8176666666666667 0.528 0.8326666666666667 0.5285 0.8366666666666667 0.5315 0.8396666666666667 0.5605 0.8483333333333334 0.6105 0.8476666666666667 0.6185 0.822 0.621 0.8103333333333333 0.6195 0.8003333333333333 0.557 0.7983333333333333 0.5325 0.8 0.529 0.8173333333333334 0.5285
0 0.9566666666666667 0.1195 0.9726666666666667 0.123 0.9796666666666667 0.1585 0.986 0.1785 0.9813333333333333 0.182 0.958 0.183 0.9523333333333334 0.1785 0.9396666666666667 0.123 0.9423333333333334 0.119 0.9563333333333334 0.1195
0 0.7246666666666667 0.911 0.7523333333333333 0.9125 0.756 0.915 0.7633333333333333 0.981 0.767 0.9995 0.7196666666666667 0.9995 0.7123333333333334 0.915 0.7166666666666667 0.9115 0.7243333333333334 0.911
0 0.6063333333333333 0.2405 0.6136666666666667 0.241 0.6163333333333333 0.2445 0.621 0.303 0.6196666666666667 0.3105 0.617 0.311 0.5883333333333334 0.3105 0.5856666666666667 0.307 0.5856666666666667 0.286 0.582 0.244 0.5846666666666667 0.241 0.606 0.2405
0 0.5766666666666667 0.5305 0.592 0.531 0.5953333333333334 0.536 0.598 0.598 0.6003333333333334 0.6135 0.597 0.6195 0.5713333333333334 0.6215 0.5613333333333334 0.62 0.5596666666666666 0.616 0.557 0.5355 0.5603333333333333 0.531 0.5763333333333334 0.5305
0 0.127 0.077 0.12933333333333333 0.0805 0.129 0.088 0.123 0.1265 0.104 0.13 0.09233333333333334 0.127 0.10133333333333333 0.0785 0.105 0.076 0.12666666666666668 0.077
0 0.47833333333333333 0.8035 0.479 0.711 0.4826666666666667 0.7085 0.518 0.7085 0.521 0.7555 0.5213333333333333 0.8075 0.519 0.8105 0.49733333333333335 0.81 0.48633333333333334 0.813 0.4806666666666667 0.8115 0.4786666666666667 0.804
0 0.311 0.012 0.315 0.0155 0.31466666666666665 0.028 0.31166666666666665 0.0655 0.308 0.069 0.281 0.0675 0.2793333333333333 0.057 0.285 0.0145 0.31066666666666665 0.012
0 0.7746666666666666 0.7065 0.7783333333333333 0.71 0.78 0.7165 0.79 0.8045 0.7863333333333333 0.809 0.7666666666666667 0.8095 0.752 0.8095 0.747 0.807 0.7383333333333333 0.71 0.7423333333333333 0.707 0.7743333333333333 0.7065
0 0.5096666666666667 0.3765 0.512 0.3785 0.513 0.386 0.514 0.451 0.5123333333333333 0.4555 0.498 0.4565 0.48233333333333334 0.4555 0.476 0.4525 0.477 0.3795 0.48 0.3765 0.5093333333333333 0.3765
0 0.9393333333333334 0.909 0.9443333333333334 0.915 0.9566666666666667 0.991 0.9553333333333334 0.9995 0.9146666666666666 0.9965 0.9116666666666666 0.9945 0.9103333333333333 0.989 0.9063333333333333 0.9645 0.906 0.95 0.8993333333333333 0.9225 0.8993333333333333 0.912 0.9033333333333333 0.909 0.939 0.909
0 0.7153333333333334 0.7075 0.7316666666666667 0.708 0.7346666666666667 0.711 0.736 0.7345 0.7453333333333333 0.8055 0.7416666666666667 0.81 0.713 0.81 0.7063333333333334 0.8125 0.703 0.8125 0.701 0.8055 0.6936666666666667 0.71 0.6966666666666667 0.707 0.715 0.7075
0 0.406 0.12 0.4073333333333333 0.145 0.4056666666666667 0.182 0.39066666666666666 0.1835 0.37166666666666665 0.182 0.374 0.1255 0.378 0.121 0.4056666666666667 0.12
0 0.697 0.377 0.701 0.384 0.706 0.4335 0.71 0.4245 0.7143333333333334 0.4255 0.7166666666666667 0.4195 0.7186666666666667 0.429 0.7136666666666667 0.446 0.71 0.437 0.7083333333333334 0.4385 0.7073333333333334 0.453 0.6793333333333333 0.457 0.6716666666666666 0.4565 0.67 0.453 0.664 0.379 0.665 0.3765 0.6713333333333333 0.3755 0.6966666666666667 0.377
0 0.6186666666666667 0.5305 0.6336666666666667 0.531 0.6376666666666667 0.5385 0.6426666666666667 0.615 0.6403333333333333 0.62 0.634 0.6215 0.6086666666666667 0.621 0.6016666666666667 0.6165 0.5993333333333334 0.533 0.6036666666666667 0.53 0.6183333333333333 0.5305
0 0.8806666666666667 0.0135 0.8926666666666667 0.0595 0.893 0.0675 0.8903333333333333 0.069 0.8596666666666667 0.0675 0.8593333333333333 0.05 0.8526666666666667 0.0155 0.859 0.013 0.8803333333333333 0.0135
0 0.074 0.9165 0.09666666666666666 0.9165 0.09966666666666667 0.9205 0.091 0.9945 0.07533333333333334 0.9995 0.04466666666666667 0.9995 0.044333333333333336 0.997 0.05433333333333333 0.9215 0.061 0.9165 0.07366666666666667 0.9165
0 0.786 0.2415 0.792 0.2445 0.7923333333333333 0.2565 0.8013333333333333 0.3 0.8013333333333333 0.307 0.7973333333333333 0.3105 0.773 0.3115 0.7683333333333333 0.311 0.7656666666666667 0.3075 0.758 0.2415 0.7856666666666666 0.2415
0 0.836 0.3745 0.85 0.377 0.863 0.445 0.8633333333333333 0.453 0.8606666666666667 0.4545 0.8303333333333334 0.454 0.826 0.4505 0.823 0.419 0.821 0.417 0.816 0.3925 0.8153333333333334 0.38 0.8173333333333334 0.376 0.8356666666666667 0.3745
0 0.609 0.9125 0.6153333333333333 0.9145 0.6173333333333333 0.919 0.62 0.9995 0.6016666666666667 0.9995 0.6 0.997 0.5753333333333334 0.9945 0.5726666666666667 0.954 0.5726666666666667 0.9145 0.6086666666666667 0.9125
0 0.9893333333333333 0.706 0.993 0.71 0.9976666666666667 0.7375 0.9996666666666667 0.7385 0.9996666666666667 0.806 0.992 0.809 0.9733333333333334 0.8085 0.969 0.8045 0.952 0.7095 0.953 0.7045 0.989 0.706
0 0.8968333333333334 0.152 0.04566666666666667 0.063
0 0.8043333333333333 0.1195 0.8076666666666666 0.126 0.8163333333333334 0.177 0.814 0.183 0.7863333333333333 0.1825 0.7823333333333333 0.1785 0.7803333333333333 0.1585 0.774 0.131 0.7736666666666666 0.123 0.7766666666666666 0.1195 0.804 0.1195
0 0.14533333333333334 0.5325 0.15033333333333335 0.536 0.15033333333333335 0.541 0.14066666666666666 0.6215 0.13766666666666666 0.624 0.12333333333333334 0.6245 0.10533333333333333 0.6235 0.1 0.6195 0.11166666666666666 0.5365 0.11766666666666667 0.533 0.145 0.5325
0 0.11766666666666667 0.1855 0.11633333333333333 0.1935 0.116 0.186 0.11733333333333333 0.1855
0 0.4703333333333333 0.708 0.475 0.7125 0.47633333333333333 0.8035 0.475 0.8105 0.47 0.814 0.43533333333333335 0.811 0.432 0.808 0.43133333333333335 0.775 0.43466666666666665 0.7115 0.439 0.7085 0.47 0.7085
0 0.3873333333333333 0.709 0.3893333333333333 0.7245 0.387 0.808 0.382 0.813 0.3453333333333333 0.8105 0.344 0.808 0.3436666666666667 0.776 0.3496666666666667 0.7125 0.3546666666666667 0.7095 0.387 0.709
0 0.4696666666666667 0.0125 0.47333333333333333 0.0155 0.4723333333333333 0.0675 0.46166666666666667 0.069 0.44133333333333336 0.067 0.44166666666666665 0.0145 0.44566666666666666 0.0105 0.4693333333333333 0.0125
0 0.164 0.285 0.183 0.2875 0.18066666666666667 0.3115 0.17866666666666667 0.3145 0.17366666666666666 0.315 0.15866666666666668 0.3145 0.15433333333333332 0.3115 0.15766666666666668 0.286 0.16366666666666665 0.285
0 0.6916666666666667 0.014 0.6943333333333334 0.019 0.6993333333333334 0.0565 0.7003333333333334 0.0675 0.697 0.069 0.6713333333333333 0.0685 0.6673333333333333 0.061 0.664 0.016 0.6913333333333334 0.014
0 0.071 0.0765 0.07133333333333333 0.085 0.063 0.126 0.06066666666666667 0.129 0.05366666666666667 0.13 0.033666666666666664 0.1265 0.041666666666666664 0.0885 0.04533333333333334 0.078 0.07066666666666667 0.0765
0 0.9016666666666666 0.705 0.9053333333333333 0.706 0.908 0.7105 0.9236666666666666 0.804 0.9196666666666666 0.808 0.8913333333333333 0.8105 0.8823333333333333 0.806 0.8673333333333333 0.71 0.8726666666666667 0.7055 0.9013333333333333 0.705
0 0.37333333333333335 0.914 0.38133333333333336 0.9155 0.384 0.92 0.38066666666666665 0.9995 0.34933333333333333 0.9995 0.3343333333333333 0.9945 0.336 0.989 0.336 0.956 0.3393333333333333 0.918 0.373 0.914
0 0.4623333333333333 0.2415 0.471 0.242 0.4736666666666667 0.246 0.475 0.307 0.4713333333333333 0.3105 0.442 0.3105 0.43866666666666665 0.3075 0.43933333333333335 0.242 0.462 0.2415
0 0.7476666666666667 0.531 0.755 0.532 0.7576666666666667 0.5365 0.7666666666666667 0.6115 0.7653333333333333 0.6205 0.749 0.6215 0.7333333333333333 0.6215 0.728 0.6175 0.719 0.5385 0.719 0.533 0.721 0.531 0.7473333333333333 0.531
0 0.33 0.5315 0.349 0.5315 0.35333333333333333 0.5345 0.3516666666666667 0.577 0.353 0.5815 0.349 0.602 0.35 0.6165 0.3456666666666667 0.6215 0.32166666666666666 0.6245 0.31133333333333335 0.623 0.30933333333333335 0.62 0.31366666666666665 0.547 0.31733333333333336 0.5315 0.32966666666666666 0.5315
0 0.17066666666666666 0.3785 0.17133333333333334 0.387 0.16366666666666665 0.447 0.16133333333333333 0.4555 0.15866666666666668 0.457 0.125 0.4565 0.12433333333333334 0.4425 0.13666666666666666 0.3795 0.15566666666666668 0.377 0.17033333333333334 0.3785
0 0.6543333333333333 0.1205 0.6733333333333333 0.1235 0.6803333333333333 0.1785 0.676 0.1835 0.6513333333333333 0.1845 0.6473333333333333 0.1835 0.6456666666666667 0.1795 0.6406666666666667 0.124 0.643 0.121 0.654 0.1205
0 0.7516666666666667 0.0135 0.7566666666666667 0.019 0.763 0.0675 0.738 0.0695 0.7333333333333333 0.0685 0.7313333333333333 0.064 0.7266666666666667 0.017 0.7306666666666667 0.0135 0.7513333333333333 0.0135
0 0.02266666666666667 0.548 0.025666666666666667 0.55 0.025666666666666667 0.5565 0.016666666666666666 0.609 0.012 0.6295 0.009333333333333334 0.6335 0 0.6335 0 0.611 0.002 0.61 0.003 0.5935 0.012 0.5505 0.022333333333333334 0.548
0 0.797 0.375 0.8076666666666666 0.3755 0.8123333333333334 0.379 0.819 0.412 0.8236666666666667 0.453 0.7906666666666666 0.4565 0.786 0.452 0.776 0.379 0.7786666666666666 0.3755 0.7966666666666666 0.375
0 0.8953333333333333 0.2415 0.9093333333333333 0.3 0.909 0.307 0.9046666666666666 0.3095 0.8763333333333333 0.308 0.8643333333333333 0.2495 0.864 0.243 0.866 0.2405 0.895 0.2415
0 0.47733333333333333 0.2415 0.5093333333333333 0.2415 0.512 0.2995 0.5116666666666667 0.307 0.5086666666666667 0.311 0.47733333333333333 0.3105 0.475 0.307 0.476 0.2455 0.47733333333333333 0.242
0 0.014 0.9165 0.04033333333333333 0.915 0.05 0.919 0.050666666666666665 0.927 0.04033333333333333 0.9945 0.033 0.9995 0.032 0.9975 0.005 0.9965 0 0.9935 0 0.955 0.002 0.9545 0.003 0.9495 0.0036666666666666666 0.9285 0.007666666666666666 0.9185 0.013666666666666667 0.9165
0 0.781 0.9115 0.8006666666666666 0.912 0.8036666666666666 0.9145 0.8143333333333334 0.9925 0.8126666666666666 0.9995 0.7716666666666666 0.9995 0.769 0.996 0.765 0.955 0.76 0.932 0.7596666666666667 0.9165 0.762 0.912 0.7806666666666666 0.9115
0 0.21033333333333334 0.531 0.22766666666666666 0.5315 0.23166666666666666 0.535 0.22466666666666665 0.6195 0.221 0.622 0.18866666666666668 0.6215 0.18366666666666667 0.618 0.19266666666666668 0.5335 0.21 0.531
0 0.25666666666666665 0.2415 0.26 0.2445 0.25966666666666666 0.2545 0.25666666666666665 0.272 0.25466666666666665 0.306 0.25 0.311 0.22033333333333333 0.311 0.21833333333333332 0.303 0.22566666666666665 0.244 0.22866666666666666 0.241 0.25633333333333336 0.2415
0 0.5036666666666667 0.0135 0.5056666666666667 0.0225 0.5063333333333333 0.066 0.501 0.069 0.4756666666666667 0.0675 0.47333333333333333 0.043 0.476 0.0145 0.5033333333333333 0.0135
0 0.995 0.119 0.9996666666666667 0.121 0.9996666666666667 0.179 0.993 0.181 0.986 0.178 0.9846666666666667 0.1645 0.9796666666666667 0.152 0.9743333333333334 0.123 0.9793333333333333 0.12 0.9946666666666667 0.119
0 0.0325 0.103 0.057 0.053
0 0.37433333333333335 0.5315 0.3913333333333333 0.532 0.39466666666666667 0.5355 0.3933333333333333 0.616 0.39066666666666666 0.622 0.386 0.623 0.355 0.6215 0.3516666666666667 0.6175 0.3526666666666667 0.5815 0.35733333333333334 0.536 0.35933333333333334 0.532 0.374 0.5315
0 0.15533333333333332 0.077 0.15833333333333333 0.0795 0.15766666666666668 0.0915 0.152 0.126 0.14733333333333334 0.1305 0.12633333333333333 0.13 0.12233333333333334 0.1265 0.131 0.079 0.155 0.077
0 0.08833333333333333 0.532 0.103 0.5325 0.10866666666666666 0.5365 0.09666666666666666 0.6195 0.09166666666666666 0.6225 0.06933333333333333 0.624 0.05733333333333333 0.6235 0.056 0.621 0.07033333333333333 0.537 0.07833333333333334 0.533 0.088 0.5325
0 0.49216666666666664 0.15175 0.035 0.0645
0 0.446 0.12 0.4683333333333333 0.12 0.4736666666666667 0.1235 0.473 0.1595 0.4746666666666667 0.179 0.466 0.1835 0.44 0.1815 0.44033333333333335 0.1255 0.44233333333333336 0.121 0.44566666666666666 0.1205
0 0.2783333333333333 0.2415 0.29333333333333333 0.242 0.29633333333333334 0.2465 0.29233333333333333 0.3055 0.2886666666666667 0.3115 0.257 0.3105 0.25566666666666665 0.3075 0.2613333333333333 0.2445 0.2653333333333333 0.2415 0.278 0.2415
0 0.19533333333333333 0.7085 0.21066666666666667 0.7095 0.21466666666666667 0.7145 0.20566666666666666 0.8105 0.20033333333333334 0.813 0.171 0.8135 0.16333333333333333 0.813 0.16133333333333333 0.811 0.16133333333333333 0.8065 0.163 0.78 0.17166666666666666 0.72 0.17533333333333334 0.7095 0.195 0.7085
0 0.626 0.7075 0.6486666666666666 0.7095 0.649 0.724 0.6516666666666666 0.7325 0.6553333333333333 0.7685 0.6553333333333333 0.8085 0.6346666666666667 0.8125 0.617 0.8115 0.6136666666666667 0.805 0.6083333333333333 0.71 0.612 0.7075 0.6256666666666667 0.7075
0 0.569 0.707 0.6023333333333334 0.7075 0.605 0.7105 0.611 0.804 0.6093333333333333 0.8095 0.5996666666666667 0.8125 0.5703333333333334 0.812 0.5666666666666667 0.8075 0.5636666666666666 0.7155 0.565 0.7095 0.5686666666666667 0.707
0 0.24466666666666667 0.5315 0.2703333333333333 0.5325 0.273 0.5355 0.268 0.616 0.2663333333333333 0.6215 0.24833333333333332 0.624 0.22733333333333333 0.622 0.23533333333333334 0.5355 0.23733333333333334 0.532 0.24433333333333335 0.532
0 0.19866666666666666 0 0.21966666666666668 0 0.217 0.029 0.21333333333333335 0.035 0.195 0.033 0.19866666666666666 0.0005
0 0.876 0.5295 0.8906666666666667 0.6165 0.8573333333333333 0.6195 0.8546666666666667 0.6195 0.851 0.6135 0.8393333333333334 0.53 0.8756666666666667 0.5295
0 0.7526666666666667 0.1195 0.769 0.1205 0.7733333333333333 0.1275 0.7813333333333333 0.1785 0.779 0.182 0.7706666666666667 0.183 0.7503333333333333 0.183 0.7476666666666667 0.179 0.7406666666666667 0.123 0.7443333333333333 0.119 0.7523333333333333 0.1195
0 0.25666666666666665 0.709 0.25866666666666666 0.7145 0.255 0.776 0.25166666666666665 0.8075 0.248 0.813 0.21066666666666667 0.8125 0.20766666666666667 0.8105 0.20733333333333334 0.807 0.21133333333333335 0.7835 0.21166666666666667 0.761 0.218 0.712 0.22233333333333333 0.7095 0.25633333333333336 0.709
0 0.9926666666666667 0.528 0.9996666666666667 0.538 0.9996666666666667 0.6175 0.996 0.6185 0.9793333333333333 0.6175 0.9743333333333334 0.613 0.959 0.5335 0.9623333333333334 0.5285 0.9923333333333333 0.528
0 0.012 0.202 0.012 0.207 0.011666666666666667 0.2025
0 0.3556666666666667 0.377 0.361 0.381 0.358 0.4525 0.32766666666666666 0.4565 0.321 0.4565 0.31933333333333336 0.45 0.3243333333333333 0.3795 0.328 0.377 0.35533333333333333 0.377
0 0.282 0.1195 0.30433333333333334 0.1195 0.30633333333333335 0.1225 0.30266666666666664 0.178 0.301 0.1825 0.297 0.1835 0.273 0.183 0.26566666666666666 0.1785 0.2683333333333333 0.172 0.2733333333333333 0.123 0.2816666666666667 0.1195
0 0.4736666666666667 0.379 0.474 0.409 0.47633333333333333 0.4145 0.475 0.4525 0.4573333333333333 0.4565 0.439 0.4565 0.437 0.453 0.43833333333333335 0.3805 0.44033333333333335 0.378 0.45066666666666666 0.3775 0.47333333333333333 0.379
0 0.3423333333333333 0.241 0.364 0.242 0.36733333333333335 0.2445 0.36466666666666664 0.3075 0.36333333333333334 0.3105 0.358 0.3115 0.329 0.31 0.332 0.246 0.335 0.241 0.342 0.241
0 0.07033333333333333 0.764 0.092 0.108
0 0.401 0.2405 0.4036666666666667 0.244 0.4023333333333333 0.307 0.39766666666666667 0.3115 0.36933333333333335 0.3115 0.366 0.3105 0.365 0.3055 0.36933333333333335 0.2445 0.37266666666666665 0.2415 0.40066666666666667 0.2405
0 0.7326666666666667 0.375 0.7373333333333333 0.376 0.7386666666666667 0.3795 0.7466666666666667 0.4505 0.7446666666666667 0.454 0.721 0.4555 0.7123333333333334 0.4535 0.7096666666666667 0.4495 0.7016666666666667 0.38 0.7063333333333334 0.3755 0.7323333333333333 0.375
0 0.787 0.014 0.7966666666666666 0.062 0.7966666666666666 0.0675 0.794 0.069 0.766 0.0675 0.7566666666666667 0.019 0.7573333333333333 0.015 0.7616666666666667 0.0135 0.7866666666666666 0.014
0 0.953 0.5295 0.957 0.539 0.9726666666666667 0.6135 0.9673333333333334 0.618 0.94 0.6205 0.9353333333333333 0.6195 0.9323333333333333 0.611 0.9183333333333333 0.5325 0.923 0.529 0.9526666666666667 0.5295
0 0.12233333333333334 0.177 0.14033333333333334 0.1775 0.143 0.1815 0.13533333333333333 0.2315 0.13133333333333333 0.2355 0.11166666666666666 0.235 0.104 0.231 0.11466666666666667 0.1785 0.122 0.177
0 0.451 0.5315 0.471 0.532 0.4746666666666667 0.537 0.47333333333333333 0.5655 0.47533333333333333 0.5895 0.475 0.6165 0.458 0.621 0.43533333333333335 0.617 0.43566666666666665 0.5815 0.43733333333333335 0.578 0.43666666666666665 0.536 0.43933333333333335 0.532 0.45066666666666666 0.5315
0 0.25933333333333336 0.0105 0.27666666666666667 0.0115 0.2813333333333333 0.0155 0.2783333333333333 0.065 0.2763333333333333 0.068 0.24766666666666667 0.068 0.246 0.065 0.25166666666666665 0.0125 0.259 0.0105
0 0.12433333333333334 0.708 0.12733333333333333 0.7105 0.12733333333333333 0.718 0.11666666666666667 0.7985 0.11266666666666666 0.8145 0.07533333333333334 0.8135 0.07266666666666667 0.811 0.072 0.8035 0.07633333333333334 0.783 0.07966666666666666 0.748 0.087 0.713 0.091 0.7095 0.124 0.708
0 0.264 0.41775 0.042666666666666665 0.0805
0 0.12866666666666668 0.3765 0.13366666666666666 0.38 0.12833333333333333 0.4045 0.12266666666666666 0.4535 0.11666666666666667 0.4565 0.09433333333333334 0.457 0.08433333333333333 0.457 0.083 0.452 0.08933333333333333 0.422 0.09533333333333334 0.3785 0.09833333333333333 0.376 0.12833333333333333 0.3765
0 0.4683333333333333 0.913 0.474 0.914 0.47633333333333333 0.918 0.477 0.9995 0.435 0.9995 0.431 0.994 0.43 0.9555 0.432 0.9155 0.445 0.9125 0.468 0.913
0 0.3486666666666667 0.119 0.36966666666666664 0.12 0.37366666666666665 0.123 0.37033333333333335 0.18 0.36433333333333334 0.183 0.3363333333333333 0.182 0.3403333333333333 0.1225 0.3416666666666667 0.12 0.34833333333333333 0.1195
0 0.37166666666666665 0.376 0.39766666666666667 0.3765 0.399 0.3795 0.39766666666666667 0.45 0.394 0.457 0.3626666666666667 0.4555 0.3596666666666667 0.453 0.36333333333333334 0.3845 0.36566666666666664 0.377 0.37133333333333335 0.376
0 0.958 0.374 0.9633333333333334 0.379 0.9773333333333334 0.443 0.9773333333333334 0.454 0.9446666666666667 0.4535 0.9403333333333334 0.4495 0.9396666666666667 0.439 0.9306666666666666 0.4035 0.9273333333333333 0.377 0.9306666666666666 0.3745 0.9576666666666667 0.374
0 0.6416666666666667 0.9115 0.6616666666666666 0.913 0.665 0.919 0.6696666666666666 0.983 0.6683333333333333 0.9995 0.6266666666666667 0.997 0.625 0.994 0.622 0.972 0.6203333333333333 0.915 0.6413333333333333 0.9115
0 0.8246666666666667 0.24 0.828 0.2445 0.8373333333333334 0.299 0.8373333333333334 0.307 0.8313333333333334 0.31 0.8033333333333333 0.308 0.7953333333333333 0.262 0.7936666666666666 0.2445 0.7956666666666666 0.241 0.8243333333333334 0.24
0 0.866 0.9095 0.8946666666666667 0.912 0.9066666666666666 0.988 0.9093333333333333 0.994 0.9076666666666666 0.9995 0.8793333333333333 0.9995 0.879 0.9975 0.8683333333333333 0.9995 0.8626666666666667 0.994 0.851 0.914 0.855 0.91 0.8656666666666667 0.91
0 0.3406666666666667 0.709 0.345 0.713 0.343 0.7775 0.341 0.8075 0.336 0.8125 0.30033333333333334 0.8115 0.297 0.807 0.29733333333333334 0.7965 0.30366666666666664 0.7105 0.306 0.7085 0.3403333333333333 0.709
0 0.622 0.3755 0.6263333333333333 0.38 0.631 0.4505 0.6283333333333333 0.455 0.6106666666666667 0.4555 0.5976666666666667 0.455 0.5933333333333334 0.452 0.5896666666666667 0.3795 0.5946666666666667 0.3755 0.6216666666666667 0.3755
0 0.5426666666666666 0.0125 0.5683333333333334 0.0155 0.5693333333333334 0.057 0.572 0.0675 0.5626666666666666 0.069 0.5393333333333333 0.0675 0.537 0.017 0.5386666666666666 0.013 0.5423333333333333 0.0125
0 0.9973333333333333 0.24 0.9996666666666667 0.2405 0.9996666666666667 0.309 0.993 0.31 0.9833333333333333 0.3075 0.9686666666666667 0.242 0.97 0.24 0.997 0.24
0 0.20233333333333334 0.0775 0.209 0.078 0.21033333333333334 0.085 0.205 0.126 0.203 0.13 0.2 0.1305 0.182 0.13 0.18066666666666667 0.126 0.188 0.0805 0.19033333333333333 0.078 0.202 0.0775
0 0.8253333333333334 0.013 0.8506666666666667 0.0155 0.8603333333333333 0.0675 0.8406666666666667 0.0695 0.8313333333333334 0.069 0.8283333333333334 0.0655 0.821 0.0215 0.821 0.0155 0.825 0.013
0 0 0.285 0.029333333333333333 0.2855 0.030333333333333334 0.2875 0.018666666666666668 0.3485 0.015666666666666666 0.3525 0 0.3525 0 0.3225 0.003 0.3185 0 0.3155 0 0.2855
0 0.582 0.013 0.5956666666666667 0.013 0.5996666666666667 0.016 0.6033333333333334 0.0675 0.596 0.0695 0.5723333333333334 0.067 0.572 0.0355 0.5693333333333334 0.0155 0.5816666666666667 0.013
0 0.5716666666666667 0.121 0.5733333333333334 0.123 0.5766666666666667 0.1785 0.573 0.1825 0.559 0.1835 0.5423333333333333 0.181 0.5403333333333333 0.1245 0.5433333333333333 0.12 0.5713333333333334 0.121
0 0.5613333333333334 0.376 0.5816666666666667 0.3755 0.588 0.38 0.591 0.453 0.5673333333333334 0.456 0.557 0.456 0.553 0.4495 0.5506666666666666 0.3805 0.5533333333333333 0.3765 0.561 0.376
0 0.10966666666666666 0.177 0.113 0.18 0.104 0.2305 0.09933333333333333 0.234 0.09 0.2345 0.07566666666666666 0.2345 0.07333333333333333 0.2315 0.08166666666666667 0.1805 0.086 0.1765 0.10933333333333334 0.177
0 0.682 0.241 0.687 0.2445 0.6876666666666666 0.27 0.6936666666666667 0.307 0.69 0.3105 0.67 0.3115 0.66 0.3115 0.657 0.309 0.6523333333333333 0.2465 0.655 0.242 0.6816666666666666 0.241
0 0.9003333333333333 0.3745 0.9223333333333333 0.376 0.926 0.383 0.9393333333333334 0.45 0.935 0.4535 0.9183333333333333 0.454 0.904 0.454 0.901 0.4485 0.8893333333333333 0.3815 0.8906666666666667 0.3755 0.9 0.3745
0 0.18933333333333333 0.9155 0.19333333333333333 0.9185 0.193 0.9305 0.18533333333333332 0.9945 0.16666666666666666 0.9995 0.14 0.9995 0.14866666666666667 0.918 0.15066666666666667 0.9155 0.189 0.9155
0 0.7133333333333334 0.531 0.7176666666666667 0.5465 0.7233333333333334 0.617 0.72 0.6205 0.6903333333333334 0.6225 0.6856666666666666 0.621 0.6846666666666666 0.617 0.6776666666666666 0.5325 0.6936666666666667 0.5295 0.713 0.531
0 0.23866666666666667 0.3765 0.24733333333333332 0.38 0.24166666666666667 0.4465 0.23766666666666666 0.455 0.22133333333333333 0.457 0.20466666666666666 0.4565 0.20233333333333334 0.454 0.20633333333333334 0.4 0.20966666666666667 0.381 0.21133333333333335 0.3775 0.21566666666666667 0.376 0.23833333333333334 0.3765
0 0.498 0.531 0.5126666666666667 0.5315 0.516 0.5355 0.518 0.6145 0.5156666666666667 0.6205 0.5086666666666667 0.622 0.4806666666666667 0.6205 0.4776666666666667 0.617 0.4786666666666667 0.534 0.48333333333333334 0.531 0.49766666666666665 0.531
0 0.30666666666666664 0.9135 0.33166666666666667 0.9145 0.336 0.918 0.33266666666666667 0.9945 0.32966666666666666 0.997 0.314 0.9975 0.31366666666666665 0.9995 0.2853333333333333 0.9995 0.2843333333333333 0.9955 0.288 0.967 0.29 0.9175 0.2946666666666667 0.9135 0.30633333333333335 0.9135