0 0.5148040033361134 0 0.6059216013344454 0 0.6086321934945789 0.0028151391929934315 0.6182235195996664 0 0.6793160967472894 0 0.6755629691409508 0.024085079762277136 0.6440783986655546 0.16796997184860807 0.6409507923269391 0.17203628401626525 0.4424520433694746 0.22521113543947452 0.4359883236030025 0.22395996246481076 0.43640533778148455 0.22020644354081953 0.44120100083402836 0.2108226462308414 0.44954128440366975 0.1817328745699093 0.5087572977481234 0.02158273381294964 0.5148040033361134 0.00031279324366593683
0 0.6184320266889074 0.2618079449483891 0.6215596330275229 0.26556146387238033 0.6196830692243537 0.27807319361901783 0.5471226021684737 0.6061933062245856 0.3450792326939116 0.6111979981232405 0.29858215179316094 0.6108852048795747 0.29545454545454547 0.6093212386612449 0.2958715596330275 0.6058805129809196 0.3002502085070892 0.5977478886456052 0.36009174311926606 0.4285267438223334 0.40554628857381153 0.30716296527994996 0.6182235195996664 0.2618079449483891
0 0.25583819849874895 0 0.34966638865721433 0 0.35821517931609675 0.0031279324366593683 0.3640533778148457 0.0025023459493274947 0.36551292743953295 0 0.41930775646371976 0 0.41993327773144284 0.005004691898654989 0.3459132610508757 0.17485142320925867 0.3250625521267723 0.21958085705348765 0.3196413678065054 0.22302158273381295 0.24416180150125105 0.2020644354081952 0.17452043369474562 0.18016890835157962 0.1555462885738115 0.17172349077259932 0.25583819849874895 0.00031279324366593683
0 0.9261884904086739 0.09071004066312167 0.9286905754795663 0.0925868001251173 0.9293160967472894 0.4773224898342196 0.890533778148457 0.4942133249921802 0.7239366138448707 0.5561463872380357 0.7199749791492911 0.5536440412887081 0.762718932443703 0.19580857053487644 0.7675145954962469 0.18986549890522364 0.7831526271893244 0.1826712543009071 0.9259799833194329 0.09071004066312167
0 0.12093411175979983 0.2352205192367845 0.2856547122602168 0.28839537065999377 0.2908673894912427 0.29277447607131685 0.27960800667222685 0.321551454488583 0.17180984153461218 0.5614638723803566 0.16492910758965804 0.5761651548326556 0.15846538782318598 0.5830466061933062 0 0.5179856115107914 0 0.48576790741319986 0.0022935779816513763 0.4842039411948702 0 0.4823271817328746 0 0.4773224898342196 0.0018765638031693077 0.47700969659055364 0.003127606338615513 0.470441038473569 0 0.4682514857679074 0 0.4266499843603378 0.022727272727272728 0.3919299343134188 0.11301084236864054 0.2402252111354395 0.1207256046705588 0.2352205192367845
0 0.0025020850708924102 0 0.0811092577147623 0 0.08131776480400334 0.001876759461995621 0.13552960800667221 0 0.13490408673894913 0.005317485142320926 0.1298999165971643 0.01282452299030341 0.05379482902418682 0.12042539881138567 0 0.08539255552080074 0 0.0025023459493274947 0.0025020850708924102 0.00031279324366593683
0 0 0.6152643102908977 0.11592994161801501 0.6659368157647795 0.12155963302752294 0.6715670941507663 0.01939115929941618 0.9020957147325618 0.006046705587989992 0.9293087269314982 0 0.9368157647794808 0 0.7134813888020018 0.0016680567139282735 0.7131685955583359 0.0029190992493744786 0.7069127306850173 0.0025020850708924102 0.6925242414763841 0 0.6903346887707226 0 0.6155771035345636
0 0 0.1614013137316234 0.016055045871559634 0.17172349077259932 0.012093411175979984 0.18204566781357523 0 0.1954957772912105 0 0.16171410697528935
0 0.9286905754795663 0.6440412887081639 0.9305671392827356 0.6578041914294651 0.9316096747289407 0.7797935564591805 0.9320266889074229 0.9887394432280263 0.9301501251042535 0.999687206756334 0.8978315262718932 0.999687206756334 0.8976230191826522 0.9978104472943384 0.896580483736447 0.999687206756334 0.8913678065054211 0.9978104472943384 0.8546705587989991 0.999687206756334 0.8488323603002502 0.9965592743196747 0.8432026688907422 0.999687206756334 0.8104670558798999 0.999687206756334 0.8079649708090075 0.9968720675633407 0.8017097581317765 0.999687206756334 0.7399916597164303 0.999687206756334 0.7383236030025021 0.9971848608070065 0.7312343619683069 0.9968720675633407 0.7170558798999166 0.9974976540506725 0.7155963302752294 0.999687206756334 0.6684737281067556 0.999687206756334 0.6676396997497915 0.9953081013450109 0.6728523769808173 0.9449483891147952 0.6776480400333611 0.9218016890835158 0.6859883236030025 0.8342195808570535 0.6905754795663053 0.8110728808257741 0.7014178482068391 0.7094150766343447 0.7035029190992493 0.7050359712230215 0.7099666388657214 0.7012824522990303 0.8867806505421184 0.653112292774476 0.9284820683903253 0.6440412887081639
0 0.26668056713928273 0.7131685955583359 0.5189741451209341 0.727869878010635 0.5160550458715596 0.7510165780419142 0.4645537948290242 0.9871754770096965 0.45954962468723937 0.9974976540506725 0.4426605504587156 0.9971848608070065 0.43849040867389494 0.999687206756334 0.4324437030859049 0.9978104472943384 0.4278565471226022 0.999687206756334 0.42639699749791493 0.9974976540506725 0.4122185154295246 0.999687206756334 0.40471226021684736 0.9965592743196747 0.3957464553794829 0.999687206756334 0.36447039199332776 0.999687206756334 0.3634278565471226 0.9974976540506725 0.3323603002502085 0.9959336878323428 0.32589658048373643 0.999687206756334 0.3219349457881568 0.9978104472943384 0.29608006672226855 0.999687206756334 0.2937864887406172 0.9968720675633407 0.28065054211843204 0.9962464810760088 0.2756463719766472 0.9965592743196747 0.27293577981651373 0.999687206756334 0.2414512093411176 0.999687206756334 0.2395746455379483 0.9968720675633407 0.23144286905754796 0.9959336878323428 0.20996663886572142 0.9974976540506725 0.2078815679733111 0.999687206756334 0.20350291909924936 0.9978104472943384 0.20225187656380317 0.999687206756334 0.15721434528773978 0.999687206756334 0.1559633027522936 0.9934313418830153 0.15825688073394495 0.9840475445730372 0.25396163469557964 0.7216140131373162 0.2585487906588824 0.7144197685329997 0.2664720600500417 0.7131685955583359
0 0.7850291909924938 0 0.896580483736447 0 0.8976230191826522 0.004379105411323116 0.8500834028356964 0.041601501407569595 0.7787739783152627 0.09133562715045355 0.7762718932443703 0.08726931498279637 0.7850291909924938 0.00031279324366593683