0 0.162 0.993993993993994 0.164 0.933933933933934 0.166 0.9309309309309309 0.166 0.8978978978978979 0.168 0.8948948948948949 0.168 0.8768768768768769 0.17 0.8738738738738738 0.17 0.8588588588588588 0.172 0.8558558558558559 0.298 0.8558558558558559 0.3 0.8588588588588588 0.304 0.8588588588588588 0.304 0.9579579579579579 0.302 0.960960960960961 0.302 0.990990990990991 0.298 0.996996996996997 0.294 0.996996996996997 0.292 0.993993993993994 0.29 0.996996996996997 0.286 0.993993993993994 0.282 0.996996996996997 0.232 0.996996996996997 0.23 0.993993993993994 0.228 0.996996996996997 0.176 0.996996996996997 0.174 0.993993993993994 0.164 0.993993993993994
0 0.675 0.6666666666666666 0.146 0.3003003003003003
0 0.536 0.27627627627627627 0.538 0.27927927927927926 0.544 0.27927927927927926 0.546 0.27627627627627627 0.568 0.27627627627627627 0.574 0.2822822822822823 0.574 0.3153153153153153 0.576 0.3183183183183183 0.576 0.35135135135135137 0.578 0.35435435435435436 0.578 0.3993993993993994 0.58 0.4024024024024024 0.58 0.43543543543543545 0.582 0.43843843843843844 0.582 0.46846846846846846 0.584 0.47147147147147145 0.58 0.4774774774774775 0.468 0.4774774774774775 0.464 0.4744744744744745 0.464 0.45045045045045046 0.462 0.44744744744744747 0.462 0.36036036036036034 0.46 0.35735735735735735 0.46 0.2822822822822823 0.462 0.27927927927927926 0.534 0.27927927927927926
0 0.541 0.9279279279279279 0.142 0.14414414414414414
0 0.452 0.8558558558558559 0.454 0.8618618618618619 0.454 0.8948948948948949 0.456 0.8978978978978979 0.454 0.9039039039039038 0.454 0.9129129129129129 0.456 0.9159159159159159 0.456 0.993993993993994 0.452 0.996996996996997 0.406 0.996996996996997 0.404 0.993993993993994 0.4 0.993993993993994 0.398 0.996996996996997 0.352 0.996996996996997 0.35 0.993993993993994 0.318 0.993993993993994 0.316 0.990990990990991 0.316 0.9669669669669669 0.318 0.963963963963964 0.316 0.960960960960961 0.318 0.954954954954955 0.316 0.9519519519519519 0.316 0.9429429429429429 0.318 0.93993993993994 0.32 0.8588588588588588 0.324 0.8558558558558559 0.45 0.8558558558558559
0 0.466 0.5195195195195195 0.47 0.5165165165165165 0.584 0.5165165165165165 0.586 0.5225225225225225 0.586 0.5435435435435435 0.588 0.5465465465465466 0.588 0.5735735735735735 0.59 0.5765765765765766 0.59 0.6186186186186187 0.592 0.6216216216216216 0.592 0.6606606606606606 0.594 0.6636636636636637 0.594 0.7057057057057057 0.596 0.7087087087087087 0.598 0.7867867867867868 0.6 0.7897897897897898 0.6 0.8078078078078078 0.594 0.8138138138138138 0.474 0.8138138138138138 0.47 0.8108108108108109 0.47 0.8018018018018018 0.468 0.7987987987987988 0.468 0.7867867867867868 0.47 0.7837837837837838 0.468 0.7807807807807807 0.468 0.6996996996996997 0.466 0.6966966966966966 0.466 0.5225225225225225
0 0.622 0.8558558558558559 0.75 0.8558558558558559 0.754 0.8708708708708709 0.754 0.8888888888888888 0.756 0.8918918918918919 0.756 0.9069069069069069 0.758 0.9099099099099099 0.76 0.9579579579579579 0.762 0.960960960960961 0.764 0.984984984984985 0.766 0.987987987987988 0.766 0.993993993993994 0.764 0.996996996996997 0.686 0.996996996996997 0.684 0.993993993993994 0.63 0.996996996996997 0.628 0.993993993993994 0.628 0.972972972972973 0.626 0.96996996996997 0.622 0.8588588588588588
0 0.716 0.27927927927927926 0.722 0.27927927927927926 0.724 0.27627627627627627 0.81 0.27627627627627627 0.814 0.27927927927927926 0.82 0.3033033033033033 0.822 0.33933933933933935 0.824 0.34234234234234234 0.824 0.35435435435435436 0.826 0.35735735735735735 0.83 0.3993993993993994 0.834 0.4144144144144144 0.836 0.4444444444444444 0.838 0.44744744744744747 0.838 0.4624624624624625 0.84 0.46546546546546547 0.84 0.47147147147147145 0.832 0.4774774774774775 0.75 0.4774774774774775 0.748 0.4744744744744745 0.738 0.4744744744744745 0.734 0.46546546546546547 0.734 0.45045045045045046 0.732 0.44744744744744747 0.732 0.43543543543543545 0.73 0.43243243243243246 0.73 0.4144144144144144 0.728 0.4114114114114114 0.728 0.3963963963963964 0.726 0.3933933933933934 0.726 0.37537537537537535 0.724 0.37237237237237236 0.724 0.35735735735735735 0.722 0.35435435435435436 0.722 0.33633633633633636 0.72 0.3333333333333333 0.72 0.3153153153153153 0.718 0.3123123123123123 0.716 0.2822822822822823
0 0 0.5165165165165165 0.038 0.5165165165165165 0.04 0.5195195195195195 0.04 0.5375375375375375 0.038 0.5405405405405406 0.038 0.5555555555555556 0.036 0.5585585585585585 0.036 0.5825825825825826 0.034 0.5855855855855856 0.032 0.6186186186186187 0.03 0.6216216216216216 0.03 0.6426426426426426 0.028 0.6456456456456456 0.026 0.6726726726726727 0.022 0.6876876876876877 0.022 0.7117117117117117 0.02 0.7147147147147147 0.018 0.7597597597597597 0.016 0.7627627627627628 0.016 0.7777777777777778 0.012 0.7927927927927928 0.012 0.8048048048048048 0.008 0.8138138138138138 0 0.8108108108108109 0 0.5585585585585585 0.002 0.5555555555555556 0 0.5495495495495496 0 0.5195195195195195
0 0.22 0.27627627627627627 0.222 0.27927927927927926 0.27 0.27927927927927926 0.272 0.27627627627627627 0.276 0.27927927927927926 0.284 0.27927927927927926 0.286 0.27627627627627627 0.29 0.27627627627627627 0.292 0.27927927927927926 0.318 0.27927927927927926 0.32 0.2822822822822823 0.318 0.3963963963963964 0.316 0.3993993993993994 0.318 0.4024024024024024 0.318 0.4144144144144144 0.316 0.4174174174174174 0.316 0.46546546546546547 0.314 0.46846846846846846 0.314 0.4744744744744745 0.31 0.4744744744744745 0.308 0.4774774774774775 0.198 0.4774774774774775 0.194 0.47147147147147145 0.194 0.45645645645645644 0.196 0.45345345345345345 0.196 0.4174174174174174 0.198 0.4144144144144144 0.198 0.38738738738738737 0.2 0.3843843843843844 0.2 0.35135135135135137 0.202 0.3483483483483483 0.202 0.32732732732732733 0.204 0.32432432432432434 0.204 0.2912912912912913 0.208 0.27927927927927926 0.218 0.27627627627627627
0 0.245 0.6666666666666666 0.142 0.3003003003003003
0 0.008 0.993993993993994 0.008 0.972972972972973 0.01 0.96996996996997 0.01 0.954954954954955 0.012 0.9519519519519519 0.014 0.9099099099099099 0.018 0.8948948948948949 0.018 0.8678678678678678 0.022 0.8558558558558559 0.152 0.8558558558558559 0.154 0.8588588588588588 0.154 0.8948948948948949 0.152 0.8978978978978979 0.152 0.9219219219219219 0.15 0.924924924924925 0.15 0.9459459459459459 0.148 0.948948948948949 0.148 0.990990990990991 0.146 0.993993993993994 0.134 0.993993993993994 0.132 0.996996996996997 0.074 0.996996996996997 0.072 0.993993993993994 0.062 0.993993993993994 0.06 0.996996996996997 0.058 0.993993993993994 0.054 0.996996996996997 0.018 0.996996996996997 0.016 0.993993993993994 0.01 0.993993993993994
0 0 0.27927927927927926 0.064 0.27927927927927926 0.066 0.2822822822822823 0.066 0.2882882882882883 0.064 0.2912912912912913 0.064 0.3213213213213213 0.06 0.33633633633633636 0.06 0.35135135135135137 0.058 0.35435435435435436 0.058 0.36936936936936937 0.056 0.37237237237237236 0.056 0.38738738738738737 0.054 0.39039039039039036 0.054 0.4084084084084084 0.05 0.42342342342342343 0.048 0.46546546546546547 0.046 0.46846846846846846 0.046 0.4744744744744745 0.042 0.4774774774774775 0 0.4774774774774775 0 0.2822822822822823
0 0.132 0.27627627627627627 0.134 0.27927927927927926 0.192 0.27927927927927926 0.192 0.3153153153153153 0.19 0.3183183183183183 0.19 0.33933933933933935 0.188 0.34234234234234234 0.188 0.3783783783783784 0.186 0.3813813813813814 0.186 0.3963963963963964 0.184 0.3993993993993994 0.184 0.4264264264264264 0.182 0.4294294294294294 0.182 0.4624624624624625 0.18 0.46546546546546547 0.18 0.4744744744744745 0.176 0.4774774774774775 0.064 0.4774774774774775 0.06 0.4744744744744745 0.062 0.43543543543543545 0.064 0.43243243243243246 0.064 0.42042042042042044 0.066 0.4174174174174174 0.066 0.3993993993993994 0.068 0.3963963963963964 0.07 0.36036036036036034 0.072 0.35735735735735735 0.072 0.33633633633633636 0.076 0.3213213213213213 0.076 0.3033033033033033 0.078 0.3003003003003003 0.08 0.27927927927927926 0.09 0.27927927927927926 0.092 0.27627627627627627 0.098 0.27627627627627627 0.1 0.27927927927927926 0.13 0.27927927927927926
0 0.334 0.27927927927927926 0.348 0.27927927927927926 0.35 0.27627627627627627 0.444 0.27627627627627627 0.446 0.27927927927927926 0.446 0.32432432432432434 0.448 0.32732732732732733 0.448 0.43543543543543545 0.45 0.43843843843843844 0.45 0.4624624624624625 0.446 0.4774774774774775 0.334 0.4774774774774775 0.33 0.4744744744744745 0.33 0.36036036036036034 0.332 0.35735735735735735 0.332 0.2852852852852853 0.334 0.2822822822822823
0 0.768 0.8108108108108109 0.768 0.8048048048048048 0.766 0.8018018018018018 0.766 0.7867867867867868 0.764 0.7837837837837838 0.762 0.7447447447447447 0.76 0.7417417417417418 0.758 0.6996996996996997 0.754 0.6846846846846847 0.754 0.6636636636636637 0.752 0.6606606606606606 0.752 0.6456456456456456 0.75 0.6426426426426426 0.75 0.6186186186186187 0.748 0.6156156156156156 0.748 0.6036036036036037 0.746 0.6006006006006006 0.744 0.5525525525525525 0.742 0.5495495495495496 0.742 0.5345345345345346 0.74 0.5315315315315315 0.74 0.5195195195195195 0.742 0.5165165165165165 0.844 0.5165165165165165 0.846 0.5195195195195195 0.85 0.5495495495495496 0.852 0.5525525525525525 0.852 0.5645645645645646 0.854 0.5675675675675675 0.856 0.6036036036036037 0.858 0.6066066066066066 0.858 0.6156156156156156 0.862 0.6306306306306306 0.862 0.6426426426426426 0.864 0.6456456456456456 0.864 0.6576576576576577 0.866 0.6606606606606606 0.866 0.6786786786786787 0.868 0.6816816816816816 0.868 0.6936936936936937 0.87 0.6966966966966966 0.87 0.7147147147147147 0.872 0.7177177177177178 0.872 0.7297297297297297 0.874 0.7327327327327328 0.874 0.7447447447447447 0.876 0.7477477477477478 0.876 0.7597597597597597 0.878 0.7627627627627628 0.878 0.7747747747747747 0.88 0.7777777777777778 0.88 0.7927927927927928 0.882 0.7957957957957958 0.882 0.8108108108108109 0.868 0.8108108108108109 0.866 0.8138138138138138 0.86 0.8138138138138138 0.858 0.8108108108108109 0.852 0.8108108108108109 0.85 0.8138138138138138 0.772 0.8138138138138138 0.77 0.8108108108108109
0 0.389 0.6666666666666666 0.134 0.3003003003003003
0 0.056 0.5195195195195195 0.06 0.5165165165165165 0.174 0.5165165165165165 0.176 0.5195195195195195 0.176 0.5675675675675675 0.174 0.5705705705705706 0.174 0.5885885885885885 0.172 0.5915915915915916 0.172 0.6216216216216216 0.17 0.6246246246246246 0.17 0.6516516516516516 0.168 0.6546546546546547 0.168 0.6846846846846847 0.166 0.6876876876876877 0.166 0.7087087087087087 0.164 0.7117117117117117 0.164 0.7297297297297297 0.162 0.7327327327327328 0.16 0.7957957957957958 0.158 0.7987987987987988 0.158 0.8108108108108109 0.156 0.8138138138138138 0.032 0.8138138138138138 0.03 0.8108108108108109 0.026 0.8108108108108109 0.028 0.7807807807807807 0.03 0.7777777777777778 0.03 0.7537537537537538 0.032 0.7507507507507507 0.032 0.7357357357357357 0.034 0.7327327327327328 0.032 0.7297297297297297 0.034 0.7267267267267268 0.034 0.7147147147147147 0.036 0.7117117117117117 0.038 0.6726726726726727 0.042 0.6576576576576577 0.042 0.6396396396396397 0.044 0.6366366366366366 0.044 0.6216216216216216 0.046 0.6186186186186187 0.048 0.5735735735735735 0.05 0.5705705705705706 0.052 0.5375375375375375 0.056 0.5225225225225225
0 0.886 0.8558558558558559 0.89 0.8618618618618619 0.89 0.8708708708708709 0.894 0.8858858858858859 0.894 0.9009009009009009 0.896 0.9039039039039038 0.896 0.9159159159159159 0.898 0.918918918918919 0.898 0.933933933933934 0.9 0.9369369369369369 0.902 0.960960960960961 0.904 0.963963963963964 0.904 0.9819819819819819 0.908 0.993993993993994 0.904 0.996996996996997 0.852 0.996996996996997 0.85 0.993993993993994 0.828 0.993993993993994 0.826 0.996996996996997 0.786 0.996996996996997 0.784 0.993993993993994 0.782 0.954954954954955 0.78 0.9519519519519519 0.78 0.93993993993994 0.778 0.9369369369369369 0.778 0.9159159159159159 0.776 0.9129129129129129 0.774 0.8708708708708709 0.772 0.8678678678678678 0.772 0.8588588588588588 0.774 0.8558558558558559 0.884 0.8558558558558559
0 0.592 0.3663663663663664 0.594 0.36036036036036034 0.592 0.35735735735735735 0.592 0.34534534534534533 0.59 0.34234234234234234 0.59 0.3033033033033033 0.588 0.3003003003003003 0.588 0.2822822822822823 0.59 0.27927927927927926 0.596 0.27927927927927926 0.598 0.27627627627627627 0.696 0.27627627627627627 0.7 0.2822822822822823 0.702 0.32432432432432434 0.704 0.32732732732732733 0.704 0.3483483483483483 0.706 0.35135135135135137 0.706 0.36936936936936937 0.708 0.37237237237237236 0.708 0.3843843843843844 0.71 0.38738738738738737 0.71 0.4084084084084084 0.712 0.4114114114114114 0.714 0.44744744744744747 0.716 0.45045045045045046 0.716 0.47147147147147145 0.714 0.4744744744744745 0.708 0.4744744744744745 0.706 0.4774774774774775 0.672 0.4774774774774775 0.67 0.4744744744744745 0.664 0.4744744744744745 0.662 0.4774774774774775 0.656 0.4774774774774775 0.654 0.4744744744744745 0.652 0.4774774774774775 0.614 0.4774774774774775 0.612 0.4744744744744745 0.602 0.4744744744744745 0.598 0.46546546546546547 0.598 0.43243243243243246 0.596 0.4294294294294294 0.596 0.40540540540540543 0.594 0.4024024024024024 0.594 0.36936936936936937