0 0.81 0.3933333333333333 0.878 0.4 0.884 0.404 0.884 0.436 0.886 0.43733333333333335 0.884 0.5506666666666666 0.886 0.5573333333333333 0.884 0.5586666666666666 0.884 0.6 0.882 0.6026666666666667 0.82 0.6 0.808 0.5986666666666667 0.802 0.5946666666666667 0.802 0.396 0.808 0.3933333333333333
0 0.22 0.8173333333333334 0.222 0.82 0.222 0.8653333333333333 0.22 0.8693333333333333 0.132 0.8946666666666667 0.122 0.8933333333333333 0.124 0.884 0.122 0.848 0.136 0.8413333333333334 0.218 0.8173333333333334
0 0.494 0.36933333333333335 0.546 0.37066666666666664 0.574 0.37466666666666665 0.578 0.37866666666666665 0.578 0.572 0.576 0.5786666666666667 0.574 0.58 0.554 0.58 0.536 0.5773333333333334 0.51 0.5773333333333334 0.494 0.5746666666666667 0.492 0.572 0.492 0.37733333333333335 0.494 0.37066666666666664
0 0.726 0.20666666666666667 0.77 0.21066666666666667 0.782 0.21333333333333335 0.784 0.216 0.784 0.37733333333333335 0.782 0.38 0.71 0.37466666666666665 0.7 0.37066666666666664 0.7 0.312 0.698 0.31066666666666665 0.7 0.208 0.704 0.20533333333333334 0.724 0.20666666666666667
0 0.596 0.8106666666666666 0.652 0.8133333333333334 0.666 0.816 0.678 0.816 0.68 0.8186666666666667 0.68 0.996 0.678 0.9986666666666667 0.656 0.9986666666666667 0.652 0.996 0.648 0.9986666666666667 0.594 0.9986666666666667 0.594 0.968 0.592 0.9666666666666667 0.594 0.9653333333333334 0.594 0.8133333333333334 0.596 0.812
0 0.646 0.19866666666666666 0.676 0.20266666666666666 0.682 0.20666666666666667 0.682 0.36933333333333335 0.68 0.37066666666666664 0.658 0.37066666666666664 0.646 0.368 0.612 0.36666666666666664 0.602 0.36533333333333334 0.596 0.36133333333333334 0.596 0.32266666666666666 0.594 0.32133333333333336 0.596 0.31066666666666665 0.594 0.308 0.596 0.30266666666666664 0.596 0.28 0.594 0.2786666666666667 0.596 0.2733333333333333 0.596 0.19733333333333333 0.612 0.196 0.644 0.19866666666666666
0 0.734 0.8173333333333334 0.778 0.8213333333333334 0.782 0.8226666666666667 0.784 0.8266666666666667 0.782 0.8386666666666667 0.782 0.9186666666666666 0.784 0.92 0.782 0.924 0.782 0.9946666666666667 0.768 0.9986666666666667 0.766 0.996 0.762 0.9986666666666667 0.758 0.996 0.754 0.9986666666666667 0.752 0.996 0.734 0.996 0.732 0.9986666666666667 0.698 0.9986666666666667 0.696 0.9853333333333333 0.698 0.9813333333333333 0.696 0.9733333333333334 0.698 0.96 0.698 0.94 0.696 0.9386666666666666 0.698 0.9373333333333334 0.696 0.9293333333333333 0.698 0.8186666666666667 0.7 0.8173333333333334 0.716 0.8186666666666667 0.732 0.8173333333333334
0 0.718 0.6013333333333334 0.772 0.6053333333333333 0.782 0.608 0.784 0.612 0.784 0.64 0.782 0.6413333333333333 0.782 0.6546666666666666 0.784 0.656 0.782 0.6666666666666666 0.784 0.6693333333333333 0.784 0.704 0.782 0.7053333333333334 0.784 0.7106666666666667 0.784 0.7626666666666667 0.782 0.764 0.784 0.7666666666666667 0.784 0.8053333333333333 0.782 0.8106666666666666 0.708 0.808 0.7 0.8066666666666666 0.696 0.8013333333333333 0.698 0.7946666666666666 0.698 0.744 0.696 0.7426666666666667 0.698 0.7386666666666667 0.698 0.608 0.702 0.6013333333333334 0.716 0.6013333333333334
0 0.802 0.6093333333333333 0.806 0.608 0.836 0.6093333333333333 0.848 0.612 0.864 0.612 0.882 0.6146666666666667 0.884 0.6186666666666667 0.884 0.668 0.886 0.6693333333333333 0.884 0.6786666666666666 0.884 0.7413333333333333 0.886 0.7426666666666667 0.884 0.748 0.884 0.8146666666666667 0.878 0.8173333333333334 0.862 0.8173333333333334 0.828 0.8133333333333334 0.806 0.8133333333333334 0.802 0.8106666666666666 0.8 0.8066666666666666 0.8 0.7186666666666667 0.802 0.7173333333333334 0.8 0.7106666666666667 0.8 0.6186666666666667 0.802 0.6106666666666667
0 0.576 0.19333333333333333 0.578 0.19466666666666665 0.578 0.36 0.574 0.3626666666666667 0.494 0.356 0.492 0.35333333333333333 0.492 0.2946666666666667 0.49 0.29333333333333333 0.492 0.288 0.492 0.188 0.494 0.18666666666666668 0.516 0.18666666666666668 0.562 0.19066666666666668 0.574 0.19333333333333333
0 0.714 0.38533333333333336 0.772 0.39066666666666666 0.784 0.3933333333333333 0.784 0.588 0.782 0.5946666666666667 0.75 0.5946666666666667 0.738 0.592 0.704 0.5906666666666667 0.7 0.588 0.698 0.5786666666666667 0.7 0.5666666666666667 0.7 0.552 0.698 0.5506666666666666 0.698 0.5373333333333333 0.7 0.536 0.698 0.5333333333333333 0.7 0.5293333333333333 0.698 0.5213333333333333 0.7 0.39066666666666666 0.702 0.38666666666666666 0.712 0.38533333333333336
0 0.22 0.8173333333333334 0.222 0.82 0.222 0.8666666666666667 0.22 0.8693333333333333 0.196 0.876 0.196 0.8333333333333334 0.194 0.832 0.194 0.828 0.198 0.824 0.218 0.8186666666666667
0 0.802 0.8226666666666667 0.876 0.8266666666666667 0.882 0.828 0.884 0.8306666666666667 0.884 0.996 0.882 0.9986666666666667 0.852 0.9986666666666667 0.85 0.996 0.844 0.996 0.84 0.9986666666666667 0.808 0.9986666666666667 0.806 0.996 0.804 0.9973333333333333 0.798 0.9933333333333333 0.8 0.9893333333333333 0.8 0.8253333333333334 0.802 0.824
0 0.156 0.688 0.156 0.64 0.162 0.636 0.186 0.628 0.192 0.628 0.194 0.6306666666666667 0.192 0.6773333333333333 0.158 0.688
0 0.516 0.5866666666666667 0.534 0.5893333333333334 0.57 0.5906666666666667 0.576 0.5933333333333334 0.578 0.5973333333333334 0.576 0.608 0.578 0.616 0.578 0.636 0.576 0.6373333333333333 0.576 0.656 0.578 0.6573333333333333 0.576 0.66 0.578 0.6693333333333333 0.576 0.7373333333333333 0.578 0.748 0.576 0.7493333333333333 0.576 0.796 0.574 0.7973333333333333 0.538 0.7973333333333333 0.492 0.7933333333333333 0.492 0.764 0.49 0.7626666666666667 0.492 0.5906666666666667 0.496 0.5866666666666667 0.514 0.5866666666666667
0 0.606 0.5933333333333334 0.672 0.5986666666666667 0.68 0.6013333333333334 0.68 0.6826666666666666 0.682 0.684 0.68 0.7 0.682 0.7053333333333334 0.68 0.7066666666666667 0.68 0.8026666666666666 0.678 0.804 0.642 0.804 0.604 0.8013333333333333 0.598 0.8 0.594 0.796 0.594 0.596 0.598 0.5933333333333334 0.604 0.5933333333333334
0 0.832 0.216 0.876 0.22133333333333333 0.884 0.224 0.886 0.31733333333333336 0.884 0.31866666666666665 0.884 0.38533333333333336 0.882 0.388 0.816 0.384 0.808 0.38266666666666665 0.802 0.376 0.802 0.21733333333333332 0.804 0.216 0.83 0.216
0 0.904 0.616 0.932 0.616 0.982 0.6213333333333333 0.984 0.6226666666666667 0.984 0.6586666666666666 0.986 0.66 0.984 0.6613333333333333 0.986 0.6746666666666666 0.984 0.8213333333333334 0.982 0.8226666666666667 0.956 0.8226666666666667 0.906 0.8186666666666667 0.902 0.808 0.902 0.6826666666666666 0.904 0.6813333333333333 0.902 0.68 0.902 0.6346666666666667 0.904 0.6333333333333333 0.904 0.6173333333333333
0 0.2 0.6226666666666667 0.218 0.616 0.222 0.6173333333333333 0.222 0.6626666666666666 0.218 0.668 0.2 0.6746666666666666 0.196 0.6733333333333333 0.196 0.6266666666666667 0.2 0.624
0 0.154 0.8386666666666667 0.154 0.8813333333333333 0.156 0.884 0.15 0.8893333333333333 0.128 0.8946666666666667 0.122 0.892 0.124 0.848 0.126 0.8453333333333334 0.146 0.8386666666666667 0.152 0.8386666666666667
0 0.126 0.6973333333333334 0.124 0.6946666666666667 0.126 0.6906666666666667 0.124 0.6506666666666666 0.216 0.616 0.222 0.616 0.22 0.6666666666666666 0.196 0.6746666666666666 0.188 0.68 0.14 0.696 0.128 0.6973333333333334
0 0.154 0.6413333333333333 0.154 0.6893333333333334 0.136 0.6973333333333334 0.126 0.6973333333333334 0.124 0.652 0.132 0.6466666666666666 0.152 0.6413333333333333
0 0.918 0.4026666666666667 0.936 0.4053333333333333 0.968 0.4066666666666667 0.984 0.4106666666666667 0.984 0.47733333333333333 0.986 0.4786666666666667 0.984 0.524 0.986 0.532 0.984 0.5333333333333333 0.984 0.608 0.98 0.6106666666666667 0.91 0.6053333333333333 0.904 0.6013333333333334 0.904 0.528 0.902 0.5266666666666666 0.904 0.5226666666666666 0.904 0.4053333333333333 0.91 0.4026666666666667 0.916 0.4026666666666667
0 0.94 0.8293333333333334 0.972 0.832 0.984 0.836 0.984 0.996 0.982 0.9986666666666667 0.948 0.9986666666666667 0.946 0.996 0.94 0.996 0.936 0.9986666666666667 0.906 0.9986666666666667 0.902 0.9946666666666667 0.902 0.8306666666666667 0.904 0.8293333333333334 0.938 0.8293333333333334
0 0.676 0.38266666666666665 0.682 0.38666666666666666 0.682 0.5253333333333333 0.68 0.5266666666666666 0.68 0.5853333333333334 0.678 0.588 0.652 0.588 0.598 0.5826666666666667 0.594 0.5706666666666667 0.596 0.38133333333333336 0.6 0.37733333333333335 0.622 0.37733333333333335 0.674 0.38266666666666665
0 0.964 0.22933333333333333 0.98 0.23066666666666666 0.984 0.23333333333333334 0.984 0.264 0.986 0.2653333333333333 0.984 0.27466666666666667 0.986 0.28 0.984 0.284 0.986 0.292 0.984 0.364 0.986 0.37066666666666664 0.984 0.37466666666666665 0.986 0.376 0.984 0.37733333333333335 0.984 0.39466666666666667 0.98 0.396 0.91 0.392 0.904 0.388 0.904 0.25466666666666665 0.902 0.25333333333333335 0.904 0.22666666666666666 0.924 0.22533333333333333 0.95 0.22933333333333333 0.962 0.22933333333333333
0 0.566 0.808 0.574 0.8093333333333333 0.578 0.816 0.576 0.8253333333333334 0.576 0.8693333333333333 0.578 0.8706666666666667 0.576 0.876 0.576 0.9986666666666667 0.492 0.9986666666666667 0.49 0.9973333333333333 0.492 0.8066666666666666 0.494 0.8053333333333333 0.524 0.8053333333333333 0.544 0.808 0.564 0.808
0 0.194 0.8266666666666667 0.194 0.876 0.174 0.8826666666666667 0.158 0.8853333333333333 0.156 0.8826666666666667 0.156 0.8386666666666667 0.172 0.8306666666666667 0.192 0.8266666666666667