0 0.8493333333333334 0.4228271728271728 0.09333333333333334 0.27522477522477523
0 0.9996666666666667 0.26673326673326675 0.9996666666666667 0.5244755244755245 0.9936666666666667 0.5244755244755245 0.9896666666666667 0.5194805194805194 0.9886666666666667 0.4975024975024975 0.9903333333333333 0.4875124875124875 0.9863333333333333 0.4695304695304695 0.977 0.27672327672327673 0.9773333333333334 0.2722277722277722 0.981 0.26823176823176825 0.9993333333333333 0.26673326673326675
0 0.36566666666666664 0 0.43566666666666665 0 0.43633333333333335 0.003996003996003996 0.43533333333333335 0.011988011988011988 0.43233333333333335 0.016983016983016984 0.36566666666666664 0.030969030969030968 0.36333333333333334 0.027972027972027972 0.36566666666666664 0.0004995004995004995
0 0.29133333333333333 0 0.362 0 0.361 0.027472527472527472 0.35933333333333334 0.03146853146853147 0.29533333333333334 0.04495504495504495 0.289 0.04295704295704296 0.29133333333333333 0.0004995004995004995
0 0.9673333333333334 0.16433566433566432 0.9693333333333334 0.16833166833166832 0.9716666666666667 0.19230769230769232 0.9746666666666667 0.26223776223776224 0.9683333333333334 0.2662337662337662 0.8916666666666667 0.27822177822177824 0.8886666666666667 0.2757242757242757 0.887 0.25874125874125875 0.886 0.17882117882117882 0.908 0.17282717282717283 0.967 0.16433566433566432
0 0.7156666666666667 0 0.7923333333333333 0 0.7946666666666666 0.022977022977022976 0.7976666666666666 0.15634365634365635 0.7973333333333333 0.17182817182817184 0.793 0.18581418581418582 0.727 0.1978021978021978 0.717 0.1953046953046953 0.7156666666666667 0.0004995004995004995
0 0.7116666666666667 0.31218781218781216 0.715 0.3161838161838162 0.7166666666666667 0.5669330669330669 0.7146666666666667 0.5714285714285714 0.7073333333333334 0.5744255744255744 0.6423333333333333 0.583916083916084 0.633 0.5824175824175825 0.6313333333333333 0.5729270729270729 0.6333333333333333 0.32817182817182816 0.6366666666666667 0.3246753246753247 0.6556666666666666 0.3206793206793207 0.7113333333333334 0.31218781218781216
0 0.521 0.008991008991008992 0.5286666666666666 0.01848151848151848 0.528 0.028971028971028972 0.531 0.032467532467532464 0.5323333333333333 0.046453546453546456 0.5273333333333333 0.23126873126873126 0.5236666666666666 0.23426573426573427 0.435 0.24875124875124874 0.43166666666666664 0.24875124875124874 0.43 0.24125874125874125 0.435 0.14085914085914086 0.43666666666666665 0.056943056943056944 0.43933333333333335 0.022977022977022976 0.44233333333333336 0.01998001998001998 0.4736666666666667 0.016483516483516484 0.48433333333333334 0.011488511488511488 0.5106666666666667 0.007492507492507493 0.5206666666666667 0.008991008991008992
0 0.7136666666666667 0.5814185814185814 0.7166666666666667 0.5859140859140859 0.7176666666666667 0.6898101898101898 0.7136666666666667 0.6928071928071928 0.6893333333333334 0.6978021978021978 0.641 0.7017982017982018 0.6343333333333333 0.7007992007992008 0.6326666666666667 0.6968031968031968 0.632 0.6228771228771228 0.6336666666666667 0.5919080919080919 0.676 0.583916083916084 0.7133333333333334 0.5814185814185814
0 0.62 0.7107892107892108 0.6266666666666667 0.7142857142857143 0.629 0.7247752247752248 0.6293333333333333 0.7477522477522478 0.628 0.9735264735264735 0.6273333333333333 0.9945054945054945 0.624 0.9995004995004995 0.6033333333333334 0.9995004995004995 0.5986666666666667 0.9935064935064936 0.5603333333333333 0.995004995004995 0.554 0.991008991008991 0.5503333333333333 0.996003996003996 0.5426666666666666 0.9995004995004995 0.524 0.9995004995004995 0.517 0.994005994005994 0.5153333333333333 0.972027972027972 0.5206666666666667 0.7257742257742258 0.5296666666666666 0.7212787212787213 0.5886666666666667 0.7167832167832168 0.595 0.7132867132867133 0.6196666666666667 0.7107892107892108
0 0.6266666666666667 0.2217782217782218 0.6313333333333333 0.22677322677322678 0.6316666666666667 0.23726273726273725 0.63 0.28121878121878124 0.631 0.3076923076923077 0.6303333333333333 0.31718281718281716 0.6276666666666667 0.3211788211788212 0.5353333333333333 0.33666333666333664 0.5293333333333333 0.3356643356643357 0.528 0.33016983016983015 0.5313333333333333 0.24025974025974026 0.5516666666666666 0.23376623376623376 0.6263333333333333 0.2217782217782218
0 0.07766666666666666 0.0034965034965034965 0.079 0.011488511488511488 0.07266666666666667 0.07642357642357642 0.06966666666666667 0.08641358641358642 0.04133333333333333 0.09540459540459541 0.010333333333333333 0.1003996003996004 0.005 0.1003996003996004 0.0033333333333333335 0.0944055944055944 0.01 0.02147852147852148 0.013666666666666667 0.014485514485514486 0.067 0.002997002997002997 0.07733333333333334 0.0034965034965034965
0 0.516 0.7242757242757243 0.518 0.7272727272727273 0.5173333333333333 0.7907092907092907 0.512 0.993006993006993 0.509 0.997002997002997 0.484 0.994005994005994 0.47533333333333333 0.9975024975024975 0.456 0.997002997002997 0.443 0.9905094905094906 0.43333333333333335 0.997002997002997 0.4146666666666667 0.9975024975024975 0.4033333333333333 0.9945054945054945 0.407 0.8406593406593407 0.412 0.7412587412587412 0.415 0.7357642357642358 0.42533333333333334 0.7332667332667333 0.5156666666666667 0.7242757242757243
0 0.21966666666666668 0 0.289 0 0.288 0.026973026973026972 0.2843333333333333 0.044455544455544456 0.22133333333333333 0.058941058941058944 0.216 0.05544455544455545 0.21966666666666668 0.0004995004995004995
0 0.4186666666666667 0.36063936063936064 0.42233333333333334 0.36313686313686316 0.42233333333333334 0.3806193806193806 0.41333333333333333 0.6058941058941059 0.411 0.6128871128871128 0.398 0.6163836163836164 0.3413333333333333 0.6213786213786214 0.3383333333333333 0.6213786213786214 0.335 0.6168831168831169 0.33466666666666667 0.6003996003996004 0.347 0.3761238761238761 0.349 0.3726273726273726 0.3626666666666667 0.3691308691308691 0.41833333333333333 0.36063936063936064
0 0.8016666666666666 0.5694305694305695 0.8053333333333333 0.5724275724275725 0.8063333333333333 0.5789210789210789 0.8083333333333333 0.6178821178821179 0.8083333333333333 0.6788211788211789 0.795 0.6833166833166833 0.7283333333333334 0.6908091908091908 0.7226666666666667 0.6893106893106893 0.7216666666666667 0.6828171828171828 0.7203333333333334 0.6153846153846154 0.7226666666666667 0.5819180819180819 0.759 0.5734265734265734 0.8013333333333333 0.5694305694305695
0 0.061 0.09490509490509491 0.06766666666666667 0.0964035964035964 0.06866666666666667 0.0989010989010989 0.068 0.11738261738261738 0.048666666666666664 0.3101898101898102 0.043333333333333335 0.3156843156843157 0.008666666666666666 0.3226773226773227 0 0.3211788211788212 0 0.2807192807192807 0.002 0.27972027972027974 0.004 0.2662337662337662 0.002 0.25574425574425574 0 0.2547452547452547 0 0.22077922077922077 0.0016666666666666668 0.2202797202797203 0 0.21428571428571427 0.0026666666666666666 0.2102897102897103 0 0.20529470529470528 0 0.13536463536463536 0.0036666666666666666 0.13336663336663337 0.0023333333333333335 0.12637362637362637 0 0.12537462537462538 0 0.10789210789210789 0.005 0.1043956043956044 0.06066666666666667 0.09490509490509491
0 0.527 0.24075924075924077 0.5283333333333333 0.25374625374625376 0.5273333333333333 0.30719280719280717 0.5233333333333333 0.33816183816183815 0.43 0.3531468531468531 0.42633333333333334 0.35114885114885114 0.42533333333333334 0.34015984015984013 0.42866666666666664 0.26173826173826176 0.43066666666666664 0.25574425574425574 0.47633333333333333 0.24625374625374624 0.5266666666666666 0.24075924075924077
0 0.8056666666666666 0.6868131868131868 0.8086666666666666 0.6893106893106893 0.8096666666666666 0.7182817182817183 0.814 0.9775224775224776 0.811 0.9825174825174825 0.8036666666666666 0.9845154845154845 0.7383333333333333 0.9895104895104895 0.7256666666666667 0.9885114885114885 0.7233333333333334 0.9765234765234765 0.72 0.7517482517482518 0.722 0.6993006993006993 0.7306666666666667 0.6958041958041958 0.8053333333333333 0.6868131868131868
0 0.9976666666666667 0.972027972027972 0.9996666666666667 0.9725274725274725 0.9996666666666667 0.9920079920079921 0.99 0.9995004995004995 0.9166666666666666 0.9995004995004995 0.9143333333333333 0.9945054945054945 0.914 0.9825174825174825 0.9233333333333333 0.978021978021978 0.9973333333333333 0.972027972027972
0 0.6276666666666667 0.5944055944055944 0.6303333333333333 0.6403596403596403 0.6293333333333333 0.6993006993006993 0.627 0.7042957042957043 0.6086666666666667 0.7082917082917083 0.528 0.7152847152847153 0.5223333333333333 0.7147852147852148 0.521 0.7052947052947053 0.5236666666666666 0.6083916083916084 0.525 0.6058941058941059 0.6003333333333334 0.5954045954045954 0.6273333333333333 0.5944055944055944
0 0.43233333333333335 0.023476523476523476 0.43433333333333335 0.025474525474525476 0.435 0.036463536463536464 0.427 0.24625374625374624 0.425 0.25024975024975027 0.4186666666666667 0.2517482517482518 0.36 0.26173826173826176 0.35233333333333333 0.25924075924075923 0.352 0.24625374625374624 0.3546666666666667 0.21828171828171827 0.3546666666666667 0.19080919080919082 0.357 0.17882117882117882 0.36 0.08191808191808192 0.36466666666666664 0.040459540459540456 0.379 0.032467532467532464 0.432 0.023476523476523476
0 0.8806666666666667 0.17882117882117882 0.8836666666666667 0.1878121878121878 0.8863333333333333 0.26873126873126874 0.885 0.2792207792207792 0.8086666666666666 0.2917082917082917 0.8033333333333333 0.2902097902097902 0.802 0.2807192807192807 0.8006666666666666 0.23876123876123875 0.802 0.1928071928071928 0.8133333333333334 0.1888111888111888 0.8803333333333333 0.17882117882117882
0 0.078 0.7772227772227772 0.08066666666666666 0.7812187812187812 0.07933333333333334 0.8161838161838162 0.072 0.8801198801198801 0.06933333333333333 0.9300699300699301 0.066 0.945054945054945 0.06433333333333334 0.9945054945054945 0.06266666666666666 0.9995004995004995 0.033 0.9995004995004995 0.030333333333333334 0.9965034965034965 0.011666666666666667 0.997002997002997 0.004 0.993006993006993 0.0023333333333333335 0.977022977022977 0 0.9755244755244755 0 0.945054945054945 0.004666666666666667 0.9425574425574426 0 0.9375624375624375 0 0.8376623376623377 0.002 0.8366633366633367 0.006333333333333333 0.8096903096903096 0.004 0.7967032967032966 0.007 0.7862137862137862 0.027333333333333334 0.7817182817182817 0.07766666666666666 0.7772227772227772
0 0.2826666666666667 0.05144855144855145 0.2843333333333333 0.05344655344655345 0.2846666666666667 0.06593406593406594 0.2833333333333333 0.1018981018981019 0.281 0.11138861138861139 0.277 0.20279720279720279 0.27166666666666667 0.27322677322677325 0.2693333333333333 0.27672327672327673 0.25966666666666666 0.27972027972027974 0.211 0.28771228771228774 0.19966666666666666 0.2867132867132867 0.199 0.2772227772227772 0.20933333333333334 0.14235764235764237 0.21233333333333335 0.12187812187812187 0.213 0.0969030969030969 0.21666666666666667 0.06843156843156843 0.22033333333333333 0.06343656343656344 0.2823333333333333 0.05144855144855145
0 0.3456666666666667 0.26973026973026976 0.34833333333333333 0.2722277722277722 0.34833333333333333 0.2857142857142857 0.3436666666666667 0.36563436563436563 0.27366666666666667 0.37812187812187814 0.26866666666666666 0.3756243756243756 0.2683333333333333 0.36163836163836166 0.2743333333333333 0.28321678321678323 0.291 0.27822177822177824 0.3453333333333333 0.26973026973026976
0 0.6366666666666667 0 0.6996666666666667 0 0.71 0.004495504495504496 0.714 0.035464535464535464 0.7123333333333334 0.05544455544455545 0.714 0.07092907092907093 0.7136666666666667 0.1063936063936064 0.7116666666666667 0.12237762237762238 0.713 0.17182817182817184 0.7106666666666667 0.1993006993006993 0.6966666666666667 0.2037962037962038 0.6366666666666667 0.2122877122877123 0.6343333333333333 0.2097902097902098 0.634 0.1888111888111888 0.6343333333333333 0.011488511488511488 0.6366666666666667 0.0004995004995004995
0 0.985 0.6633366633366633 0.995 0.6653346653346653 0.9976666666666667 0.6973026973026973 0.9996666666666667 0.6988011988011988 0.9966666666666667 0.7062937062937062 0.9976666666666667 0.7377622377622378 0.9996666666666667 0.7402597402597403 0.9996666666666667 0.8806193806193806 0.9936666666666667 0.8871128871128872 0.9946666666666667 0.9040959040959041 0.9996666666666667 0.9105894105894106 0.9996666666666667 0.9615384615384616 0.987 0.9665334665334665 0.923 0.972027972027972 0.9146666666666666 0.9705294705294706 0.912 0.932067932067932 0.906 0.7127872127872128 0.9043333333333333 0.7027972027972028 0.9056666666666666 0.6983016983016983 0.905 0.6783216783216783 0.908 0.6743256743256744 0.917 0.6718281718281718 0.9846666666666667 0.6633366633366633
0 0.7966666666666666 0.29920079920079923 0.7993333333333333 0.3031968031968032 0.8006666666666666 0.3126873126873127 0.8016666666666666 0.34115884115884115 0.8023333333333333 0.42157842157842157 0.8053333333333333 0.484015984015984 0.805 0.5564435564435565 0.7876666666666666 0.563936063936064 0.7273333333333334 0.5714285714285714 0.722 0.570929070929071 0.7196666666666667 0.561938061938062 0.7186666666666667 0.3996003996003996 0.717 0.3836163836163836 0.717 0.3246753246753247 0.7186666666666667 0.31518481518481517 0.7203333333333334 0.31218781218781216 0.7266666666666667 0.3101898101898102 0.7963333333333333 0.2997002997002997
0 0.050666666666666665 0.3211788211788212 0.054 0.31868131868131866 0.115 0.3081918081918082 0.12 0.3091908091908092 0.12133333333333333 0.31218781218781216 0.11366666666666667 0.4015984015984016 0.109 0.4050949050949051 0.04933333333333333 0.4140859140859141 0.042333333333333334 0.4130869130869131 0.042 0.3971028971028971 0.050666666666666665 0.32167832167832167
0 0.5376666666666666 0 0.6276666666666667 0 0.6323333333333333 0.004995004995004995 0.6316666666666667 0.07192807192807193 0.6333333333333333 0.08391608391608392 0.6313333333333333 0.11238761238761238 0.631 0.1998001998001998 0.6283333333333333 0.2137862137862138 0.579 0.2242757242757243 0.533 0.22927072927072928 0.5316666666666666 0.17482517482517482 0.5333333333333333 0.16233766233766234 0.5333333333333333 0.1063936063936064 0.5353333333333333 0.07442557442557443 0.5346666666666666 0.004995004995004995 0.5376666666666666 0.0004995004995004995
0 0.012333333333333333 0.6728271728271729 0.015 0.6753246753246753 0.014666666666666666 0.6853146853146853 0.005 0.7762237762237763 0 0.7762237762237763 0 0.7657342657342657 0.0036666666666666666 0.7622377622377622 0 0.7587412587412588 0 0.6733266733266733 0.012 0.6728271728271729
0 0.425 0.2562437562437562 0.427 0.25874125874125875 0.427 0.28321678321678323 0.4226666666666667 0.35214785214785216 0.41833333333333333 0.35514485514485516 0.35333333333333333 0.36513486513486515 0.3466666666666667 0.3626373626373626 0.3476666666666667 0.3196803196803197 0.3516666666666667 0.2707292707292707 0.37733333333333335 0.26323676323676326 0.4246666666666667 0.2562437562437562
0 0.17933333333333334 0.4010989010989011 0.18633333333333332 0.4005994005994006 0.18733333333333332 0.4195804195804196 0.17 0.6438561438561439 0.16566666666666666 0.6478521478521478 0.11333333333333333 0.6558441558441559 0.09633333333333334 0.6543456543456544 0.09533333333333334 0.6413586413586414 0.11466666666666667 0.4130869130869131 0.11966666666666667 0.4075924075924076 0.179 0.4010989010989011
0 0.965 0 0.9916666666666667 0 0.9996666666666667 0.006993006993006993 0.9996666666666667 0.038461538461538464 0.9963333333333333 0.041458541458541456 0.9946666666666667 0.057942057942057944 0.9976666666666667 0.07892107892107893 0.9996666666666667 0.07992007992007992 0.9996666666666667 0.15034965034965034 0.9733333333333334 0.15484515484515485 0.97 0.13686313686313686 0.965 0.044455544455544456 0.961 0.022477522477522476 0.965 0.015984015984015984 0.9616666666666667 0.008491508491508492 0.965 0.0004995004995004995
0 0.32466666666666666 0.6323676323676324 0.329 0.6363636363636364 0.3293333333333333 0.6588411588411588 0.3273333333333333 0.6673326673326674 0.32366666666666666 0.7402597402597403 0.24833333333333332 0.7512487512487512 0.246 0.7482517482517482 0.24733333333333332 0.7087912087912088 0.25333333333333335 0.6438561438561439 0.2826666666666667 0.6363636363636364 0.3243333333333333 0.6323676323676324
0 0.137 0.08091908091908091 0.14066666666666666 0.08791208791208792 0.14033333333333334 0.1028971028971029 0.13566666666666666 0.13286713286713286 0.13366666666666666 0.18581418581418582 0.12166666666666667 0.2997002997002997 0.11233333333333333 0.3046953046953047 0.06566666666666666 0.31218781218781216 0.05366666666666667 0.31218781218781216 0.052333333333333336 0.3001998001998002 0.059333333333333335 0.2202797202797203 0.06266666666666666 0.2042957042957043 0.06233333333333333 0.1918081918081918 0.065 0.1798201798201798 0.07366666666666667 0.0939060939060939 0.07866666666666666 0.09040959040959042 0.13666666666666666 0.08091908091908091
0 0.034333333333333334 0.4205794205794206 0.03766666666666667 0.4245754245754246 0.037 0.44305694305694304 0.015666666666666666 0.6593406593406593 0.013 0.6678321678321678 0.005333333333333333 0.6698301698301699 0 0.6698301698301699 0 0.5589410589410589 0.004 0.5569430569430569 0.0036666666666666666 0.5529470529470529 0 0.550949050949051 0 0.4275724275724276 0.034 0.4205794205794206
0 0.2315 0.3371628371628372 0.08033333333333334 0.1088911088911089
0 0.3586666666666667 0.03796203796203796 0.36033333333333334 0.04495504495504495 0.35933333333333334 0.07292707292707293 0.35533333333333333 0.11838161838161838 0.3486666666666667 0.26173826173826176 0.3423333333333333 0.26573426573426573 0.28 0.2757242757242757 0.2753333333333333 0.27172827172827174 0.27566666666666667 0.25024975024975027 0.281 0.1913086913086913 0.289 0.05344655344655345 0.2926666666666667 0.04945054945054945 0.35833333333333334 0.03796203796203796
0 0.15866666666666668 0.7662337662337663 0.16133333333333333 0.7687312687312687 0.16066666666666668 0.7847152847152847 0.14633333333333334 0.9785214785214785 0.144 0.9915084915084915 0.14133333333333334 0.9955044955044955 0.11466666666666667 0.997002997002997 0.11266666666666666 0.9995004995004995 0.07033333333333333 0.997002997002997 0.067 0.991008991008991 0.072 0.9395604395604396 0.077 0.8521478521478522 0.084 0.7807192807192808 0.08666666666666667 0.7757242757242757 0.09133333333333334 0.7737262737262737 0.15833333333333333 0.7662337662337663
0 0.7963333333333333 0 0.8773333333333333 0 0.8796666666666667 0.08291708291708291 0.878 0.09940059940059941 0.8816666666666667 0.11838161838161838 0.8816666666666667 0.16383616383616384 0.878 0.17182817182817184 0.822 0.18281718281718282 0.8016666666666666 0.1823176823176823 0.7983333333333333 0.11988011988011989 0.7963333333333333 0.0004995004995004995
0 0.9863333333333333 0.5434565434565435 0.989 0.5534465534465535 0.9896666666666667 0.5924075924075924 0.9943333333333333 0.6458541458541458 0.9933333333333333 0.6543456543456544 0.984 0.6588411588411588 0.9126666666666666 0.6668331668331668 0.9073333333333333 0.6668331668331668 0.904 0.6613386613386614 0.9033333333333333 0.6023976023976024 0.9006666666666666 0.5564435564435565 0.906 0.5534465534465535 0.986 0.5434565434565435
0 0.20766666666666667 0.06893106893106893 0.211 0.07392607392607392 0.21066666666666667 0.1063936063936064 0.206 0.14485514485514486 0.20366666666666666 0.2037962037962038 0.19633333333333333 0.2857142857142857 0.19166666666666668 0.29120879120879123 0.134 0.3006993006993007 0.126 0.3001998001998002 0.125 0.2907092907092907 0.14533333333333334 0.08241758241758242 0.154 0.07792207792207792 0.18233333333333332 0.07542457542457542 0.19066666666666668 0.07142857142857142 0.20733333333333334 0.06893106893106893
0 0.086 0.6643356643356644 0.08933333333333333 0.6678321678321678 0.08966666666666667 0.6733266733266733 0.08233333333333333 0.7687312687312687 0.01 0.7797202797202797 0.006666666666666667 0.7767232767232767 0.007 0.7652347652347652 0.018 0.6753246753246753 0.03166666666666667 0.6703296703296703 0.08566666666666667 0.6643356643356644
0 0.8946666666666667 0.5569430569430569 0.8983333333333333 0.5984015984015985 0.899 0.6618381618381618 0.8976666666666666 0.6673326673326674 0.881 0.6723276723276723 0.825 0.6793206793206793 0.8136666666666666 0.6793206793206793 0.8116666666666666 0.6733266733266733 0.8106666666666666 0.5714285714285714 0.8136666666666666 0.567932067932068 0.829 0.563936063936064 0.8763333333333333 0.5569430569430569 0.8943333333333333 0.5569430569430569
0 0.5246666666666666 0.504995004995005 0.5293333333333333 0.3436563436563437 0.541 0.33916083916083917 0.6286666666666667 0.3276723276723277 0.6303333333333333 0.33116883116883117 0.631 0.42157842157842157 0.6286666666666667 0.5084915084915085 0.63 0.5474525474525475 0.628 0.5824175824175825 0.6116666666666667 0.5879120879120879 0.5813333333333334 0.5894105894105894 0.556 0.5944055944055944 0.5253333333333333 0.5944055944055944 0.5223333333333333 0.5854145854145855 0.5253333333333333 0.554945054945055 0.5236666666666666 0.5439560439560439 0.525 0.5054945054945055
0 0.8203333333333334 0.981018981018981 0.8166666666666667 0.954045954045954 0.8126666666666666 0.6888111888111889 0.8156666666666667 0.6853146853146853 0.8373333333333334 0.6813186813186813 0.8966666666666666 0.6753246753246753 0.9 0.6843156843156843 0.9 0.7077922077922078 0.9023333333333333 0.7152847152847153 0.9046666666666666 0.7627372627372627 0.904 0.7932067932067932 0.9073333333333333 0.8601398601398601 0.9063333333333333 0.8871128871128872 0.9086666666666666 0.9175824175824175 0.907 0.9250749250749251 0.9096666666666666 0.9410589410589411 0.9096666666666666 0.967032967032967 0.9046666666666666 0.973026973026973 0.89 0.9760239760239761 0.8206666666666667 0.981018981018981
0 0.108 0.4110889110889111 0.11033333333333334 0.42007992007992007 0.11 0.44805194805194803 0.097 0.5959040959040959 0.094 0.6093906093906094 0.09166666666666666 0.6523476523476524 0.08933333333333333 0.6573426573426573 0.085 0.6593406593406593 0.023 0.6668331668331668 0.018333333333333333 0.6643356643356644 0.018 0.6513486513486514 0.025333333333333333 0.5734265734265734 0.032 0.525974025974026 0.035333333333333335 0.47202797202797203 0.042 0.4245754245754246 0.05 0.4175824175824176 0.10766666666666666 0.4110889110889111
0 0.262 0.3851148851148851 0.2643333333333333 0.3871128871128871 0.263 0.43756243756243757 0.257 0.528971028971029 0.25433333333333336 0.542957042957043 0.25266666666666665 0.5999000999000998 0.24833333333333332 0.6353646353646354 0.223 0.6408591408591409 0.17833333333333334 0.6453546453546454 0.17333333333333334 0.6433566433566433 0.173 0.6258741258741258 0.18733333333333332 0.4320679320679321 0.19166666666666668 0.3971028971028971 0.26166666666666666 0.3856143856143856
0 0.712 0.2082917082917083 0.715 0.23526473526473526 0.715 0.3036963036963037 0.71 0.3076923076923077 0.6383333333333333 0.3196803196803197 0.6333333333333333 0.3176823176823177 0.6323333333333333 0.3081918081918082 0.6323333333333333 0.23176823176823177 0.6346666666666667 0.22127872127872128 0.6473333333333333 0.21678321678321677 0.7116666666666667 0.2082917082917083
0 0.31866666666666665 0.991008991008991 0.319 0.9200799200799201 0.3273333333333333 0.7512487512487512 0.33066666666666666 0.7467532467532467 0.345 0.7437562437562437 0.408 0.7377622377622378 0.4096666666666667 0.7422577422577422 0.407 0.7747252747252747 0.40166666666666667 0.9460539460539461 0.397 0.9915084915084915 0.38866666666666666 0.997002997002997 0.3566666666666667 0.995004995004995 0.331 0.997002997002997 0.321 0.9955044955044955 0.319 0.9915084915084915
0 0.3413333333333333 0.3741258741258741 0.3426666666666667 0.3806193806193806 0.341 0.43956043956043955 0.3313333333333333 0.6203796203796204 0.328 0.6263736263736264 0.2663333333333333 0.6338661338661339 0.25833333333333336 0.6338661338661339 0.255 0.6308691308691309 0.25366666666666665 0.6118881118881119 0.25733333333333336 0.5274725274725275 0.26 0.5084915084915085 0.2643333333333333 0.42507492507492506 0.26866666666666666 0.3871128871128871 0.27266666666666667 0.3826173826173826 0.341 0.3741258741258741
0 0.9733333333333334 0.2722277722277722 0.975 0.27522477522477523 0.977 0.3026973026973027 0.9793333333333333 0.37362637362637363 0.9826666666666667 0.41358641358641357 0.9833333333333333 0.46503496503496505 0.9866666666666667 0.5034965034965035 0.9866666666666667 0.5324675324675324 0.981 0.5364635364635365 0.909 0.5464535464535465 0.901 0.545954045954046 0.8986666666666666 0.5399600399600399 0.89 0.28621378621378624 0.895 0.2822177822177822 0.9536666666666667 0.2722277722277722 0.973 0.2722277722277722
0 0.69 0.7007992007992008 0.7133333333333334 0.6988011988011988 0.717 0.7027972027972028 0.718 0.7082917082917083 0.7193333333333334 0.9035964035964036 0.721 0.9250749250749251 0.7196666666666667 0.9285714285714286 0.7186666666666667 0.989010989010989 0.7166666666666667 0.9925074925074925 0.6686666666666666 0.9975024975024975 0.6683333333333333 0.9995004995004995 0.6556666666666666 0.997002997002997 0.6526666666666666 0.9995004995004995 0.635 0.9995004995004995 0.6316666666666667 0.9945054945054945 0.6296666666666667 0.9075924075924076 0.6313333333333333 0.8896103896103896 0.6303333333333333 0.8161838161838162 0.6326666666666667 0.7162837162837162 0.637 0.7097902097902098 0.653 0.7062937062937062 0.674 0.7062937062937062 0.6896666666666667 0.7007992007992008
0 0.082 0 0.14633333333333334 0 0.14666666666666667 0.0034965034965034965 0.145 0.04195804195804196 0.14066666666666666 0.07292707292707293 0.07733333333333334 0.08691308691308691 0.07366666666666667 0.08441558441558442 0.074 0.07392607392607392 0.08 0.006493506493506494 0.082 0.0004995004995004995
0 0.245 0.6428571428571429 0.24833333333333332 0.6438561438561439 0.24866666666666667 0.6513486513486514 0.24266666666666667 0.7487512487512488 0.23833333333333334 0.7522477522477522 0.16866666666666666 0.7602397602397603 0.165 0.7552447552447552 0.16566666666666666 0.7342657342657343 0.17233333333333334 0.6553446553446554 0.18166666666666667 0.6503496503496503 0.24466666666666667 0.6428571428571429
0 0.5226666666666666 0.3436563436563437 0.525 0.34765234765234765 0.5246666666666666 0.4125874125874126 0.5236666666666666 0.461038961038961 0.5213333333333333 0.4805194805194805 0.5223333333333333 0.501998001998002 0.5196666666666667 0.5944055944055944 0.516 0.5999000999000998 0.5033333333333333 0.6028971028971029 0.443 0.6103896103896104 0.419 0.6098901098901099 0.41633333333333333 0.6018981018981019 0.42533333333333334 0.36413586413586413 0.428 0.35914085914085914 0.432 0.35764235764235763 0.5223333333333333 0.3436563436563437
0 0.9996666666666667 0.15734265734265734 0.9996666666666667 0.26073926073926074 0.9813333333333333 0.2647352647352647 0.9773333333333334 0.26223776223776224 0.9756666666666667 0.2517482517482518 0.9726666666666667 0.16433566433566432 0.976 0.16083916083916083 0.9993333333333333 0.15734265734265734
0 0.14966666666666667 0 0.21833333333333332 0 0.21466666666666667 0.05044955044955045 0.211 0.06043956043956044 0.15566666666666668 0.07242757242757243 0.147 0.07242757242757243 0.145 0.06843156843156843 0.14966666666666667 0.0004995004995004995
0 0.8793333333333333 0 0.939 0 0.9423333333333334 0.004495504495504496 0.9566666666666667 0.00999000999000999 0.96 0.008491508491508492 0.9653333333333334 0.022477522477522476 0.962 0.028971028971028972 0.9646666666666667 0.032467532467532464 0.9633333333333334 0.036463536463536464 0.9686666666666667 0.14385614385614387 0.968 0.15434565434565434 0.961 0.15784215784215785 0.898 0.16883116883116883 0.89 0.16933066933066934 0.8866666666666667 0.16683316683316685 0.8826666666666667 0.12637362637362637 0.8793333333333333 0.0004995004995004995
0 0.044 0.32017982017982016 0.04766666666666667 0.3241758241758242 0.04633333333333333 0.3261738261738262 0.046 0.3531468531468531 0.03833333333333333 0.41358641358641357 0.006 0.4225774225774226 0 0.4225774225774226 0 0.3276723276723277 0.043666666666666666 0.32017982017982016
0 0.32166666666666666 0.7477522477522478 0.32466666666666666 0.7542457542457542 0.32266666666666666 0.8116883116883117 0.317 0.9225774225774226 0.311 0.991008991008991 0.307 0.991008991008991 0.303 0.985014985014985 0.2986666666666667 0.99000999000999 0.30133333333333334 0.9945054945054945 0.29533333333333334 0.9925074925074925 0.2946666666666667 0.989010989010989 0.298 0.988011988011988 0.29533333333333334 0.9865134865134865 0.289 0.9945054945054945 0.2826666666666667 0.9935064935064936 0.2763333333333333 0.9975024975024975 0.269 0.9945054945054945 0.24433333333333335 0.996003996003996 0.24233333333333335 0.993006993006993 0.23766666666666666 0.996003996003996 0.23266666666666666 0.989010989010989 0.23533333333333334 0.962037962037962 0.23366666666666666 0.938061938061938 0.24333333333333335 0.7752247752247752 0.24566666666666667 0.7592407592407593 0.2856666666666667 0.7507492507492507 0.32133333333333336 0.7477522477522478
0 0.7956666666666666 0.1938061938061938 0.7983333333333333 0.19880119880119881 0.8 0.2902097902097902 0.7966666666666666 0.2942057942057942 0.7236666666666667 0.30569430569430567 0.718 0.3031968031968032 0.717 0.2932067932067932 0.7156666666666667 0.22677322677322678 0.718 0.20679320679320679 0.7543333333333333 0.1983016983016983 0.7953333333333333 0.1938061938061938
0 0.16466666666666666 0.6548451548451548 0.16733333333333333 0.6578421578421578 0.16733333333333333 0.6798201798201798 0.16133333333333333 0.7582417582417582 0.151 0.7627372627372627 0.09066666666666667 0.7697302697302697 0.08666666666666667 0.7682317682317682 0.08566666666666667 0.7607392607392608 0.087 0.7252747252747253 0.09333333333333334 0.6653346653346653 0.097 0.6628371628371629 0.16433333333333333 0.6548451548451548
0 0.19466666666666665 0.2962037962037962 0.19633333333333333 0.3011988011988012 0.19066666666666668 0.37962037962037964 0.18733333333333332 0.39110889110889113 0.11966666666666667 0.4035964035964036 0.11666666666666667 0.4005994005994006 0.11666666666666667 0.3901098901098901 0.12433333333333334 0.3091908091908092 0.19433333333333333 0.2962037962037962
0 0.5106666666666667 0.6068931068931069 0.517 0.6078921078921079 0.5193333333333333 0.6168831168831169 0.5176666666666667 0.7067932067932068 0.5153333333333333 0.7167832167832168 0.4256666666666667 0.7297702297702298 0.415 0.7297702297702298 0.41233333333333333 0.7267732267732268 0.414 0.6508491508491508 0.41733333333333333 0.6193806193806194 0.5103333333333333 0.6068931068931069
0 0.41133333333333333 0.6223776223776224 0.41333333333333333 0.6268731268731269 0.41333333333333333 0.6403596403596403 0.4093333333333333 0.7282717282717283 0.384 0.7347652347652348 0.33166666666666667 0.7402597402597403 0.32866666666666666 0.7377622377622378 0.329 0.7117882117882118 0.334 0.6318681318681318 0.38966666666666666 0.6223776223776224 0.411 0.6223776223776224
0 0.17866666666666667 0.9995004995004995 0.17166666666666666 0.9965034965034965 0.15366666666666667 0.997002997002997 0.14966666666666667 0.993006993006993 0.151 0.942057942057942 0.16466666666666666 0.7692307692307693 0.181 0.7647352647352648 0.236 0.7582417582417582 0.24066666666666667 0.7617382617382618 0.24166666666666667 0.7687312687312687 0.22733333333333333 0.991008991008991 0.22233333333333333 0.9995004995004995 0.20033333333333334 0.9995004995004995 0.19766666666666666 0.9965034965034965 0.18066666666666667 0.9965034965034965 0.17866666666666667 0.999000999000999