0 0.202 0.6936936936936937 0.188 0.18618618618618618
0 0.348 0.015015015015015015 0.35 0.021021021021021023 0.342 0.036036036036036036 0.326 0.036036036036036036 0.324 0.03903903903903904 0.32 0.036036036036036036 0.306 0.036036036036036036 0.304 0.03903903903903904 0.296 0.03903903903903904 0.292 0.036036036036036036 0.3 0.018018018018018018 0.304 0.015015015015015015 0.346 0.015015015015015015
0 0.266 0.18018018018018017 0.268 0.1831831831831832 0.268 0.1891891891891892 0.25 0.22822822822822822 0.172 0.22822822822822822 0.174 0.2222222222222222 0.176 0.2222222222222222 0.194 0.1921921921921922 0.194 0.1891891891891892 0.202 0.18018018018018017 0.264 0.18018018018018017
0 0.784 0.17717717717717718 0.788 0.17717717717717718 0.79 0.17417417417417416 0.848 0.17417417417417416 0.85 0.17717717717717718 0.856 0.17717717717717718 0.88 0.21921921921921922 0.88 0.2222222222222222 0.87 0.2222222222222222 0.868 0.22522522522522523 0.804 0.22522522522522523 0.8 0.2222222222222222 0.8 0.21621621621621623 0.788 0.1921921921921922 0.786 0.18018018018018017
0 0.814 0.10810810810810811 0.83 0.13213213213213212 0.832 0.14114114114114115 0.764 0.14114114114114115 0.76 0.12912912912912913 0.754 0.12012012012012012 0.754 0.11411411411411411 0.752 0.1111111111111111 0.754 0.10810810810810811 0.812 0.10810810810810811
0 0.5 0.057057057057057055 0.554 0.057057057057057055 0.558 0.06906906906906907 0.558 0.08408408408408409 0.498 0.08408408408408409 0.5 0.06006006006006006
0 0.62 0.05405405405405406 0.622 0.057057057057057055 0.656 0.057057057057057055 0.662 0.06606606606606606 0.662 0.07207207207207207 0.664 0.07507507507507508 0.664 0.08108108108108109 0.66 0.08108108108108109 0.658 0.08408408408408409 0.606 0.08408408408408409 0.602 0.07507507507507508 0.602 0.057057057057057055 0.604 0.05405405405405406 0.618 0.05405405405405406
0 0.802 0.009009009009009009 0.842 0.009009009009009009 0.844 0.012012012012012012 0.848 0.012012012012012012 0.856 0.02702702702702703 0.852 0.02702702702702703 0.85 0.03003003003003003 0.814 0.03003003003003003 0.806 0.021021021021021023 0.802 0.012012012012012012
0 0.554 0.9369369369369369 0.556 0.93993993993994 0.592 0.93993993993994 0.596 0.948948948948949 0.596 0.960960960960961 0.598 0.963963963963964 0.598 0.996996996996997 0.518 0.996996996996997 0.516 0.993993993993994 0.508 0.993993993993994 0.506 0.996996996996997 0.476 0.996996996996997 0.474 0.993993993993994 0.468 0.993993993993994 0.466 0.996996996996997 0.424 0.996996996996997 0.426 0.9519519519519519 0.43 0.9369369369369369 0.484 0.9369369369369369 0.486 0.93993993993994 0.49 0.9369369369369369 0.552 0.9369369369369369
0 0.664 0.06006006006006006 0.668 0.05405405405405406 0.718 0.05405405405405406 0.728 0.07207207207207207 0.728 0.07807807807807808 0.726 0.08108108108108109 0.67 0.08108108108108109 0.666 0.07207207207207207 0.666 0.06306306306306306
0 0.482 0.3993993993993994 0.484 0.4024024024024024 0.486 0.3993993993993994 0.526 0.3993993993993994 0.528 0.4024024024024024 0.53 0.3993993993993994 0.566 0.3993993993993994 0.57 0.4024024024024024 0.572 0.40540540540540543 0.572 0.45645645645645644 0.574 0.4594594594594595 0.574 0.4804804804804805 0.576 0.48348348348348347 0.576 0.5075075075075075 0.572 0.5075075075075075 0.57 0.5105105105105106 0.468 0.5105105105105106 0.464 0.5075075075075075 0.464 0.48348348348348347 0.466 0.4804804804804805 0.466 0.4624624624624625 0.468 0.4594594594594595 0.468 0.43243243243243246 0.47 0.4294294294294294 0.47 0.4174174174174174 0.472 0.4144144144144144 0.472 0.40540540540540543 0.48 0.3993993993993994
0 0.102 0.06006006006006006 0.096 0.07207207207207207 0.08 0.08708708708708708 0.042 0.08708708708708708 0.046 0.07807807807807808 0.052 0.07507507507507508 0.062 0.06006006006006006 0.1 0.06006006006006006
0 0.702 0.012012012012012012 0.706 0.021021021021021023 0.706 0.03003003003003003 0.702 0.03303303303303303 0.654 0.03303303303303303 0.652 0.03003003003003003 0.652 0.015015015015015015 0.654 0.012012012012012012 0.7 0.012012012012012012
0 0.332 0.6006006006006006 0.334 0.6036036036036037 0.336 0.6006006006006006 0.43 0.6006006006006006 0.434 0.6036036036036037 0.436 0.6096096096096096 0.434 0.6396396396396397 0.432 0.6426426426426426 0.432 0.6606606606606606 0.43 0.6636636636636637 0.43 0.6786786786786787 0.428 0.6816816816816816 0.428 0.6996996996996997 0.426 0.7027027027027027 0.426 0.7207207207207207 0.424 0.7237237237237237 0.424 0.7357357357357357 0.422 0.7387387387387387 0.422 0.7657657657657657 0.42 0.7687687687687688 0.42 0.7777777777777778 0.418 0.7807807807807807 0.376 0.7807807807807807 0.374 0.7837837837837838 0.37 0.7807807807807807 0.364 0.7807807807807807 0.362 0.7837837837837838 0.354 0.7837837837837838 0.352 0.7807807807807807 0.348 0.7807807807807807 0.346 0.7837837837837838 0.286 0.7837837837837838 0.284 0.7807807807807807 0.276 0.7807807807807807 0.276 0.7687687687687688 0.278 0.7657657657657657 0.284 0.7327327327327328 0.288 0.7237237237237237 0.29 0.7057057057057057 0.3 0.6726726726726727 0.302 0.6546546546546547 0.31 0.6276276276276276 0.31 0.6186186186186187 0.316 0.6036036036036037 0.32 0.6006006006006006 0.33 0.6006006006006006
0 0.294 0.015015015015015015 0.294 0.024024024024024024 0.29 0.03303303303303303 0.282 0.03903903903903904 0.238 0.03903903903903904 0.236 0.036036036036036036 0.238 0.02702702702702703 0.25 0.015015015015015015 0.292 0.015015015015015015
0 0.944 0.006006006006006006 0.964 0.021021021021021023 0.966 0.02702702702702703 0.916 0.02702702702702703 0.906 0.015015015015015015 0.906 0.009009009009009009 0.908 0.006006006006006006 0.942 0.006006006006006006
0 0.458 0.17717717717717718 0.46 0.18018018018018017 0.466 0.18018018018018017 0.468 0.17717717717717718 0.476 0.17717717717717718 0.48 0.18018018018018017 0.478 0.2222222222222222 0.474 0.22822822822822822 0.404 0.22822822822822822 0.402 0.22522522522522523 0.402 0.21921921921921922 0.406 0.21021021021021022 0.408 0.1921921921921922 0.414 0.17717717717717718 0.456 0.17717717717717718
0 0.552 0.10810810810810811 0.554 0.1111111111111111 0.558 0.1111111111111111 0.558 0.12012012012012012 0.56 0.12312312312312312 0.56 0.14414414414414414 0.554 0.14414414414414414 0.552 0.14714714714714713 0.544 0.14714714714714713 0.542 0.14414414414414414 0.534 0.14414414414414414 0.532 0.14714714714714713 0.53 0.14414414414414414 0.498 0.14714714714714713 0.496 0.14414414414414414 0.492 0.14414414414414414 0.492 0.12312312312312312 0.494 0.12012012012012012 0.494 0.11411411411411411 0.498 0.10810810810810811 0.508 0.10810810810810811 0.51 0.1111111111111111 0.522 0.1111111111111111 0.524 0.10810810810810811 0.528 0.1111111111111111 0.542 0.1111111111111111 0.546 0.10810810810810811 0.55 0.1111111111111111
0 0.418 0.012012012012012012 0.42 0.015015015015015015 0.43 0.015015015015015015 0.432 0.012012012012012012 0.442 0.015015015015015015 0.442 0.03003003003003003 0.438 0.036036036036036036 0.386 0.036036036036036036 0.386 0.03003003003003003 0.394 0.012012012012012012 0.416 0.012012012012012012
0 0.816 0.6006006006006006 0.828 0.6336336336336337 0.828 0.6396396396396397 0.832 0.6486486486486487 0.836 0.6696696696696697 0.846 0.6966966966966966 0.85 0.7177177177177178 0.866 0.7687687687687688 0.866 0.7747747747747747 0.868 0.7777777777777778 0.866 0.7837837837837838 0.728 0.7837837837837838 0.726 0.7807807807807807 0.722 0.7807807807807807 0.72 0.7747747747747747 0.718 0.7567567567567568 0.712 0.7327327327327328 0.71 0.7027027027027027 0.708 0.6996996996996997 0.704 0.6696696696696697 0.7 0.6576576576576577 0.7 0.6456456456456456 0.698 0.6426426426426426 0.698 0.6276276276276276 0.696 0.6246246246246246 0.694 0.6036036036036037 0.696 0.6006006006006006 0.814 0.6006006006006006
0 0.87 0.3993993993993994 0.876 0.4084084084084084 0.886 0.43543543543543545 0.902 0.46846846846846846 0.906 0.48348348348348347 0.916 0.5045045045045045 0.914 0.5075075075075075 0.806 0.5075075075075075 0.804 0.5045045045045045 0.802 0.4894894894894895 0.796 0.4774774774774775 0.796 0.47147147147147145 0.792 0.4624624624624625 0.788 0.44144144144144143 0.784 0.43543543543543545 0.784 0.4294294294294294 0.78 0.42042042042042044 0.78 0.4144144144144144 0.776 0.4024024024024024 0.778 0.3993993993993994 0.868 0.3993993993993994
0 0.98 0.17117117117117117 0.998 0.19519519519519518 0.998 0.2222222222222222 0.95 0.2222222222222222 0.94 0.2072072072072072 0.938 0.2072072072072072 0.92 0.17717717717717718 0.92 0.17417417417417416 0.924 0.17117117117117117 0.978 0.17117117117117117
0 0.432 0.06006006006006006 0.432 0.06906906906906907 0.428 0.07807807807807808 0.428 0.08408408408408409 0.412 0.08408408408408409 0.41 0.08708708708708708 0.368 0.08408408408408409 0.37 0.07207207207207207 0.378 0.057057057057057055 0.428 0.057057057057057055 0.43 0.06006006006006006
0 0.902 0.012012012012012012 0.906 0.018018018018018018 0.908 0.02702702702702703 0.902 0.02702702702702703 0.9 0.03003003003003003 0.862 0.03003003003003003 0.852 0.012012012012012012 0.854 0.006006006006006006 0.888 0.006006006006006006 0.89 0.009009009009009009 0.898 0.009009009009009009 0.9 0.012012012012012012
0 0.554 0.2702702702702703 0.556 0.2732732732732733 0.564 0.2732732732732733 0.566 0.27927927927927926 0.566 0.2972972972972973 0.568 0.3003003003003003 0.568 0.33933933933933935 0.564 0.34234234234234234 0.48 0.34234234234234234 0.476 0.33933933933933935 0.476 0.32732732732732733 0.478 0.32432432432432434 0.478 0.3123123123123123 0.48 0.30930930930930933 0.482 0.2732732732732733 0.486 0.2702702702702703 0.552 0.2702702702702703
0 0.944 0.9429429429429429 0.948 0.93993993993994 0.998 0.93993993993994 0.998 0.987987987987988 0.992 0.996996996996997 0.96 0.996996996996997 0.958 0.984984984984985 0.952 0.972972972972973 0.948 0.960960960960961 0.948 0.954954954954955 0.944 0.9459459459459459
0 0.87 0.10510510510510511 0.924 0.10510510510510511 0.948 0.13513513513513514 0.948 0.13813813813813813 0.936 0.13813813813813813 0.934 0.14114114114114115 0.932 0.13813813813813813 0.926 0.13813813813813813 0.924 0.14114114114114115 0.894 0.14114114114114115 0.886 0.13513513513513514 0.886 0.13213213213213212 0.882 0.12912912912912913 0.87 0.10810810810810811
0 0.102 0.015015015015015015 0.104 0.021021021021021023 0.088 0.03903903903903904 0.05 0.03903903903903904 0.048 0.036036036036036036 0.066 0.021021021021021023 0.07 0.015015015015015015 0.1 0.015015015015015015
0 0.196 0.9369369369369369 0.198 0.93993993993994 0.212 0.93993993993994 0.206 0.972972972972973 0.198 0.996996996996997 0.144 0.996996996996997 0.142 0.993993993993994 0.11 0.993993993993994 0.108 0.996996996996997 0.074 0.996996996996997 0.072 0.993993993993994 0.066 0.993993993993994 0.064 0.996996996996997 0.03 0.996996996996997 0.028 0.993993993993994 0.034 0.978978978978979 0.034 0.972972972972973 0.042 0.9579579579579579 0.044 0.948948948948949 0.05 0.93993993993994 0.078 0.93993993993994 0.08 0.9369369369369369 0.15 0.9369369369369369 0.152 0.93993993993994 0.156 0.9369369369369369 0.194 0.9369369369369369
0 0.448 0.015015015015015015 0.452 0.012012012012012012 0.494 0.012012012012012012 0.498 0.018018018018018018 0.498 0.02702702702702703 0.5 0.03003003003003003 0.5 0.03303303303303303 0.496 0.036036036036036036 0.444 0.036036036036036036 0.444 0.02702702702702703 0.448 0.018018018018018018
0 0.3 0.11411411411411411 0.3 0.12612612612612611 0.292 0.14414414414414414 0.288 0.14714714714714713 0.226 0.14714714714714713 0.224 0.14414414414414414 0.226 0.13813813813813813 0.244 0.11411411411411411 0.298 0.11411411411411411
0 0.402 0.9369369369369369 0.404 0.93993993993994 0.404 0.948948948948949 0.402 0.9519519519519519 0.402 0.963963963963964 0.4 0.9669669669669669 0.4 0.984984984984985 0.396 0.996996996996997 0.282 0.996996996996997 0.28 0.993993993993994 0.274 0.993993993993994 0.272 0.996996996996997 0.226 0.996996996996997 0.226 0.987987987987988 0.232 0.96996996996997 0.236 0.9459459459459459 0.242 0.9369369369369369 0.4 0.9369369369369369
0 0.704 0.17717717717717718 0.708 0.17717717717717718 0.71 0.17417417417417416 0.768 0.17417417417417416 0.77 0.17717717717717718 0.774 0.17717717717717718 0.776 0.18618618618618618 0.78 0.1921921921921922 0.79 0.21921921921921922 0.788 0.22522522522522523 0.716 0.22522522522522523 0.704 0.18018018018018017
0 0.872 0.04804804804804805 0.874 0.05105105105105105 0.88 0.05105105105105105 0.892 0.06306306306306306 0.898 0.07507507507507508 0.896 0.07807807807807808 0.848 0.07807807807807808 0.844 0.07507507507507508 0.834 0.06006006006006006 0.832 0.05105105105105105 0.87 0.05105105105105105
0 0.596 0.012012012012012012 0.642 0.012012012012012012 0.648 0.021021021021021023 0.648 0.03003003003003003 0.644 0.03303303303303303 0.612 0.03303303303303303 0.61 0.036036036036036036 0.598 0.036036036036036036 0.596 0.03303303303303303 0.596 0.015015015015015015
0 0.612 0.10810810810810811 0.672 0.10810810810810811 0.676 0.11411411411411411 0.678 0.12912912912912913 0.684 0.14114114114114115 0.68 0.14414414414414414 0.616 0.14414414414414414 0.612 0.13213213213213212 0.612 0.1111111111111111
0 0.22 0.2732732732732733 0.222 0.27627627627627627 0.222 0.2822822822822823 0.208 0.30930930930930933 0.202 0.32732732732732733 0.192 0.34234234234234234 0.188 0.34234234234234234 0.186 0.34534534534534533 0.11 0.34534534534534533 0.108 0.34234234234234234 0.104 0.34234234234234234 0.104 0.33933933933933935 0.144 0.2732732732732733 0.218 0.2732732732732733
0 0 0.2702702702702703 0.016 0.2702702702702703 0.018 0.2732732732732733 0.022 0.2732732732732733 0.024 0.2702702702702703 0.036 0.2702702702702703 0.038 0.2732732732732733 0.038 0.27627627627627627 0.024 0.29429429429429427 0.022 0.3003003003003003 0.02 0.3003003003003003 0.002 0.32432432432432434 0 0.32432432432432434 0 0.2732732732732733
0 0.734 0.2672672672672673 0.812 0.2672672672672673 0.816 0.2732732732732733 0.82 0.2882882882882883 0.834 0.3153153153153153 0.836 0.32432432432432434 0.842 0.3333333333333333 0.84 0.33933933933933935 0.764 0.33933933933933935 0.762 0.33633633633633636 0.752 0.33633633633633636 0.734 0.27927927927927926 0.734 0.2702702702702703
0 0.478 0.10810810810810811 0.48 0.1111111111111111 0.486 0.1111111111111111 0.488 0.11711711711711711 0.486 0.14114114114114115 0.48 0.14714714714714713 0.422 0.14714714714714713 0.42 0.14414414414414414 0.42 0.13513513513513514 0.422 0.13213213213213212 0.424 0.11711711711711711 0.43 0.10810810810810811 0.44 0.10810810810810811 0.442 0.1111111111111111 0.472 0.1111111111111111 0.476 0.10810810810810811
0 0.902 0.93993993993994 0.904 0.9429429429429429 0.918 0.9429429429429429 0.92 0.954954954954955 0.924 0.960960960960961 0.924 0.9669669669669669 0.934 0.993993993993994 0.932 0.996996996996997 0.892 0.996996996996997 0.89 0.993993993993994 0.886 0.993993993993994 0.884 0.996996996996997 0.85 0.996996996996997 0.848 0.993993993993994 0.844 0.996996996996997 0.81 0.996996996996997 0.806 0.990990990990991 0.802 0.990990990990991 0.798 0.996996996996997 0.76 0.996996996996997 0.758 0.993993993993994 0.758 0.987987987987988 0.754 0.975975975975976 0.752 0.948948948948949 0.75 0.9459459459459459 0.75 0.9429429429429429 0.754 0.93993993993994 0.9 0.93993993993994
0 0.088 0.22822822822822822 0.118 0.18618618618618618 0.126 0.18018018018018017 0.188 0.18018018018018017 0.186 0.1921921921921922 0.18 0.1981981981981982 0.166 0.22822822822822822 0.162 0.22822822822822822 0.16 0.23123123123123124 0.156 0.23123123123123124 0.154 0.22822822822822822 0.094 0.23123123123123124 0.09 0.22822822822822822
0 0.494 0.057057057057057055 0.498 0.06606606606606606 0.496 0.08108108108108109 0.494 0.08408408408408409 0.464 0.08408408408408409 0.462 0.08708708708708708 0.432 0.08408408408408409 0.434 0.08108108108108109 0.434 0.07207207207207207 0.438 0.06606606606606606 0.438 0.06006006006006006 0.442 0.057057057057057055 0.492 0.057057057057057055
0 0.994 0.04804804804804805 0.998 0.057057057057057055 0.998 0.07507507507507508 0.994 0.07807807807807808 0.984 0.07807807807807808 0.982 0.07507507507507508 0.962 0.07507507507507508 0.956 0.06306306306306306 0.952 0.06306306306306306 0.948 0.057057057057057055 0.948 0.05105105105105105 0.95 0.04804804804804805 0.992 0.04804804804804805
0 0.196 0.057057057057057055 0.198 0.06006006006006006 0.206 0.06006006006006006 0.206 0.06606606606606606 0.188 0.08708708708708708 0.134 0.08708708708708708 0.132 0.08408408408408409 0.154 0.06006006006006006 0.186 0.06006006006006006 0.188 0.057057057057057055 0.194 0.057057057057057055
0 0 0.4024024024024024 0.044 0.4024024024024024 0.046 0.40540540540540543 0.044 0.4114114114114114 0.026 0.43843843843843844 0.026 0.44144144144144143 0.008 0.46846846846846846 0.008 0.47147147147147145 0 0.4774774774774775 0 0.40540540540540543
0 0.418 0.1111111111111111 0.418 0.12012012012012012 0.414 0.12912912912912913 0.414 0.13813813813813813 0.412 0.14414414414414414 0.408 0.14714714714714713 0.348 0.14714714714714713 0.344 0.14414414414414414 0.352 0.12012012012012012 0.358 0.1111111111111111 0.362 0.1111111111111111 0.364 0.10810810810810811 0.37 0.10810810810810811 0.372 0.1111111111111111 0.416 0.1111111111111111
0 0.262 0.08408408408408409 0.274 0.06006006006006006 0.328 0.06006006006006006 0.328 0.06906906906906907 0.324 0.07807807807807808 0.316 0.08708708708708708 0.264 0.08708708708708708
0 0.502 0.6006006006006006 0.504 0.6036036036036037 0.506 0.6006006006006006 0.578 0.6006006006006006 0.58 0.6066066066066066 0.58 0.6456456456456456 0.582 0.6486486486486487 0.584 0.7327327327327328 0.586 0.7357357357357357 0.586 0.7807807807807807 0.582 0.7837837837837838 0.482 0.7837837837837838 0.48 0.7807807807807807 0.474 0.7807807807807807 0.472 0.7837837837837838 0.452 0.7837837837837838 0.45 0.7807807807807807 0.442 0.7807807807807807 0.442 0.7567567567567568 0.444 0.7537537537537538 0.446 0.7057057057057057 0.448 0.7027027027027027 0.448 0.6786786786786787 0.45 0.6756756756756757 0.452 0.6366366366366366 0.454 0.6336336336336337 0.454 0.6096096096096096 0.458 0.6006006006006006 0.5 0.6006006006006006
0 0.277 0.45795795795795796 0.134 0.1111111111111111
0 0.238 0.015015015015015015 0.238 0.024024024024024024 0.23 0.036036036036036036 0.22 0.036036036036036036 0.218 0.03903903903903904 0.184 0.03903903903903904 0.182 0.036036036036036036 0.178 0.036036036036036036 0.184 0.024024024024024024 0.19 0.021021021021021023 0.194 0.015015015015015015 0.236 0.015015015015015015
0 0.828 0.2672672672672673 0.908 0.2672672672672673 0.914 0.2732732732732733 0.914 0.27627627627627627 0.946 0.3303303303303303 0.946 0.33633633633633636 0.924 0.33633633633633636 0.922 0.33933933933933935 0.918 0.33633633633633636 0.91 0.33633633633633636 0.908 0.33933933933933935 0.904 0.33633633633633636 0.896 0.33633633633633636 0.894 0.33933933933933935 0.862 0.33933933933933935 0.86 0.33633633633633636 0.856 0.33633633633633636 0.852 0.3303303303303303 0.848 0.3153153153153153 0.83 0.2822822822822823 0.828 0.2702702702702703
0 0 0.08708708708708708 0 0.07507507507507508 0.016 0.06006006006006006 0.054 0.06006006006006006 0.054 0.06606606606606606 0.034 0.08708708708708708 0.002 0.08708708708708708
0 0.904 0.3963963963963964 0.906 0.3993993993993994 0.938 0.3993993993993994 0.94 0.3963963963963964 0.944 0.3993993993993994 0.988 0.3993993993993994 0.994 0.4084084084084084 0.994 0.4144144144144144 0.998 0.42042042042042044 0.998 0.5045045045045045 0.994 0.5075075075075075 0.99 0.5075075075075075 0.988 0.5045045045045045 0.976 0.5045045045045045 0.974 0.5075075075075075 0.946 0.5075075075075075 0.944 0.5045045045045045 0.936 0.5045045045045045 0.932 0.4984984984984985 0.93 0.4894894894894895 0.922 0.4774774774774775 0.92 0.46846846846846846 0.91 0.45045045045045046 0.904 0.43243243243243246 0.898 0.42342342342342343 0.89 0.4024024024024024 0.896 0.3963963963963964 0.902 0.3963963963963964
0 0.078 0.14714714714714713 0.102 0.11711711711711711 0.11 0.11711711711711711 0.112 0.11411411411411411 0.162 0.11411411411411411 0.162 0.12312312312312312 0.144 0.14714714714714713 0.104 0.14714714714714713 0.102 0.15015015015015015 0.084 0.15015015015015015 0.08 0.14714714714714713
0 0.154 0.14714714714714713 0.156 0.13813813813813813 0.172 0.11711711711711711 0.178 0.11711711711711711 0.18 0.11411411411411411 0.23 0.11411411411411411 0.23 0.12312312312312312 0.216 0.14714714714714713 0.156 0.14714714714714713
0 0.314 0.22522522522522523 0.32 0.2132132132132132 0.328 0.18618618618618618 0.334 0.18018018018018017 0.4 0.18018018018018017 0.398 0.1981981981981982 0.394 0.2072072072072072 0.392 0.22522522522522523 0.39 0.22822822822822822 0.316 0.22822822822822822
0 0 0.6006006006006006 0.05 0.6006006006006006 0.052 0.6036036036036037 0.058 0.6036036036036037 0.058 0.6096096096096096 0.04 0.6426426426426426 0.034 0.6606606606606606 0.024 0.6756756756756757 0.02 0.6876876876876877 0.008 0.7057057057057057 0.006 0.7147147147147147 0 0.7237237237237237 0 0.6036036036036037
0 0.689 0.3048048048048048 0.102 0.07507507507507508
0 0.678 0.17417417417417416 0.68 0.17717717717717718 0.692 0.17717717717717718 0.694 0.18018018018018017 0.696 0.1921921921921922 0.706 0.2222222222222222 0.704 0.22522522522522523 0.628 0.22522522522522523 0.626 0.2222222222222222 0.626 0.2072072072072072 0.622 0.1921921921921922 0.622 0.18018018018018017 0.624 0.17717717717717718 0.676 0.17717717717717718
0 0.468 0.2702702702702703 0.47 0.2732732732732733 0.47 0.2882882882882883 0.468 0.2912912912912913 0.466 0.3303303303303303 0.462 0.34234234234234234 0.378 0.34234234234234234 0.376 0.33933933933933935 0.376 0.32732732732732733 0.39 0.2732732732732733 0.394 0.2732732732732733 0.396 0.2702702702702703 0.466 0.2702702702702703
0 0.234 0.07507507507507508 0.072 0.03003003003003003
0 0.126 0.2732732732732733 0.128 0.27627627627627627 0.126 0.2822822822822823 0.088 0.34234234234234234 0.074 0.34234234234234234 0.072 0.34534534534534533 0.066 0.34534534534534533 0.064 0.34234234234234234 0.062 0.34534534534534533 0.024 0.34534534534534533 0.022 0.34234234234234234 0.004 0.34234234234234234 0.004 0.33933933933933935 0.014 0.32432432432432434 0.028 0.30930930930930933 0.036 0.29429429429429427 0.038 0.29429429429429427 0.054 0.2732732732732733 0.124 0.2732732732732733
0 0.376 0.2732732732732733 0.376 0.2822822822822823 0.374 0.2852852852852853 0.372 0.3003003003003003 0.368 0.30930930930930933 0.366 0.32732732732732733 0.36 0.34234234234234234 0.274 0.34234234234234234 0.272 0.33933933933933935 0.272 0.3333333333333333 0.278 0.3213213213213213 0.292 0.27927927927927926 0.296 0.2732732732732733 0.374 0.2732732732732733
0 0.862 0.5975975975975976 0.864 0.6006006006006006 0.958 0.6006006006006006 0.962 0.6036036036036037 0.998 0.6846846846846847 0.998 0.7807807807807807 0.994 0.7837837837837838 0.894 0.7837837837837838 0.888 0.7687687687687688 0.888 0.7627627627627628 0.882 0.7447447447447447 0.878 0.7387387387387387 0.876 0.7237237237237237 0.872 0.7177177177177178 0.872 0.7117117117117117 0.864 0.6906906906906907 0.864 0.6846846846846847 0.854 0.6576576576576577 0.854 0.6516516516516516 0.846 0.6306306306306306 0.846 0.6246246246246246 0.84 0.6066066066066066 0.84 0.6006006006006006 0.86 0.5975975975975976
0 0.55 0.012012012012012012 0.554 0.015015015015015015 0.554 0.02702702702702703 0.556 0.03003003003003003 0.556 0.03303303303303303 0.552 0.036036036036036036 0.506 0.036036036036036036 0.502 0.03303303303303303 0.502 0.021021021021021023 0.506 0.012012012012012012 0.548 0.012012012012012012
0 0.936 0.10510510510510511 0.94 0.1021021021021021 0.99 0.1021021021021021 0.994 0.10510510510510511 0.998 0.11411411411411411 0.998 0.13813813813813813 0.956 0.13813813813813813 0.94 0.11411411411411411 0.938 0.11411411411411411 0.936 0.10810810810810811
0 0.676 0.5075075075075075 0.674 0.4924924924924925 0.67 0.4804804804804805 0.67 0.46546546546546547 0.668 0.4624624624624625 0.668 0.45045045045045046 0.666 0.44744744744744747 0.664 0.42342342342342343 0.662 0.42042042042042044 0.662 0.4084084084084084 0.66 0.40540540540540543 0.662 0.3993993993993994 0.756 0.3993993993993994 0.764 0.4174174174174174 0.764 0.42342342342342343 0.778 0.46546546546546547 0.78 0.4804804804804805 0.786 0.4984984984984985 0.786 0.5075075075075075 0.698 0.5075075075075075 0.696 0.5105105105105106 0.692 0.5075075075075075 0.688 0.5075075075075075 0.686 0.5105105105105106 0.678 0.5075075075075075
0 0.144 0.015015015015015015 0.146 0.018018018018018018 0.136 0.03303303303303303 0.128 0.03903903903903904 0.096 0.03903903903903904 0.094 0.036036036036036036 0.106 0.018018018018018018 0.11 0.018018018018018018 0.112 0.015015015015015015 0.142 0.015015015015015015
0 0.708 0.012012012012012012 0.754 0.009009009009009009 0.766 0.024024024024024024 0.766 0.03003003003003003 0.762 0.03003003003003003 0.76 0.03303303303303303 0.75 0.03303303303303303 0.748 0.03003003003003003 0.712 0.03003003003003003 0.708 0.015015015015015015
0 0.03 0.1111111111111111 0.032 0.11411411411411411 0.044 0.1111111111111111 0.048 0.11411411411411411 0.048 0.11711711711711711 0.026 0.14114114114114115 0.014 0.15015015015015015 0 0.15015015015015015 0 0.12012012012012012 0.006 0.11411411411411411 0.024 0.11411411411411411 0.028 0.1111111111111111
0 0.558 0.17717717717717718 0.562 0.18618618618618618 0.564 0.22522522522522523 0.558 0.22522522522522523 0.556 0.22822822822822822 0.488 0.22822822822822822 0.486 0.22522522522522523 0.488 0.1921921921921922 0.492 0.17717717717717718 0.534 0.17717717717717718 0.536 0.18018018018018017 0.538 0.17717717717717718 0.556 0.17717717717717718
0 0.08 0.18018018018018017 0.082 0.1831831831831832 0.086 0.1831831831831832 0.088 0.18018018018018017 0.108 0.18018018018018017 0.11 0.1831831831831832 0.11 0.18618618618618618 0.082 0.22522522522522523 0.082 0.22822822822822822 0.074 0.22822822822822822 0.072 0.23123123123123124 0.01 0.23123123123123124 0.006 0.22822822822822822 0.014 0.21621621621621623 0.044 0.1831831831831832 0.052 0.1831831831831832 0.054 0.18018018018018017 0.058 0.1831831831831832 0.078 0.1831831831831832
0 0.72 0.12762762762762764 0.076 0.03903903903903904
0 0.782 0.05405405405405406 0.794 0.07207207207207207 0.794 0.07807807807807808 0.79 0.08108108108108109 0.736 0.08108108108108109 0.732 0.07507507507507508 0.728 0.06006006006006006 0.73 0.05405405405405406 0.78 0.05405405405405406
0 0.15 0.4024024024024024 0.152 0.40540540540540543 0.156 0.40540540540540543 0.156 0.4114114114114114 0.148 0.4294294294294294 0.14 0.44144144144144143 0.138 0.45045045045045046 0.114 0.5015015015015015 0.106 0.5105105105105106 0.004 0.5105105105105106 0.002 0.5045045045045045 0.03 0.4594594594594595 0.03 0.45645645645645644 0.056 0.4174174174174174 0.056 0.4144144144144144 0.066 0.4024024024024024 0.148 0.4024024024024024
0 0.456 0.4024024024024024 0.454 0.4444444444444444 0.452 0.44744744744744747 0.452 0.4594594594594595 0.45 0.4624624624624625 0.45 0.4894894894894895 0.448 0.4924924924924925 0.448 0.5075075075075075 0.446 0.5105105105105106 0.338 0.5105105105105106 0.338 0.4984984984984985 0.344 0.4804804804804805 0.344 0.47147147147147145 0.348 0.4624624624624625 0.35 0.44144144144144143 0.354 0.43243243243243246 0.354 0.4264264264264264 0.358 0.4174174174174174 0.36 0.40540540540540543 0.364 0.4024024024024024 0.454 0.4024024024024024
0 0.888 0.05105105105105105 0.894 0.05105105105105105 0.896 0.04804804804804805 0.9 0.05105105105105105 0.904 0.05105105105105105 0.906 0.04804804804804805 0.932 0.04804804804804805 0.934 0.05105105105105105 0.938 0.05105105105105105 0.958 0.07207207207207207 0.958 0.07507507507507508 0.954 0.07507507507507508 0.952 0.07807807807807808 0.904 0.07807807807807808 0.888 0.05405405405405406