0 0.825 0.5375375375375375 0.042 0.4024024024024024
0 0.736 0 0.776 0 0.778 0.003003003003003003 0.778 0.13813813813813813 0.776 0.14114114114114115 0.778 0.14414414414414414 0.778 0.3183183183183183 0.776 0.3213213213213213 0.752 0.3213213213213213 0.75 0.3183183183183183 0.738 0.3183183183183183 0.736 0.3153153153153153 0.736 0.2972972972972973 0.738 0.29429429429429427 0.736 0.2882882882882883 0.736 0.1891891891891892 0.738 0.18618618618618618 0.736 0.1831831831831832 0.736 0.036036036036036036 0.738 0.03303303303303303 0.736 0.02702702702702703 0.736 0.003003003003003003
0 0.668 0 0.708 0 0.71 0.003003003003003003 0.71 0.2822822822822823 0.708 0.2852852852852853 0.686 0.2852852852852853 0.684 0.2822822822822823 0.674 0.2822822822822823 0.668 0.27627627627627627 0.668 0.15015015015015015 0.666 0.14714714714714713 0.666 0.14114114114114115 0.668 0.13813813813813813 0.668 0.12612612612612611 0.666 0.12312312312312312 0.668 0.12012012012012012 0.668 0.08408408408408409 0.666 0.08108108108108109 0.668 0.07807807807807808 0.666 0.07207207207207207 0.668 0.06906906906906907 0.668 0.003003003003003003
0 0.598 0 0.64 0 0.642 0.003003003003003003 0.642 0.021021021021021023 0.64 0.024024024024024024 0.642 0.03003003003003003 0.642 0.05105105105105105 0.64 0.05405405405405406 0.642 0.06006006006006006 0.642 0.07807807807807808 0.64 0.08108108108108109 0.64 0.12612612612612611 0.642 0.12912912912912913 0.642 0.13513513513513514 0.64 0.13813813813813813 0.642 0.14114114114114115 0.642 0.2702702702702703 0.634 0.27627627627627627 0.628 0.27627627627627627 0.626 0.2732732732732733 0.602 0.2732732732732733 0.598 0.2702702702702703 0.598 0.003003003003003003
0 0.738 0.7357357357357357 0.772 0.7357357357357357 0.778 0.7417417417417418 0.778 0.990990990990991 0.772 0.996996996996997 0.738 0.996996996996997 0.736 0.993993993993994 0.736 0.7807807807807807 0.738 0.7777777777777778 0.736 0.7747747747747747 0.736 0.7417417417417418 0.738 0.7387387387387387
0 0.55 0.7147147147147147 0.552 0.7177177177177178 0.562 0.7177177177177178 0.572 0.7237237237237237 0.572 0.7747747747747747 0.574 0.7777777777777778 0.572 0.7807807807807807 0.572 0.948948948948949 0.574 0.9519519519519519 0.572 0.954954954954955 0.574 0.9579579579579579 0.574 0.963963963963964 0.572 0.9669669669669669 0.572 0.990990990990991 0.57 0.993993993993994 0.558 0.993993993993994 0.556 0.996996996996997 0.534 0.996996996996997 0.532 0.993993993993994 0.528 0.993993993993994 0.528 0.9369369369369369 0.526 0.933933933933934 0.528 0.9309309309309309 0.528 0.8978978978978979 0.526 0.8948948948948949 0.526 0.8888888888888888 0.528 0.8858858858858859 0.528 0.8258258258258259 0.526 0.8228228228228228 0.526 0.8108108108108109 0.528 0.8078078078078078 0.528 0.7177177177177178 0.53 0.7147147147147147 0.548 0.7147147147147147
0 0.64 0.2882882882882883 0.64 0.29429429429429427 0.642 0.2972972972972973 0.642 0.4444444444444444 0.64 0.44744744744744747 0.642 0.45045045045045046 0.64 0.45645645645645644 0.642 0.4624624624624625 0.64 0.46546546546546547 0.642 0.46846846846846846 0.642 0.4744744744744745 0.64 0.4774774774774775 0.64 0.5315315315315315 0.642 0.5345345345345346 0.642 0.5735735735735735 0.64 0.5765765765765766 0.64 0.5915915915915916 0.642 0.5945945945945946 0.642 0.7087087087087087 0.64 0.7147147147147147 0.602 0.7147147147147147 0.598 0.7087087087087087 0.598 0.3783783783783784 0.6 0.37537537537537535 0.598 0.37237237237237236 0.598 0.3123123123123123 0.6 0.30930930930930933 0.598 0.3033033033033033 0.598 0.2852852852852853 0.6 0.2822822822822823 0.63 0.2822822822822823 0.638 0.2882882882882883
0 0.814 0.7387387387387387 0.816 0.7417417417417418 0.82 0.7387387387387387 0.822 0.7417417417417418 0.84 0.7417417417417418 0.844 0.7507507507507507 0.844 0.8168168168168168 0.842 0.8198198198198198 0.844 0.8228228228228228 0.844 0.993993993993994 0.842 0.996996996996997 0.83 0.996996996996997 0.828 0.993993993993994 0.824 0.993993993993994 0.822 0.996996996996997 0.806 0.996996996996997 0.804 0.993993993993994 0.804 0.7417417417417418 0.806 0.7387387387387387 0.812 0.7387387387387387
0 0.668 0.2912912912912913 0.672 0.2882882882882883 0.676 0.2912912912912913 0.692 0.2912912912912913 0.694 0.29429429429429427 0.706 0.29429429429429427 0.71 0.3003003003003003 0.71 0.7207207207207207 0.708 0.7237237237237237 0.692 0.7237237237237237 0.69 0.7207207207207207 0.672 0.7207207207207207 0.668 0.7177177177177178 0.668 0.6456456456456456 0.67 0.6426426426426426 0.668 0.6396396396396397 0.668 0.5315315315315315 0.666 0.5285285285285285 0.666 0.5195195195195195 0.668 0.5165165165165165 0.668 0.4864864864864865 0.666 0.48348348348348347 0.666 0.4744744744744745 0.668 0.47147147147147145 0.668 0.4594594594594595 0.666 0.45645645645645644 0.666 0.4444444444444444 0.668 0.44144144144144143 0.668 0.4294294294294294 0.666 0.4264264264264264 0.668 0.42342342342342343 0.666 0.4174174174174174 0.668 0.4144144144144144 0.668 0.29429429429429427
0 0.91 0 0.91 0.03003003003003003 0.908 0.03303303303303303 0.91 0.036036036036036036 0.91 0.07507507507507508 0.908 0.07807807807807808 0.91 0.08408408408408409 0.91 0.24324324324324326 0.908 0.24624624624624625 0.91 0.24924924924924924 0.91 0.2702702702702703 0.908 0.2732732732732733 0.91 0.3003003003003003 0.908 0.3033033033033033 0.908 0.33933933933933935 0.88 0.33933933933933935 0.878 0.33633633633633636 0.872 0.33633633633633636 0.872 0.17417417417417416 0.874 0.17117117117117117 0.872 0.16516516516516516 0.874 0.15915915915915915 0.872 0.15615615615615616 0.872 0.06606606606606606 0.874 0.06306306306306306 0.872 0.04504504504504504 0.874 0.042042042042042045 0.874 0.006006006006006006 0.878 0 0.908 0
0 0.502 0 0.502 0.2552552552552553 0.474 0.2552552552552553 0.472 0.25225225225225223 0.456 0.25225225225225223 0.452 0.24924924924924924 0.452 0.1831831831831832 0.45 0.18018018018018017 0.452 0.17417417417417416 0.452 0.16816816816816818 0.45 0.16516516516516516 0.452 0.15915915915915915 0.45 0.15315315315315314 0.452 0.15015015015015015 0.45 0.14414414414414414 0.452 0.13813813813813813 0.452 0.12312312312312312 0.45 0.12012012012012012 0.452 0.11411411411411411 0.452 0.03003003003003003 0.45 0.02702702702702703 0.452 0.021021021021021023 0.452 0.003003003003003003 0.454 0 0.5 0
0 0.872 0.7477477477477478 0.894 0.7477477477477478 0.896 0.7507507507507507 0.906 0.7507507507507507 0.908 0.7537537537537538 0.908 0.7957957957957958 0.91 0.7987987987987988 0.908 0.8018018018018018 0.908 0.8168168168168168 0.91 0.8198198198198198 0.91 0.8408408408408409 0.908 0.8438438438438438 0.91 0.8468468468468469 0.91 0.8558558558558559 0.908 0.8588588588588588 0.91 0.8618618618618619 0.91 0.924924924924925 0.908 0.9279279279279279 0.91 0.9309309309309309 0.908 0.933933933933934 0.91 0.9369369369369369 0.908 0.93993993993994 0.91 0.9429429429429429 0.91 0.9819819819819819 0.908 0.984984984984985 0.91 0.990990990990991 0.906 0.996996996996997 0.872 0.996996996996997 0.872 0.9819819819819819 0.87 0.978978978978979 0.872 0.975975975975976 0.872 0.8888888888888888 0.87 0.8858858858858859 0.872 0.8798798798798799 0.872 0.8648648648648649 0.87 0.8618618618618619 0.87 0.8558558558558559 0.872 0.8528528528528528 0.872 0.8048048048048048 0.87 0.8018018018018018 0.872 0.7987987987987988 0.872 0.7507507507507507
0 0.772 0.3303303303303303 0.776 0.3333333333333333 0.778 0.33933933933933935 0.778 0.7237237237237237 0.776 0.7297297297297297 0.754 0.7297297297297297 0.752 0.7267267267267268 0.74 0.7267267267267268 0.736 0.7207207207207207 0.736 0.7147147147147147 0.738 0.7117117117117117 0.736 0.7087087087087087 0.738 0.7057057057057057 0.738 0.6846846846846847 0.736 0.6816816816816816 0.736 0.3843843843843844 0.738 0.3813813813813814 0.738 0.3663663663663664 0.736 0.3633633633633634 0.736 0.3303303303303303 0.738 0.32732732732732733 0.76 0.32732732732732733 0.762 0.3303303303303303 0.77 0.3303303303303303
0 0.538 0.2702702702702703 0.54 0.2732732732732733 0.56 0.2732732732732733 0.568 0.27927927927927926 0.57 0.27627627627627627 0.572 0.2822822822822823 0.572 0.7087087087087087 0.542 0.7087087087087087 0.54 0.7057057057057057 0.528 0.7057057057057057 0.528 0.6546546546546547 0.526 0.6516516516516516 0.526 0.6216216216216216 0.528 0.6186186186186187 0.528 0.6126126126126126 0.526 0.6096096096096096 0.526 0.6036036036036037 0.528 0.6006006006006006 0.528 0.5825825825825826 0.526 0.5795795795795796 0.526 0.5675675675675675 0.528 0.5645645645645646 0.528 0.5405405405405406 0.526 0.5375375375375375 0.528 0.5345345345345346 0.528 0.5135135135135135 0.526 0.5105105105105106 0.526 0.4804804804804805 0.528 0.4774774774774775 0.526 0.43243243243243246 0.528 0.4294294294294294 0.528 0.4174174174174174 0.526 0.4144144144144144 0.526 0.3993993993993994 0.528 0.3963963963963964 0.528 0.3303303303303303 0.53 0.32732732732732733 0.528 0.2732732732732733 0.53 0.2702702702702703 0.536 0.2702702702702703
0 0.452 0.26126126126126126 0.492 0.26426426426426425 0.494 0.2672672672672673 0.498 0.2672672672672673 0.502 0.2732732732732733 0.502 0.6996996996996997 0.5 0.7027027027027027 0.47 0.7027027027027027 0.468 0.6996996996996997 0.454 0.6996996996996997 0.452 0.6966966966966966 0.452 0.6006006006006006 0.45 0.5975975975975976 0.452 0.5915915915915916 0.45 0.5855855855855856 0.452 0.5825825825825826 0.452 0.5765765765765766 0.45 0.5735735735735735 0.45 0.5225225225225225 0.452 0.5195195195195195 0.452 0.5015015015015015 0.45 0.4984984984984985 0.452 0.4924924924924925 0.45 0.4864864864864865 0.452 0.48348348348348347 0.452 0.44744744744744747 0.45 0.4444444444444444 0.45 0.43243243243243246 0.452 0.4294294294294294 0.452 0.4144144144144144 0.45 0.4114114114114114 0.45 0.38738738738738737 0.452 0.3843843843843844 0.452 0.26426426426426425
0 0.452 0.7087087087087087 0.488 0.7087087087087087 0.49 0.7117117117117117 0.496 0.7117117117117117 0.502 0.7177177177177178 0.502 0.8348348348348348 0.504 0.8378378378378378 0.504 0.8468468468468469 0.502 0.8498498498498499 0.502 0.993993993993994 0.498 0.993993993993994 0.496 0.996996996996997 0.494 0.993993993993994 0.49 0.996996996996997 0.462 0.996996996996997 0.46 0.993993993993994 0.452 0.993993993993994 0.452 0.9069069069069069 0.45 0.9039039039039038 0.45 0.8978978978978979 0.452 0.8948948948948949 0.452 0.7117117117117117
0 0.668 0.7297297297297297 0.68 0.7267267267267268 0.682 0.7297297297297297 0.698 0.7297297297297297 0.7 0.7327327327327328 0.708 0.7327327327327328 0.71 0.7357357357357357 0.71 0.993993993993994 0.708 0.996996996996997 0.67 0.996996996996997 0.668 0.993993993993994 0.668 0.954954954954955 0.666 0.9519519519519519 0.668 0.948948948948949 0.666 0.9429429429429429 0.668 0.93993993993994 0.668 0.8918918918918919 0.666 0.8888888888888888 0.666 0.8708708708708709 0.668 0.8678678678678678 0.668 0.7327327327327328
0 0.598 0.7237237237237237 0.634 0.7237237237237237 0.636 0.7267267267267268 0.64 0.7267267267267268 0.642 0.7327327327327328 0.642 0.8828828828828829 0.64 0.8858858858858859 0.64 0.8948948948948949 0.642 0.8978978978978979 0.642 0.993993993993994 0.638 0.993993993993994 0.636 0.996996996996997 0.632 0.993993993993994 0.626 0.993993993993994 0.624 0.996996996996997 0.602 0.996996996996997 0.598 0.990990990990991 0.598 0.8078078078078078 0.6 0.8048048048048048 0.6 0.7537537537537538 0.598 0.7507507507507507 0.598 0.7267267267267268
0 0.872 0.34534534534534533 0.906 0.3483483483483483 0.908 0.35435435435435436 0.908 0.3783783783783784 0.91 0.3813813813813814 0.91 0.6606606606606606 0.908 0.6636636636636637 0.91 0.6666666666666666 0.91 0.6816816816816816 0.908 0.6846846846846847 0.91 0.6876876876876877 0.908 0.6906906906906907 0.908 0.6966966966966966 0.91 0.6996996996996997 0.91 0.7147147147147147 0.908 0.7177177177177178 0.908 0.7417417417417418 0.884 0.7417417417417418 0.882 0.7387387387387387 0.872 0.7387387387387387 0.872 0.5375375375375375 0.87 0.5345345345345346 0.872 0.5315315315315315 0.872 0.46846846846846846 0.87 0.46546546546546547 0.872 0.4624624624624625 0.87 0.4594594594594595 0.87 0.45045045045045046 0.872 0.44744744744744747 0.87 0.4444444444444444 0.87 0.43843843843843844 0.872 0.43543543543543545 0.872 0.3783783783783784 0.87 0.37537537537537535 0.87 0.36936936936936937 0.872 0.3663663663663664 0.872 0.3483483483483483
0 0.806 0.32732732732732733 0.804 0.3213213213213213 0.804 0.03003003003003003 0.806 0.02702702702702703 0.806 0.003003003003003003 0.808 0 0.842 0 0.842 0.015015015015015015 0.844 0.018018018018018018 0.844 0.3303303303303303 0.812 0.3303303303303303 0.808 0.32732732732732733
0 0.528 0 0.572 0 0.572 0.26426426426426425 0.57 0.2672672672672673 0.528 0.26126126126126126 0.528 0.1111111111111111 0.526 0.10810810810810811 0.526 0.09009009009009009 0.528 0.08708708708708708 0.528 0.04504504504504504 0.526 0.042042042042042045 0.528 0.003003003003003003
0 0.938 0.35435435435435436 0.958 0.35435435435435436 0.96 0.35735735735735735 0.968 0.35735735735735735 0.972 0.36036036036036034 0.972 0.36936936936936937 0.974 0.37237237237237236 0.972 0.37537537537537535 0.974 0.3783783783783784 0.974 0.4444444444444444 0.972 0.44744744744744747 0.972 0.45345345345345345 0.974 0.45645645645645644 0.974 0.47147147147147145 0.972 0.4744744744744745 0.972 0.4804804804804805 0.974 0.48348348348348347 0.972 0.4894894894894895 0.974 0.4954954954954955 0.974 0.5105105105105106 0.972 0.5135135135135135 0.972 0.5285285285285285 0.974 0.5315315315315315 0.974 0.5405405405405406 0.972 0.5435435435435435 0.972 0.5495495495495496 0.974 0.5525525525525525 0.974 0.5735735735735735 0.972 0.5765765765765766 0.974 0.5795795795795796 0.972 0.5825825825825826 0.972 0.6336336336336337 0.974 0.6366366366366366 0.972 0.6426426426426426 0.972 0.6756756756756757 0.974 0.6816816816816816 0.972 0.6846846846846847 0.972 0.7027027027027027 0.974 0.7057057057057057 0.974 0.7117117117117117 0.972 0.7147147147147147 0.972 0.7477477477477478 0.948 0.7477477477477478 0.946 0.7447447447447447 0.938 0.7447447447447447 0.938 0.6036036036036037 0.936 0.6006006006006006 0.936 0.5885885885885885 0.938 0.5855855855855856 0.938 0.5555555555555556 0.936 0.5525525525525525 0.936 0.5465465465465466 0.938 0.5435435435435435 0.938 0.5315315315315315 0.936 0.5285285285285285 0.936 0.4954954954954955 0.938 0.4924924924924925 0.938 0.48348348348348347 0.936 0.4804804804804805 0.936 0.46846846846846846 0.938 0.46546546546546547 0.936 0.4594594594594595 0.936 0.44744744744744747 0.938 0.4444444444444444 0.938 0.38738738738738737 0.936 0.3843843843843844 0.938 0.3813813813813814 0.936 0.3783783783783784 0.936 0.3633633633633634 0.938 0.35735735735735735
0 0.938 0.7537537537537538 0.968 0.7537537537537538 0.972 0.7567567567567568 0.972 0.8408408408408409 0.974 0.8438438438438438 0.974 0.8498498498498499 0.972 0.8528528528528528 0.972 0.8828828828828829 0.974 0.8858858858858859 0.972 0.8888888888888888 0.972 0.972972972972973 0.974 0.975975975975976 0.972 0.9819819819819819 0.974 0.984984984984985 0.974 0.990990990990991 0.97 0.996996996996997 0.938 0.996996996996997 0.936 0.993993993993994 0.936 0.9819819819819819 0.938 0.978978978978979 0.938 0.960960960960961 0.936 0.9579579579579579 0.936 0.9519519519519519 0.938 0.948948948948949 0.936 0.9429429429429429 0.936 0.918918918918919 0.938 0.9159159159159159 0.938 0.9009009009009009 0.936 0.8978978978978979 0.936 0.8798798798798799 0.938 0.8768768768768769 0.938 0.8468468468468469 0.936 0.8438438438438438 0.938 0.8408408408408409 0.938 0.7987987987987988 0.936 0.7957957957957958 0.936 0.7897897897897898 0.938 0.7867867867867868 0.938 0.7777777777777778 0.936 0.7747747747747747 0.936 0.7657657657657657 0.938 0.7627627627627628 0.938 0.7567567567567568
0 0.974 0.003003003003003003 0.974 0.021021021021021023 0.972 0.024024024024024024 0.972 0.057057057057057055 0.974 0.06006006006006006 0.974 0.09309309309309309 0.972 0.0960960960960961 0.974 0.0990990990990991 0.974 0.13213213213213212 0.972 0.13513513513513514 0.972 0.17417417417417416 0.974 0.17717717717717718 0.974 0.1831831831831832 0.972 0.18618618618618618 0.974 0.1921921921921922 0.974 0.21621621621621623 0.972 0.21921921921921922 0.974 0.2222222222222222 0.972 0.22522522522522523 0.974 0.23123123123123124 0.974 0.24024024024024024 0.972 0.24324324324324326 0.974 0.24624624624624625 0.974 0.26426426426426425 0.972 0.2672672672672673 0.972 0.2822822822822823 0.974 0.2852852852852853 0.974 0.34534534534534533 0.97 0.35135135135135137 0.966 0.35135135135135137 0.964 0.3483483483483483 0.948 0.3483483483483483 0.938 0.34234234234234234 0.938 0.32432432432432434 0.94 0.3213213213213213 0.94 0.3033033033033033 0.938 0.3003003003003003 0.938 0.2882882882882883 0.94 0.2852852852852853 0.94 0.2672672672672673 0.938 0.26426426426426425 0.938 0.24024024024024024 0.94 0.23723723723723725 0.94 0.22522522522522523 0.938 0.2222222222222222 0.94 0.21921921921921922 0.938 0.21621621621621623 0.94 0.2132132132132132 0.938 0.2072072072072072 0.94 0.2042042042042042 0.94 0.1891891891891892 0.942 0.18618618618618618 0.938 0.17417417417417416 0.938 0.13213213213213212 0.94 0.12912912912912913 0.938 0.12612612612612611 0.938 0.12012012012012012 0.94 0.11711711711711711 0.94 0.015015015015015015 0.938 0.012012012012012012 0.938 0.003003003003003003 0.94 0 0.966 0 0.968 0.003003003003003003 0.972 0.003003003003003003