0 0.456 0.08858858858858859 0.458 0.09009009009009009 0.46 0.08858858858858859 0.466 0.09009009009009009 0.478 0.08858858858858859 0.482 0.0915915915915916 0.484 0.13813813813813813 0.48 0.14114114114114115 0.448 0.14114114114114115 0.444 0.13663663663663664 0.444 0.0945945945945946 0.448 0.08858858858858859 0.454 0.08858858858858859
0 0.318 0.15915915915915915 0.328 0.16366366366366367 0.328 0.18618618618618618 0.326 0.18768768768768768 0.324 0.21621621621621623 0.318 0.21921921921921922 0.308 0.21771771771771772 0.288 0.21921921921921922 0.282 0.21621621621621623 0.284 0.1906906906906907 0.29 0.16516516516516516 0.294 0.16066066066066065 0.316 0.15915915915915915
0 0.22 0.7837837837837838 0.222 0.7852852852852853 0.232 0.7837837837837838 0.244 0.7852852852852853 0.246 0.8033033033033034 0.242 0.8198198198198198 0.242 0.8378378378378378 0.238 0.8468468468468469 0.24 0.8513513513513513 0.238 0.8528528528528528 0.238 0.8693693693693694 0.234 0.8828828828828829 0.234 0.8993993993993994 0.23 0.9114114114114115 0.226 0.948948948948949 0.222 0.9594594594594594 0.218 0.9624624624624625 0.204 0.9624624624624625 0.202 0.963963963963964 0.184 0.963963963963964 0.182 0.9624624624624625 0.156 0.963963963963964 0.15 0.9594594594594594 0.15 0.9414414414414415 0.152 0.93993993993994 0.154 0.9129129129129129 0.164 0.8843843843843844 0.166 0.8543543543543544 0.178 0.8183183183183184 0.182 0.7852852852852853 0.218 0.7837837837837838
0 0.601 0.052552552552552555 0.042 0.04504504504504504
0 0.388 0.03303303303303303 0.39 0.03453453453453453 0.39 0.06156156156156156 0.388 0.07057057057057058 0.384 0.07507507507507508 0.368 0.07507507507507508 0.366 0.07357357357357357 0.356 0.07507507507507508 0.354 0.07357357357357357 0.354 0.05555555555555555 0.356 0.05405405405405406 0.358 0.03453453453453453 0.362 0.03153153153153153 0.386 0.03303303303303303
0 0.238 0.33633633633633636 0.244 0.33783783783783783 0.246 0.34534534534534533 0.242 0.35735735735735735 0.24 0.39039039039039036 0.232 0.4099099099099099 0.232 0.4174174174174174 0.228 0.4219219219219219 0.186 0.4219219219219219 0.184 0.42042042042042044 0.184 0.40540540540540543 0.188 0.3978978978978979 0.19 0.3738738738738739 0.194 0.36936936936936937 0.196 0.34534534534534533 0.2 0.33783783783783783 0.202 0.33633633633633636 0.236 0.33633633633633636
0 0.922 0.23423423423423423 0.93 0.23573573573573572 0.938 0.24324324324324326 0.942 0.25825825825825827 0.95 0.26876876876876876 0.954 0.2807807807807808 0.966 0.2957957957957958 0.966 0.3033033033033033 0.95 0.3063063063063063 0.934 0.3063063063063063 0.924 0.30180180180180183 0.912 0.28378378378378377 0.91 0.27177177177177175 0.9 0.2552552552552553 0.896 0.24474474474474475 0.896 0.23573573573573572 0.898 0.23423423423423423 0.92 0.23423423423423423
0 0.754 0.08558558558558559 0.764 0.08708708708708708 0.768 0.09009009009009009 0.774 0.1006006006006006 0.776 0.11561561561561562 0.784 0.12912912912912913 0.784 0.13213213213213212 0.778 0.13663663663663664 0.766 0.13663663663663664 0.764 0.13813813813813813 0.752 0.13813813813813813 0.748 0.13513513513513514 0.742 0.12462462462462462 0.734 0.0990990990990991 0.736 0.08708708708708708 0.752 0.08558558558558559
0 0.754 0.33633633633633636 0.79 0.33483483483483484 0.796 0.33783783783783783 0.8 0.34534534534534533 0.8 0.35585585585585583 0.812 0.3858858858858859 0.814 0.4024024024024024 0.818 0.4114114114114114 0.818 0.4159159159159159 0.812 0.4189189189189189 0.776 0.4189189189189189 0.772 0.4159159159159159 0.766 0.4024024024024024 0.764 0.38288288288288286 0.76 0.3768768768768769 0.758 0.36186186186186187 0.754 0.35435435435435436 0.754 0.33783783783783783
0 0.138 0.7837837837837838 0.156 0.7867867867867868 0.158 0.8033033033033034 0.156 0.8048048048048048 0.154 0.8273273273273273 0.146 0.8528528528528528 0.138 0.9114114114114115 0.132 0.924924924924925 0.128 0.9519519519519519 0.124 0.9624624624624625 0.118 0.963963963963964 0.056 0.963963963963964 0.052 0.954954954954955 0.062 0.918918918918919 0.064 0.9024024024024024 0.068 0.8963963963963963 0.072 0.8753753753753754 0.078 0.8663663663663663 0.082 0.8468468468468469 0.088 0.8333333333333334 0.096 0.7897897897897898 0.1 0.7852852852852853 0.136 0.7837837837837838
0 0.64 0.2747747747747748 0.056 0.07507507507507508
0 0.748 0.581081081081081 0.756 0.5825825825825826 0.764 0.581081081081081 0.768 0.5885885885885885 0.776 0.5870870870870871 0.778 0.5885885885885885 0.782 0.5855855855855856 0.79 0.5915915915915916 0.798 0.5915915915915916 0.802 0.5945945945945946 0.806 0.6126126126126126 0.812 0.6246246246246246 0.818 0.6576576576576577 0.822 0.6636636636636637 0.822 0.6726726726726727 0.828 0.6891891891891891 0.828 0.7012012012012012 0.836 0.7207207207207207 0.836 0.7267267267267268 0.828 0.7297297297297297 0.778 0.7297297297297297 0.772 0.7237237237237237 0.764 0.6906906906906907 0.764 0.6816816816816816 0.76 0.6741741741741741 0.752 0.6411411411411412 0.75 0.6156156156156156 0.746 0.6051051051051051 0.748 0.5825825825825826
0 0.594 0.23723723723723725 0.6 0.24774774774774774 0.602 0.27627627627627627 0.608 0.30180180180180183 0.606 0.30930930930930933 0.604 0.3108108108108108 0.58 0.3108108108108108 0.578 0.30930930930930933 0.57 0.3108108108108108 0.564 0.3078078078078078 0.562 0.3033033033033033 0.562 0.2852852852852853 0.558 0.2672672672672673 0.558 0.24024024024024024 0.56 0.23873873873873874 0.592 0.23873873873873874
0 0.886 0.15315315315315314 0.9 0.16366366366366367 0.9 0.16966966966966968 0.912 0.1891891891891892 0.916 0.21171171171171171 0.912 0.2132132132132132 0.884 0.2132132132132132 0.876 0.20270270270270271 0.862 0.16816816816816818 0.86 0.15765765765765766 0.868 0.15315315315315314 0.882 0.15315315315315314 0.884 0.15465465465465467
0 0.59 0.08708708708708708 0.598 0.08858858858858859 0.6 0.08708708708708708 0.608 0.08858858858858859 0.616 0.08558558558558559 0.622 0.08708708708708708 0.632 0.12612612612612611 0.632 0.13813813813813813 0.63 0.13963963963963963 0.598 0.13963963963963963 0.594 0.13813813813813813 0.59 0.1006006006006006 0.588 0.0990990990990991 0.588 0.09009009009009009 0.59 0.08858858858858859
0 0.088 0.0915915915915916 0.098 0.09309309309309309 0.1 0.1006006006006006 0.094 0.1111111111111111 0.092 0.12162162162162163 0.088 0.12612612612612611 0.086 0.13663663663663664 0.076 0.14264264264264265 0.05 0.14114114114114115 0.044 0.13813813813813813 0.044 0.13513513513513514 0.048 0.12912912912912913 0.05 0.11861861861861862 0.054 0.11561561561561562 0.066 0.09309309309309309 0.07 0.09009009009009009 0.086 0.0915915915915916
0 0.532 0.5885885885885885 0.534 0.5900900900900901 0.552 0.5885885885885885 0.556 0.5915915915915916 0.572 0.5930930930930931 0.576 0.5975975975975976 0.582 0.6606606606606606 0.584 0.6621621621621622 0.584 0.6816816816816816 0.586 0.6831831831831832 0.588 0.7282282282282282 0.542 0.7312312312312312 0.54 0.7297297297297297 0.528 0.7297297297297297 0.524 0.7267267267267268 0.522 0.6756756756756757 0.518 0.6621621621621622 0.518 0.5975975975975976 0.526 0.5900900900900901 0.53 0.5900900900900901
0 0.446 0.7747747747747747 0.45 0.7792792792792793 0.472 0.7792792792792793 0.474 0.7807807807807807 0.504 0.7792792792792793 0.508 0.7822822822822822 0.51 0.8153153153153153 0.512 0.8168168168168168 0.512 0.8768768768768769 0.514 0.8783783783783784 0.512 0.8963963963963963 0.514 0.8978978978978979 0.514 0.9309309309309309 0.516 0.9324324324324325 0.514 0.9579579579579579 0.502 0.960960960960961 0.444 0.960960960960961 0.44 0.9594594594594594 0.438 0.954954954954955 0.438 0.8888888888888888 0.44 0.8873873873873874 0.44 0.8498498498498499 0.438 0.8483483483483484 0.44 0.8468468468468469 0.44 0.7897897897897898 0.444 0.7762762762762763
0 0.258 0.09009009009009009 0.266 0.0915915915915916 0.288 0.09009009009009009 0.292 0.0945945945945946 0.288 0.10960960960960961 0.288 0.12312312312312312 0.282 0.13963963963963963 0.278 0.14114114114114115 0.25 0.14114114114114115 0.246 0.13963963963963963 0.244 0.12612612612612611 0.25 0.11711711711711711 0.252 0.1036036036036036 0.258 0.0915915915915916
0 0.936 0.02702702702702703 0.96 0.02702702702702703 0.964 0.028528528528528527 0.974 0.046546546546546545 0.98 0.05105105105105105 0.982 0.05855855855855856 0.988 0.06156156156156156 0.986 0.06606606606606606 0.972 0.07057057057057058 0.96 0.06906906906906907 0.95 0.06006006006006006 0.946 0.04804804804804805 0.938 0.03903903903903904 0.936 0.028528528528528527
0 0.556 0.44894894894894893 0.56 0.45045045045045046 0.564 0.45795795795795796 0.568 0.5195195195195195 0.57 0.521021021021021 0.57 0.539039039039039 0.572 0.5405405405405406 0.57 0.5555555555555556 0.558 0.5570570570570571 0.552 0.5555555555555556 0.55 0.5570570570570571 0.518 0.5570570570570571 0.516 0.5555555555555556 0.514 0.5195195195195195 0.512 0.5180180180180181 0.514 0.509009009009009 0.512 0.503003003003003 0.512 0.45495495495495497 0.516 0.45045045045045046 0.542 0.4519519519519519 0.554 0.44894894894894893
0 0.446 0.33633633633633636 0.462 0.33633633633633636 0.464 0.33783783783783783 0.484 0.33633633633633636 0.49 0.33783783783783783 0.494 0.35435435435435436 0.494 0.42042042042042044 0.49 0.4219219219219219 0.446 0.4219219219219219 0.442 0.42042042042042044 0.442 0.3978978978978979 0.444 0.3963963963963964 0.442 0.3948948948948949 0.442 0.3843843843843844 0.444 0.38288288288288286 0.442 0.37987987987987987 0.444 0.3783783783783784 0.444 0.33933933933933935 0.446 0.33783783783783783
0 0.154 0.5825825825825826 0.156 0.5840840840840841 0.168 0.5840840840840841 0.174 0.5885885885885885 0.176 0.5870870870870871 0.18 0.5885885885885885 0.184 0.5840840840840841 0.194 0.5840840840840841 0.196 0.5885885885885885 0.196 0.6171171171171171 0.192 0.6276276276276276 0.186 0.6711711711711712 0.182 0.6786786786786787 0.18 0.6966966966966966 0.176 0.7057057057057057 0.174 0.7267267267267268 0.168 0.7342342342342343 0.152 0.7342342342342343 0.15 0.7357357357357357 0.11 0.7342342342342343 0.108 0.7327327327327328 0.108 0.7177177177177178 0.112 0.7087087087087087 0.114 0.6921921921921922 0.118 0.6846846846846847 0.128 0.6351351351351351 0.138 0.6111111111111112 0.138 0.6021021021021021 0.146 0.5840840840840841 0.152 0.5825825825825826
0 0.518 0.08708708708708708 0.526 0.08858858858858859 0.53 0.0945945945945946 0.532 0.11411411411411411 0.536 0.12612612612612611 0.534 0.13813813813813813 0.498 0.13963963963963963 0.494 0.13213213213213212 0.494 0.09009009009009009 0.516 0.08858858858858859
0 0.618 0.7747747747747747 0.624 0.7762762762762763 0.628 0.7747747747747747 0.632 0.7762762762762763 0.652 0.7747747747747747 0.66 0.7777777777777778 0.676 0.7792792792792793 0.68 0.7837837837837838 0.682 0.8018018018018018 0.686 0.8108108108108109 0.686 0.8243243243243243 0.69 0.8348348348348348 0.69 0.8558558558558559 0.698 0.8888888888888888 0.702 0.9324324324324325 0.706 0.9474474474474475 0.704 0.9594594594594594 0.634 0.9594594594594594 0.632 0.9564564564564565 0.628 0.9204204204204204 0.624 0.9084084084084084 0.624 0.8813813813813813 0.62 0.8693693693693694 0.618 0.8183183183183184 0.616 0.8168168168168168 0.616 0.8003003003003003 0.614 0.7987987987987988 0.614 0.7822822822822822 0.618 0.7762762762762763
0 0.874 0.9804804804804805 0.878 0.9804804804804805 0.884 0.984984984984985 0.908 0.9834834834834835 0.914 0.993993993993994 0.912 0.9984984984984985 0.834 0.9984984984984985 0.834 0.9819819819819819 0.84 0.9819819819819819 0.846 0.984984984984985 0.874 0.984984984984985 0.876 0.9819819819819819
0 0.932 0.43993993993993996 0.936 0.4444444444444444 0.946 0.44294294294294295 0.95 0.44594594594594594 0.964 0.44744744744744747 0.978 0.47297297297297297 0.982 0.4864864864864865 0.99 0.493993993993994 0.99 0.503003003003003 0.998 0.524024024024024 0.998 0.551051051051051 0.992 0.5555555555555556 0.962 0.5555555555555556 0.958 0.551051051051051 0.922 0.45645645645645644 0.924 0.44294294294294295 0.93 0.43993993993993996
0 0.568 0.978978978978979 0.574 0.9804804804804805 0.576 0.984984984984985 0.584 0.984984984984985 0.586 0.9834834834834835 0.584 0.9804804804804805 0.59 0.9819819819819819 0.596 0.978978978978979 0.6 0.978978978978979 0.608 0.9834834834834835 0.612 0.9819819819819819 0.616 0.987987987987988 0.616 0.9984984984984985 0.54 0.9984984984984985 0.538 0.9954954954954955 0.54 0.9834834834834835 0.544 0.9804804804804805 0.566 0.978978978978979
0 0.65 0.33183183183183185 0.66 0.33483483483483484 0.67 0.33483483483483484 0.674 0.33783783783783783 0.68 0.3633633633633634 0.682 0.3858858858858859 0.69 0.4144144144144144 0.688 0.4189189189189189 0.684 0.42042042042042044 0.654 0.42042042042042044 0.652 0.4219219219219219 0.642 0.42042042042042044 0.638 0.4159159159159159 0.638 0.4069069069069069 0.632 0.39039039039039036 0.632 0.3663663663663664 0.63 0.36486486486486486 0.632 0.36186186186186187 0.628 0.35285285285285284 0.628 0.33783783783783783 0.634 0.3333333333333333 0.646 0.33483483483483484 0.65 0.3333333333333333
0 0.598 0.44294294294294295 0.6 0.44744744744744747 0.604 0.44744744744744747 0.608 0.44294294294294295 0.616 0.4444444444444444 0.618 0.44894894894894893 0.63 0.45795795795795796 0.634 0.493993993993994 0.636 0.4954954954954955 0.636 0.506006006006006 0.642 0.5285285285285285 0.642 0.5435435435435435 0.644 0.545045045045045 0.644 0.5540540540540541 0.63 0.5570570570570571 0.592 0.5570570570570571 0.586 0.5465465465465466 0.584 0.5225225225225225 0.582 0.521021021021021 0.584 0.509009009009009 0.58 0.4924924924924925 0.578 0.45645645645645644 0.584 0.44594594594594594 0.59 0.44294294294294295 0.596 0.44294294294294295
0 0.916 0.025525525525525526 0.924 0.03003003003003003 0.926 0.042042042042042045 0.94 0.05855855855855856 0.94 0.06756756756756757 0.934 0.07057057057057058 0.916 0.07057057057057058 0.912 0.06756756756756757 0.892 0.03453453453453453 0.892 0.03003003003003003 0.896 0.025525525525525526 0.914 0.025525525525525526
0 0.058 0.018018018018018018 0.06 0.006006006006006006 0.068 0 0.098 0 0.1 0.0045045045045045045 0.096 0.0075075075075075074 0.094 0.015015015015015015 0.084 0.021021021021021023 0.06 0.018018018018018018
0 0.324 0.025525525525525526 0.326 0.02702702702702703 0.334 0.025525525525525526 0.34 0.02702702702702703 0.344 0.028528528528528527 0.346 0.03303303303303303 0.346 0.04954954954954955 0.342 0.06006006006006006 0.342 0.07057057057057058 0.338 0.07507507507507508 0.308 0.07507507507507508 0.306 0.07357357357357357 0.312 0.036036036036036036 0.318 0.02702702702702703 0.322 0.025525525525525526
0 0.368 0.7477477477477478 0.37 0.7477477477477478 0.366 0.7492492492492493 0.366 0.7522522522522522 0.37 0.7597597597597597 0.366 0.7627627627627628 0.37 0.7702702702702703 0.376 0.7747747747747747 0.38 0.7747747747747747 0.386 0.7702702702702703 0.388 0.7612612612612613 0.394 0.7612612612612613 0.402 0.7567567567567568 0.404 0.7582582582582582 0.396 0.7612612612612613 0.4 0.7657657657657657 0.404 0.7657657657657657 0.404 0.7687687687687688 0.4 0.7687687687687688 0.396 0.7657657657657657 0.392 0.7687687687687688 0.396 0.7717717717717718 0.396 0.7777777777777778 0.406 0.7822822822822822 0.416 0.7822822822822822 0.414 0.7867867867867868 0.408 0.7882882882882883 0.406 0.7867867867867868 0.4 0.7882882882882883 0.396 0.7822822822822822 0.39 0.7882882882882883 0.386 0.7852852852852853 0.382 0.7867867867867868 0.384 0.7972972972972973 0.378 0.8018018018018018 0.382 0.8078078078078078 0.4 0.7987987987987988 0.394 0.8018018018018018 0.392 0.8093093093093093 0.394 0.8123123123123123 0.406 0.8063063063063063 0.41 0.7987987987987988 0.416 0.7987987987987988 0.42 0.7957957957957958 0.418 0.7927927927927928 0.414 0.7927927927927928 0.42 0.7927927927927928 0.424 0.7972972972972973 0.426 0.7897897897897898 0.436 0.7882882882882883 0.434 0.7792792792792793 0.44 0.7717717717717718 0.438 0.7687687687687688 0.442 0.7642642642642643 0.438 0.7612612612612613 0.44 0.7597597597597597 0.438 0.7537537537537538 0.442 0.7507507507507507 0.45 0.7492492492492493 0.452 0.7537537537537538 0.46 0.7537537537537538 0.464 0.7507507507507507 0.464 0.7477477477477478 0.468 0.7477477477477478 0.466 0.7552552552552553 0.468 0.7612612612612613 0.474 0.7627627627627628 0.472 0.7672672672672672 0.474 0.7702702702702703 0.48 0.7702702702702703 0.484 0.7627627627627628 0.49 0.7627627627627628 0.498 0.7687687687687688 0.498 0.7732732732732732 0.504 0.7747747747747747 0.504 0.7822822822822822 0.508 0.7852852852852853 0.512 0.7852852852852853 0.514 0.7882882882882883 0.512 0.7927927927927928 0.516 0.7972972972972973 0.512 0.8003003003003003 0.516 0.8018018018018018 0.522 0.8003003003003003 0.524 0.7972972972972973 0.532 0.8033033033033034 0.532 0.8108108108108109 0.536 0.8138138138138138 0.536 0.8168168168168168 0.528 0.8243243243243243 0.528 0.8288288288288288 0.534 0.8303303303303303 0.528 0.8378378378378378 0.536 0.8453453453453453 0.534 0.8468468468468469 0.536 0.8513513513513513 0.528 0.8483483483483484 0.526 0.8513513513513513 0.518 0.8528528528528528 0.52 0.8588588588588588 0.516 0.8708708708708709 0.524 0.8723723723723724 0.516 0.8768768768768769 0.518 0.8843843843843844 0.522 0.8828828828828829 0.52 0.8798798798798799 0.522 0.8768768768768769 0.526 0.8783783783783784 0.532 0.8768768768768769 0.53 0.8723723723723724 0.534 0.8648648648648649 0.534 0.8573573573573574 0.54 0.8528528528528528 0.544 0.8543543543543544 0.548 0.8528528528528528 0.548 0.8483483483483484 0.558 0.8378378378378378 0.558 0.8333333333333334 0.552 0.8273273273273273 0.558 0.8228228228228228 0.558 0.8168168168168168 0.552 0.8138138138138138 0.55 0.8093093093093093 0.554 0.8033033033033034 0.554 0.7957957957957958 0.558 0.7957957957957958 0.56 0.8048048048048048 0.564 0.8093093093093093 0.574 0.8063063063063063 0.572 0.8093093093093093 0.576 0.8123123123123123 0.574 0.8423423423423423 0.578 0.8498498498498499 0.576 0.8558558558558559 0.582 0.8633633633633634 0.592 0.8588588588588588 0.588 0.8633633633633634 0.598 0.8648648648648649 0.598 0.8708708708708709 0.592 0.8693693693693694 0.584 0.8813813813813813 0.574 0.8783783783783784 0.572 0.8828828828828829 0.578 0.8903903903903904 0.58 0.8888888888888888 0.586 0.8903903903903904 0.584 0.8918918918918919 0.586 0.8963963963963963 0.59 0.8948948948948949 0.596 0.8963963963963963 0.592 0.8993993993993994 0.592 0.9024024024024024 0.608 0.9144144144144144 0.614 0.9114114114114115 0.616 0.9009009009009009 0.622 0.8978978978978979 0.622 0.8888888888888888 0.618 0.8858858858858859 0.622 0.8768768768768769 0.62 0.8753753753753754 0.614 0.8768768768768769 0.612 0.8738738738738738 0.608 0.8738738738738738 0.612 0.8648648648648649 0.62 0.8618618618618619 0.618 0.8588588588588588 0.62 0.8498498498498499 0.614 0.8408408408408409 0.608 0.8438438438438438 0.606 0.8423423423423423 0.61 0.8288288288288288 0.61 0.8153153153153153 0.614 0.8033033033033034 0.62 0.7987987987987988 0.612 0.7912912912912913 0.604 0.7912912912912913 0.598 0.7942942942942943 0.598 0.8003003003003003 0.602 0.8033033033033034 0.598 0.8138138138138138 0.596 0.8153153153153153 0.588 0.8138138138138138 0.59 0.8123123123123123 0.588 0.8063063063063063 0.59 0.8078078078078078 0.592 0.8063063063063063 0.592 0.7957957957957958 0.596 0.7897897897897898 0.594 0.7837837837837838 0.596 0.7867867867867868 0.602 0.7867867867867868 0.604 0.7822822822822822 0.612 0.7837837837837838 0.616 0.7777777777777778 0.616 0.7717717717717718 0.62 0.7702702702702703 0.622 0.7642642642642643 0.63 0.7702702702702703 0.634 0.7687687687687688 0.634 0.7642642642642643 0.644 0.7702702702702703 0.646 0.7612612612612613 0.652 0.7627627627627628 0.652 0.7672672672672672 0.66 0.7717717717717718 0.668 0.7672672672672672 0.672 0.7717717717717718 0.672 0.7807807807807807 0.67 0.7822822822822822 0.674 0.7852852852852853 0.676 0.7777777777777778 0.682 0.7807807807807807 0.682 0.7867867867867868 0.686 0.7897897897897898 0.682 0.7942942942942943 0.686 0.8288288288288288 0.688 0.8303303303303303 0.702 0.8288288288288288 0.704 0.8303303303303303 0.702 0.8378378378378378 0.706 0.8408408408408409 0.706 0.8468468468468469 0.702 0.8513513513513513 0.694 0.8513513513513513 0.694 0.8423423423423423 0.692 0.8408408408408409 0.688 0.8438438438438438 0.69 0.8513513513513513 0.688 0.8573573573573574 0.692 0.8603603603603603 0.698 0.8573573573573574 0.702 0.8648648648648649 0.704 0.8588588588588588 0.706 0.8573573573573574 0.71 0.8588588588588588 0.706 0.8618618618618619 0.714 0.8723723723723724 0.72 0.8693693693693694 0.72 0.8633633633633634 0.728 0.8588588588588588 0.722 0.8513513513513513 0.728 0.8453453453453453 0.726 0.8408408408408409 0.728 0.8378378378378378 0.724 0.8363363363363363 0.726 0.8303303303303303 0.716 0.8258258258258259 0.714 0.8273273273273273 0.716 0.8348348348348348 0.714 0.8423423423423423 0.718 0.8513513513513513 0.716 0.8528528528528528 0.71 0.8453453453453453 0.714 0.8378378378378378 0.708 0.8303303303303303 0.71 0.8093093093093093 0.714 0.8138138138138138 0.714 0.8213213213213213 0.722 0.8228228228228228 0.732 0.8153153153153153 0.734 0.8078078078078078 0.74 0.8138138138138138 0.738 0.8258258258258259 0.744 0.8303303303303303 0.748 0.8273273273273273 0.746 0.8243243243243243 0.756 0.8168168168168168 0.752 0.8138138138138138 0.758 0.8108108108108109 0.758 0.8078078078078078 0.762 0.8078078078078078 0.766 0.8048048048048048 0.76 0.7867867867867868 0.764 0.7837837837837838 0.768 0.7867867867867868 0.768 0.7957957957957958 0.772 0.8018018018018018 0.774 0.8003003003003003 0.774 0.7912912912912913 0.778 0.7942942942942943 0.782 0.7927927927927928 0.782 0.7972972972972973 0.786 0.8018018018018018 0.784 0.8153153153153153 0.786 0.8168168168168168 0.796 0.8063063063063063 0.796 0.8153153153153153 0.804 0.8213213213213213 0.808 0.8183183183183184 0.808 0.8123123123123123 0.812 0.8093093093093093 0.812 0.8063063063063063 0.818 0.8063063063063063 0.824 0.8033033033033034 0.82 0.7987987987987988 0.824 0.7987987987987988 0.828 0.7957957957957958 0.834 0.7972972972972973 0.84 0.7957957957957958 0.838 0.7897897897897898 0.844 0.7867867867867868 0.844 0.7822822822822822 0.848 0.7882882882882883 0.852 0.7837837837837838 0.856 0.7852852852852853 0.862 0.7822822822822822 0.86 0.7867867867867868 0.864 0.7882882882882883 0.866 0.7852852852852853 0.868 0.7882882882882883 0.866 0.8003003003003003 0.87 0.8033033033033034 0.866 0.8063063063063063 0.868 0.8093093093093093 0.866 0.8153153153153153 0.87 0.8183183183183184 0.878 0.8168168168168168 0.88 0.8198198198198198 0.878 0.8243243243243243 0.886 0.8393393393393394 0.884 0.8423423423423423 0.886 0.8528528528528528 0.892 0.8588588588588588 0.896 0.8588588588588588 0.894 0.8603603603603603 0.896 0.8633633633633634 0.904 0.8588588588588588 0.908 0.8618618618618619 0.904 0.8633633633633634 0.902 0.8693693693693694 0.898 0.8678678678678678 0.894 0.8693693693693694 0.9 0.8813813813813813 0.906 0.8738738738738738 0.908 0.8753753753753754 0.91 0.8933933933933934 0.904 0.8963963963963963 0.906 0.9009009009009009 0.9 0.9039039039039038 0.896 0.9024024024024024 0.884 0.9069069069069069 0.884 0.9159159159159159 0.888 0.9174174174174174 0.892 0.9144144144144144 0.886 0.9219219219219219 0.886 0.9264264264264265 0.89 0.9279279279279279 0.892 0.933933933933934 0.89 0.9384384384384384 0.896 0.9414414414414415 0.894 0.9429429429429429 0.894 0.9534534534534534 0.898 0.954954954954955 0.89 0.960960960960961 0.858 0.960960960960961 0.856 0.9624624624624625 0.854 0.960960960960961 0.836 0.960960960960961 0.834 0.9624624624624625 0.83 0.960960960960961 0.826 0.9669669669669669 0.83 0.9714714714714715 0.838 0.9654654654654654 0.848 0.9669669669669669 0.852 0.9654654654654654 0.864 0.9669669669669669 0.866 0.9654654654654654 0.878 0.96996996996997 0.884 0.9684684684684685 0.886 0.9714714714714715 0.888 0.96996996996997 0.894 0.9714714714714715 0.9 0.9654654654654654 0.904 0.9669669669669669 0.91 0.9624624624624625 0.91 0.9654654654654654 0.916 0.9714714714714715 0.916 0.9804804804804805 0.918 0.9819819819819819 0.928 0.9744744744744744 0.93 0.96996996996997 0.94 0.9654654654654654 0.944 0.9684684684684685 0.948 0.9669669669669669 0.968 0.9684684684684685 0.97 0.9669669669669669 0.982 0.96996996996997 0.984 0.9804804804804805 0.98 0.9819819819819819 0.968 0.9804804804804805 0.97 0.9774774774774775 0.962 0.975975975975976 0.956 0.9819819819819819 0.952 0.978978978978979 0.95 0.9834834834834835 0.942 0.9864864864864865 0.942 0.9924924924924925 0.936 0.9894894894894894 0.928 0.996996996996997 0.924 0.9924924924924925 0.914 0.996996996996997 0.906 0.987987987987988 0.904 0.9819819819819819 0.9 0.987987987987988 0.896 0.990990990990991 0.892 0.990990990990991 0.888 0.9954954954954955 0.882 0.9924924924924925 0.872 0.993993993993994 0.864 0.987987987987988 0.858 0.993993993993994 0.85 0.9894894894894894 0.844 0.993993993993994 0.842 0.990990990990991 0.838 0.990990990990991 0.83 0.9954954954954955 0.824 0.993993993993994 0.816 0.996996996996997 0.812 0.9924924924924925 0.806 0.9924924924924925 0.802 0.9954954954954955 0.798 0.993993993993994 0.788 0.9984984984984985 0.774 0.9954954954954955 0.772 0.9924924924924925 0.768 0.9924924924924925 0.762 0.9984984984984985 0.758 0.9984984984984985 0.752 0.993993993993994 0.748 0.9954954954954955 0.744 0.9924924924924925 0.74 0.9954954954954955 0.738 0.993993993993994 0.726 0.9954954954954955 0.72 0.993993993993994 0.716 0.9894894894894894 0.708 0.990990990990991 0.702 0.9954954954954955 0.7 0.993993993993994 0.678 0.996996996996997 0.666 0.9954954954954955 0.658 0.9984984984984985 0.65 0.9984984984984985 0.65 0.9924924924924925 0.644 0.990990990990991 0.642 0.993993993993994 0.638 0.993993993993994 0.63 0.9894894894894894 0.63 0.9834834834834835 0.634 0.9834834834834835 0.638 0.9804804804804805 0.64 0.9774774774774775 0.638 0.9714714714714715 0.64 0.96996996996997 0.644 0.9714714714714715 0.65 0.9654654654654654 0.654 0.96996996996997 0.66 0.963963963963964 0.656 0.960960960960961 0.638 0.9624624624624625 0.628 0.9594594594594594 0.622 0.954954954954955 0.622 0.9474474474474475 0.618 0.9429429429429429 0.614 0.948948948948949 0.614 0.954954954954955 0.606 0.9564564564564565 0.602 0.9594594594594594 0.596 0.9579579579579579 0.59 0.9579579579579579 0.584 0.960960960960961 0.56 0.9594594594594594 0.558 0.960960960960961 0.546 0.960960960960961 0.542 0.963963963963964 0.538 0.9579579579579579 0.528 0.954954954954955 0.522 0.948948948948949 0.52 0.9564564564564565 0.516 0.9579579579579579 0.514 0.9624624624624625 0.512 0.960960960960961 0.5 0.9624624624624625 0.482 0.960960960960961 0.462 0.963963963963964 0.46 0.9624624624624625 0.444 0.9624624624624625 0.43 0.9579579579579579 0.42 0.9579579579579579 0.416 0.960960960960961 0.396 0.9594594594594594 0.39 0.960960960960961 0.386 0.9654654654654654 0.378 0.960960960960961 0.372 0.963963963963964 0.372 0.9669669669669669 0.368 0.9684684684684685 0.364 0.9669669669669669 0.36 0.972972972972973 0.358 0.9714714714714715 0.362 0.96996996996997 0.35 0.9654654654654654 0.342 0.9504504504504504 0.338 0.9534534534534534 0.338 0.9594594594594594 0.338 0.9564564564564565 0.33 0.9534534534534534 0.316 0.9684684684684685 0.31 0.963963963963964 0.292 0.963963963963964 0.288 0.9669669669669669 0.282 0.963963963963964 0.27 0.9684684684684685 0.264 0.9654654654654654 0.262 0.9669669669669669 0.248 0.9654654654654654 0.242 0.960960960960961 0.238 0.9624624624624625 0.232 0.960960960960961 0.226 0.963963963963964 0.226 0.9669669669669669 0.216 0.96996996996997 0.214 0.9654654654654654 0.22 0.9624624624624625 0.216 0.9594594594594594 0.212 0.9624624624624625 0.204 0.960960960960961 0.194 0.9684684684684685 0.186 0.9669669669669669 0.178 0.9684684684684685 0.176 0.96996996996997 0.178 0.972972972972973 0.176 0.972972972972973 0.17 0.9669669669669669 0.162 0.9669669669669669 0.162 0.9654654654654654 0.168 0.9654654654654654 0.17 0.9624624624624625 0.156 0.9594594594594594 0.152 0.9444444444444444 0.148 0.9429429429429429 0.142 0.948948948948949 0.14 0.9459459459459459 0.134 0.9474474474474475 0.134 0.9519519519519519 0.138 0.954954954954955 0.144 0.954954954954955 0.14 0.9624624624624625 0.134 0.960960960960961 0.124 0.9684684684684685 0.118 0.9684684684684685 0.112 0.9654654654654654 0.106 0.9684684684684685 0.102 0.9669669669669669 0.098 0.9684684684684685 0.086 0.9669669669669669 0.084 0.9684684684684685 0.082 0.9669669669669669 0.076 0.96996996996997 0.064 0.9714714714714715 0.06 0.9654654654654654 0.054 0.9669669669669669 0.05 0.9564564564564565 0.04 0.9579579579579579 0.038 0.9519519519519519 0.042 0.948948948948949 0.036 0.9444444444444444 0.032 0.9564564564564565 0.024 0.9669669669669669 0.02 0.9654654654654654 0.008 0.9669669669669669 0.016 0.9594594594594594 0.02 0.9504504504504504 0.018 0.9369369369369369 0.008 0.9324324324324325 0 0.93993993993994 0.002 0.948948948948949 0 0.9504504504504504 0.002 0.9579579579579579 0 0.9654654654654654 0 0.918918918918919 0.004 0.924924924924925 0.012 0.9219219219219219 0.014 0.9159159159159159 0.012 0.9114114114114115 0.004 0.9099099099099099 0 0.9114114114114115 0 0.8918918918918919 0.006 0.8888888888888888 0.006 0.8813813813813813 0.014 0.8753753753753754 0.014 0.8723723723723724 0.016 0.8723723723723724 0.014 0.8753753753753754 0.016 0.8813813813813813 0.024 0.8873873873873874 0.026 0.8858858858858859 0.024 0.8783783783783784 0.026 0.8708708708708709 0.02 0.8573573573573574 0.02 0.8513513513513513 0.028 0.8498498498498499 0.028 0.8528528528528528 0.034 0.8588588588588588 0.034 0.8633633633633634 0.028 0.8693693693693694 0.03 0.8768768768768769 0.026 0.8828828828828829 0.032 0.8858858858858859 0.03 0.8948948948948949 0.032 0.8963963963963963 0.042 0.8858858858858859 0.038 0.8828828828828829 0.042 0.8858858858858859 0.046 0.8828828828828829 0.044 0.8813813813813813 0.046 0.8738738738738738 0.046 0.8918918918918919 0.05 0.8948948948948949 0.054 0.8918918918918919 0.056 0.8888888888888888 0.056 0.8858858858858859 0.052 0.8828828828828829 0.056 0.8738738738738738 0.054 0.8633633633633634 0.058 0.8603603603603603 0.062 0.8603603603603603 0.072 0.8498498498498499 0.072 0.8288288288288288 0.07 0.8258258258258259 0.076 0.8243243243243243 0.072 0.8213213213213213 0.076 0.8108108108108109 0.074 0.8063063063063063 0.078 0.8033033033033034 0.086 0.7882882882882883 0.096 0.7837837837837838 0.1 0.7732732732732732 0.098 0.7702702702702703 0.096 0.7717717717717718 0.102 0.7672672672672672 0.102 0.7642642642642643 0.104 0.7702702702702703 0.108 0.7672672672672672 0.112 0.7672672672672672 0.118 0.7612612612612613 0.106 0.7597597597597597 0.104 0.7552552552552553 0.11 0.7567567567567568 0.116 0.7507507507507507 0.116 0.7537537537537538 0.12 0.7567567567567568 0.118 0.7597597597597597 0.12 0.7657657657657657 0.114 0.7657657657657657 0.112 0.7672672672672672 0.114 0.7702702702702703 0.126 0.7687687687687688 0.132 0.7717717717717718 0.128 0.7747747747747747 0.13 0.7762762762762763 0.142 0.7777777777777778 0.146 0.7807807807807807 0.15 0.7762762762762763 0.156 0.8063063063063063 0.152 0.8138138138138138 0.154 0.8228228228228228 0.15 0.8243243243243243 0.15 0.8303303303303303 0.154 0.8318318318318318 0.154 0.8378378378378378 0.148 0.8423423423423423 0.144 0.8483483483483484 0.146 0.8498498498498499 0.154 0.8483483483483484 0.164 0.8408408408408409 0.16 0.8378378378378378 0.164 0.8318318318318318 0.162 0.8183183183183184 0.168 0.8078078078078078 0.17 0.7867867867867868 0.18 0.7837837837837838 0.192 0.7687687687687688 0.214 0.7717717717717718 0.204 0.7747747747747747 0.202 0.7852852852852853 0.19 0.7867867867867868 0.188 0.7837837837837838 0.18 0.7897897897897898 0.182 0.7942942942942943 0.18 0.8033033033033034 0.184 0.8063063063063063 0.182 0.8078078078078078 0.184 0.8123123123123123 0.182 0.8168168168168168 0.186 0.8198198198198198 0.18 0.8273273273273273 0.18 0.8348348348348348 0.172 0.8378378378378378 0.168 0.8498498498498499 0.168 0.8588588588588588 0.172 0.8618618618618619 0.168 0.8648648648648649 0.172 0.8693693693693694 0.17 0.8708708708708709 0.172 0.8738738738738738 0.17 0.8783783783783784 0.172 0.8903903903903904 0.168 0.8933933933933934 0.166 0.9054054054054054 0.16 0.9039039039039038 0.156 0.9069069069069069 0.156 0.918918918918919 0.154 0.9204204204204204 0.158 0.9219219219219219 0.16 0.918918918918919 0.166 0.924924924924925 0.162 0.9279279279279279 0.168 0.9324324324324325 0.168 0.9369369369369369 0.162 0.9429429429429429 0.17 0.948948948948949 0.174 0.9414414414414415 0.172 0.9384384384384384 0.178 0.933933933933934 0.178 0.9309309309309309 0.182 0.9294294294294294 0.18 0.9204204204204204 0.184 0.9234234234234234 0.19 0.9204204204204204 0.188 0.9159159159159159 0.184 0.9174174174174174 0.188 0.9159159159159159 0.184 0.9114114114114115 0.188 0.9069069069069069 0.184 0.9039039039039038 0.188 0.8948948948948949 0.188 0.8918918918918919 0.184 0.8903903903903904 0.186 0.8873873873873874 0.184 0.8828828828828829 0.188 0.8798798798798799 0.186 0.8753753753753754 0.19 0.8663663663663663 0.19 0.8573573573573574 0.188 0.8558558558558559 0.19 0.8513513513513513 0.186 0.8483483483483484 0.192 0.8378378378378378 0.19 0.8348348348348348 0.194 0.8363363363363363 0.198 0.8348348348348348 0.206 0.8198198198198198 0.21 0.8213213213213213 0.212 0.8183183183183184 0.216 0.8198198198198198 0.224 0.8183183183183184 0.228 0.8198198198198198 0.224 0.8243243243243243 0.226 0.8258258258258259 0.232 0.8228228228228228 0.232 0.8198198198198198 0.24 0.8153153153153153 0.24 0.8123123123123123 0.244 0.8123123123123123 0.248 0.8093093093093093 0.246 0.8063063063063063 0.252 0.8048048048048048 0.252 0.7852852852852853 0.254 0.7822822822822822 0.262 0.7732732732732732 0.266 0.7732732732732732 0.266 0.7792792792792793 0.27 0.7807807807807807 0.272 0.7792792792792793 0.27 0.7717717717717718 0.278 0.7642642642642643 0.282 0.7642642642642643 0.28 0.7687687687687688 0.288 0.7747747747747747 0.292 0.7732732732732732 0.292 0.7762762762762763 0.29 0.7747747747747747 0.286 0.7777777777777778 0.29 0.7822822822822822 0.298 0.7807807807807807 0.302 0.7777777777777778 0.3 0.7762762762762763 0.304 0.7657657657657657 0.31 0.7642642642642643 0.31 0.7687687687687688 0.324 0.7762762762762763 0.324 0.7822822822822822 0.332 0.7882882882882883 0.33 0.7927927927927928 0.332 0.8003003003003003 0.334 0.8018018018018018 0.338 0.7987987987987988 0.34 0.8003003003003003 0.352 0.7987987987987988 0.354 0.8018018018018018 0.352 0.8108108108108109 0.356 0.8123123123123123 0.358 0.8108108108108109 0.358 0.7822822822822822 0.362 0.7747747747747747 0.358 0.7717717717717718 0.354 0.7717717717717718 0.352 0.7777777777777778 0.35 0.7717717717717718 0.358 0.7702702702702703 0.358 0.7642642642642643 0.354 0.7612612612612613 0.352 0.7657657657657657 0.352 0.7567567567567568 0.366 0.7477477477477478
0 0.918 0.33483483483483484 0.924 0.34234234234234234 0.926 0.35585585585585583 0.94 0.3858858858858859 0.94 0.3918918918918919 0.95 0.4084084084084084 0.95 0.4144144144144144 0.946 0.4174174174174174 0.908 0.4174174174174174 0.904 0.4144144144144144 0.89 0.3708708708708709 0.882 0.35585585585585583 0.882 0.34984984984984985 0.878 0.34234234234234234 0.88 0.33483483483483484 0.886 0.3333333333333333 0.89 0.33483483483483484 0.892 0.3333333333333333 0.914 0.3333333333333333 0.916 0.33483483483483484
0 0.994 0.7732732732732732 0.998 0.7777777777777778 0.998 0.8723723723723724 0.994 0.8768768768768769 0.986 0.8618618618618619 0.982 0.8408408408408409 0.976 0.8288288288288288 0.97 0.8018018018018018 0.962 0.7822822822822822 0.966 0.7747747747747747 0.992 0.7732732732732732
0 0.938 0.15465465465465467 0.95 0.16216216216216217 0.954 0.17717717717717718 0.964 0.1891891891891892 0.964 0.19369369369369369 0.968 0.1981981981981982 0.968 0.2072072072072072 0.97 0.2087087087087087 0.962 0.2132132132132132 0.94 0.2132132132132132 0.932 0.2072072072072072 0.92 0.17717717717717718 0.916 0.17267267267267267 0.914 0.15615615615615616 0.936 0.15465465465465467
0 0.008 0.03153153153153153 0.014 0.03453453453453453 0.018 0.03303303303303303 0.036 0.036036036036036036 0.018 0.07357357357357357 0.012 0.07657657657657657 0 0.07507507507507508 0 0.04504504504504504 0.004 0.03303303303303303 0.006 0.03303303303303303
0 0.004 0.963963963963964 0 0.9594594594594594 0 0.8258258258258259 0.006 0.8108108108108109 0.01 0.7897897897897898 0.02 0.7852852852852853 0.07 0.7852852852852853 0.07 0.8003003003003003 0.066 0.8093093093093093 0.064 0.8243243243243243 0.06 0.8303303303303303 0.06 0.8393393393393394 0.05 0.8783783783783784 0.044 0.8903903903903904 0.042 0.9129129129129129 0.032 0.93993993993994 0.028 0.960960960960961 0.024 0.963963963963964 0.006 0.963963963963964
0 0.042 0.44594594594594594 0.048 0.4444444444444444 0.076 0.44594594594594594 0.082 0.44744744744744747 0.086 0.45345345345345345 0.084 0.46996996996997 0.074 0.493993993993994 0.074 0.5045045045045045 0.064 0.527027027027027 0.062 0.5435435435435435 0.056 0.5525525525525525 0.056 0.5570570570570571 0.05 0.56006006006006 0.012 0.56006006006006 0.004 0.5570570570570571 0.002 0.5495495495495496 0.008 0.536036036036036 0.012 0.5165165165165165 0.02 0.506006006006006 0.022 0.4864864864864865 0.028 0.481981981981982 0.03 0.47147147147147145 0.042 0.44744744744744747
0 0.956 0.23423423423423423 0.964 0.23273273273273273 0.984 0.23423423423423423 0.99 0.23873873873873874 0.998 0.25225225225225223 0.998 0.26126126126126126 0.992 0.2747747747747748 0.992 0.2852852852852853 0.998 0.3003003003003003 0.994 0.3048048048048048 0.988 0.3048048048048048 0.98 0.2972972972972973 0.978 0.2897897897897898 0.972 0.28378378378378377 0.97 0.27627627627627627 0.96 0.26126126126126126 0.958 0.25225225225225223 0.954 0.24774774774774774 0.954 0.23723723723723725 0.956 0.23573573573573572
0 0.396 0.15915915915915915 0.43 0.16066066066066065 0.434 0.17867867867867868 0.432 0.18018018018018017 0.434 0.1831831831831832 0.434 0.19369369369369369 0.432 0.19519519519519518 0.434 0.2012012012012012 0.43 0.21771771771771772 0.394 0.21771771771771772 0.39 0.21621621621621623 0.392 0.16966966966966968 0.396 0.16066066066066065
0 0.417 0.11561561561561562 0.042 0.05405405405405406
0 0.706 0.15765765765765766 0.71 0.15615615615615616 0.732 0.15615615615615616 0.742 0.16066066066066065 0.748 0.17867867867867868 0.748 0.18618618618618618 0.756 0.2057057057057057 0.756 0.2132132132132132 0.742 0.2132132132132132 0.74 0.2147147147147147 0.716 0.2132132132132132 0.708 0.1891891891891892 0.708 0.17867867867867868 0.704 0.16666666666666666 0.706 0.15915915915915915
0 0.05 0.09309309309309309 0.052 0.09759759759759759 0.036 0.13213213213213212 0.036 0.13663663663663664 0.032 0.14114114114114115 0.02 0.14114114114114115 0.018 0.14264264264264265 0.004 0.14264264264264265 0 0.13813813813813813 0 0.12462462462462462 0.004 0.12012012012012012 0.006 0.10810810810810811 0.012 0.0990990990990991 0.022 0.09309309309309309 0.048 0.09309309309309309
0 0.352 0.2755255255255255 0.052 0.07357357357357357
0 0.722 0.4444444444444444 0.73 0.44894894894894893 0.736 0.44744744744744747 0.752 0.44894894894894893 0.754 0.44744744744744747 0.758 0.45045045045045046 0.762 0.45045045045045046 0.764 0.45345345345345345 0.766 0.46546546546546547 0.774 0.484984984984985 0.776 0.506006006006006 0.788 0.5435435435435435 0.788 0.5525525525525525 0.778 0.5555555555555556 0.744 0.5555555555555556 0.742 0.5570570570570571 0.736 0.5555555555555556 0.734 0.5525525525525525 0.72 0.49099099099099097 0.718 0.466966966966967 0.716 0.46546546546546547 0.716 0.44744744744744747 0.72 0.44594594594594594
0 0.64 0.9804804804804805 0.646 0.984984984984985 0.668 0.984984984984985 0.676 0.9834834834834835 0.68 0.9804804804804805 0.684 0.9804804804804805 0.68 0.9834834834834835 0.682 0.984984984984985 0.692 0.984984984984985 0.696 0.9804804804804805 0.7 0.9834834834834835 0.712 0.984984984984985 0.716 0.9924924924924925 0.716 0.9984984984984985 0.64 0.9984984984984985 0.636 0.993993993993994 0.64 0.9819819819819819
0 0.036 0.23723723723723725 0.034 0.2552552552552553 0.022 0.2777777777777778 0.018 0.2957957957957958 0.012 0.3063063063063063 0.006 0.3108108108108108 0 0.30930930930930933 0 0.23873873873873874 0.034 0.23873873873873874
0 0.28 0.33633633633633636 0.282 0.33783783783783783 0.304 0.33783783783783783 0.308 0.34234234234234234 0.3 0.4099099099099099 0.296 0.4159159159159159 0.296 0.4219219219219219 0.258 0.4219219219219219 0.248 0.4189189189189189 0.26 0.3408408408408408 0.264 0.33633633633633636 0.278 0.33633633633633636
0 0.58 0.15765765765765766 0.588 0.16366366366366367 0.588 0.17417417417417416 0.592 0.1831831831831832 0.592 0.1966966966966967 0.594 0.1981981981981982 0.594 0.2147147147147147 0.592 0.21621621621621623 0.566 0.21771771771771772 0.556 0.21621621621621623 0.552 0.2132132132132132 0.552 0.18618618618618618 0.548 0.17267267267267267 0.55 0.16066066066066065 0.558 0.15765765765765766 0.576 0.15765765765765766 0.578 0.15915915915915915
0 0.154 0.33633633633633636 0.156 0.33783783783783783 0.176 0.33783783783783783 0.178 0.33633633633633636 0.182 0.33933933933933935 0.182 0.35735735735735735 0.178 0.3663663663663664 0.17 0.4099099099099099 0.166 0.42042042042042044 0.154 0.42342342342342343 0.13 0.42342342342342343 0.116 0.42042042042042044 0.116 0.4084084084084084 0.12 0.4009009009009009 0.12 0.3933933933933934 0.126 0.3858858858858859 0.126 0.3768768768768769 0.13 0.36936936936936937 0.136 0.34384384384384387 0.142 0.33633633633633636 0.152 0.33633633633633636
0 0.702 0.08708708708708708 0.714 0.08858858858858859 0.72 0.0915915915915916 0.722 0.1021021021021021 0.728 0.11261261261261261 0.732 0.13513513513513514 0.718 0.13813813813813813 0.696 0.13663663663663664 0.692 0.12762762762762764 0.686 0.1006006006006006 0.686 0.09009009009009009 0.7 0.08708708708708708
0 0 0.5780780780780781 0.004 0.5795795795795796 0.016 0.5780780780780781 0.028 0.5855855855855856 0.042 0.5885885885885885 0.042 0.6036036036036037 0.034 0.6336336336336337 0.03 0.6396396396396397 0.026 0.6636636636636637 0.022 0.6681681681681682 0.02 0.6801801801801802 0.016 0.6861861861861862 0.014 0.7012012012012012 0.004 0.7312312312312312 0 0.7312312312312312 0 0.6456456456456456 0.004 0.6426426426426426 0.004 0.6366366366366366 0 0.6336336336336337 0 0.5795795795795796
0 0.404 0.33633633633633636 0.406 0.33783783783783783 0.428 0.33783783783783783 0.432 0.34534534534534533 0.432 0.36186186186186187 0.43 0.3633633633633634 0.432 0.37237237237237236 0.43 0.3783783783783784 0.432 0.37987987987987987 0.43 0.3813813813813814 0.43 0.4174174174174174 0.428 0.42042042042042044 0.426 0.4219219219219219 0.382 0.4219219219219219 0.378 0.4174174174174174 0.382 0.3408408408408408 0.386 0.33633633633633636 0.402 0.33783783783783783
0 0.432 0.03003003003003003 0.436 0.036036036036036036 0.436 0.06906906906906907 0.432 0.07357357357357357 0.424 0.07507507507507508 0.422 0.07357357357357357 0.42 0.07507507507507508 0.4 0.07357357357357357 0.4 0.04354354354354354 0.406 0.03153153153153153 0.43 0.03003003003003003
0 0.808 0.7777777777777778 0.81 0.7792792792792793 0.818 0.7777777777777778 0.836 0.7777777777777778 0.838 0.7792792792792793 0.84 0.7777777777777778 0.848 0.7792792792792793 0.852 0.7822822822822822 0.858 0.8108108108108109 0.866 0.8303303303303303 0.866 0.8408408408408409 0.87 0.8468468468468469 0.872 0.8663663663663663 0.876 0.8723723723723724 0.884 0.9009009009009009 0.884 0.9114114114114115 0.89 0.9234234234234234 0.892 0.9384384384384384 0.896 0.9459459459459459 0.896 0.954954954954955 0.89 0.9594594594594594 0.832 0.9594594594594594 0.826 0.9534534534534534 0.818 0.9174174174174174 0.81 0.8993993993993994 0.81 0.8918918918918919 0.806 0.8828828828828829 0.806 0.8693693693693694 0.802 0.8618618618618619 0.79 0.8063063063063063 0.79 0.7807807807807807 0.796 0.7777777777777778 0.806 0.7777777777777778
0 0.24 0.581081081081081 0.254 0.5930930930930931 0.264 0.5930930930930931 0.272 0.5960960960960962 0.274 0.6096096096096096 0.27 0.6231231231231231 0.268 0.6651651651651652 0.266 0.6666666666666666 0.264 0.6921921921921922 0.258 0.7147147147147147 0.258 0.7267267267267268 0.25 0.7327327327327328 0.232 0.7327327327327328 0.23 0.7342342342342343 0.198 0.7342342342342343 0.192 0.7297297297297297 0.192 0.7072072072072072 0.204 0.6576576576576577 0.206 0.6381381381381381 0.214 0.6141141141141141 0.216 0.5945945945945946 0.22 0.5915915915915916 0.22 0.5840840840840841 0.224 0.581081081081081 0.238 0.581081081081081
0 0.546 0.025525525525525526 0.548 0.02702702702702703 0.552 0.025525525525525526 0.562 0.02702702702702703 0.568 0.03153153153153153 0.568 0.042042042042042045 0.572 0.04954954954954955 0.572 0.06456456456456457 0.574 0.06606606606606606 0.572 0.07357357357357357 0.55 0.07507507507507508 0.542 0.07357357357357357 0.538 0.07057057057057058 0.536 0.03453453453453453 0.544 0.02702702702702703
0 0.986 0.15165165165165165 0.994 0.15465465465465467 0.998 0.16216216216216217 0.998 0.2087087087087087 0.994 0.21171171171171171 0.988 0.2087087087087087 0.986 0.20270270270270271 0.98 0.1966966966966967 0.98 0.1891891891891892 0.976 0.18018018018018017 0.964 0.16066066066066065 0.966 0.15315315315315314 0.984 0.15315315315315314
0 0.408 0.5930930930930931 0.424 0.5960960960960962 0.426 0.5990990990990991 0.428 0.6636636636636637 0.426 0.6651651651651652 0.426 0.6861861861861862 0.424 0.6876876876876877 0.424 0.7267267267267268 0.42 0.7297297297297297 0.412 0.7312312312312312 0.382 0.7312312312312312 0.38 0.7327327327327328 0.364 0.7327327327327328 0.358 0.7297297297297297 0.358 0.6936936936936937 0.36 0.6921921921921922 0.36 0.6681681681681682 0.364 0.6531531531531531 0.366 0.6066066066066066 0.368 0.6051051051051051 0.368 0.5960960960960962 0.372 0.5930930930930931 0.378 0.5915915915915916 0.382 0.5930930930930931 0.406 0.5930930930930931
0 0.15 0.15765765765765766 0.174 0.16066066066066065 0.172 0.17567567567567569 0.168 0.1816816816816817 0.168 0.1906906906906907 0.162 0.20270270270270271 0.162 0.21171171171171171 0.158 0.21771771771771772 0.156 0.21921921921921922 0.148 0.21771771771771772 0.128 0.21921921921921922 0.118 0.2147147147147147 0.118 0.2072072072072072 0.128 0.1906906906906907 0.132 0.16966966966966968 0.14 0.15915915915915915 0.148 0.15915915915915915
0 0.388 0.45045045045045046 0.39 0.4519519519519519 0.392 0.45045045045045046 0.402 0.4519519519519519 0.416 0.45045045045045046 0.422 0.45345345345345345 0.424 0.4519519519519519 0.428 0.45495495495495497 0.43 0.4924924924924925 0.428 0.493993993993994 0.426 0.5555555555555556 0.404 0.5585585585585585 0.4 0.5570570570570571 0.376 0.5585585585585585 0.37 0.5540540540540541 0.376 0.45495495495495497 0.38 0.45045045045045046 0.386 0.45045045045045046
0 0.512 0.23873873873873874 0.514 0.24024024024024024 0.538 0.23873873873873874 0.544 0.24474474474474475 0.546 0.28378378378378377 0.55 0.30180180180180183 0.55 0.3063063063063063 0.546 0.3108108108108108 0.522 0.3108108108108108 0.504 0.3078078078078078 0.5 0.24324324324324326 0.504 0.23873873873873874 0.51 0.23873873873873874
0 0.384 0.2927927927927928 0.386 0.2912912912912913 0.386 0.26126126126126126 0.388 0.25975975975975973 0.39 0.24174174174174173 0.394 0.23873873873873874 0.428 0.23873873873873874 0.432 0.24324324324324326 0.432 0.29429429429429427 0.434 0.2957957957957958 0.432 0.3078078078078078 0.428 0.3108108108108108 0.412 0.3108108108108108 0.41 0.3123123123123123 0.408 0.3108108108108108 0.388 0.3108108108108108 0.386 0.30930930930930933 0.386 0.29429429429429427
0 0.242 0.23873873873873874 0.262 0.24174174174174173 0.262 0.2552552552552553 0.256 0.2777777777777778 0.254 0.30180180180180183 0.25 0.30930930930930933 0.246 0.3108108108108108 0.21 0.3108108108108108 0.206 0.3063063063063063 0.21 0.2852852852852853 0.216 0.2702702702702703 0.218 0.25075075075075076 0.222 0.24174174174174173 0.226 0.23873873873873874 0.24 0.23873873873873874
0 0.344 0.16066066066066065 0.348 0.15915915915915915 0.378 0.15915915915915915 0.382 0.16066066066066065 0.38 0.2012012012012012 0.378 0.20270270270270271 0.378 0.2147147147147147 0.374 0.21771771771771772 0.338 0.21771771771771772 0.336 0.21621621621621623 0.34 0.16966966966966968 0.344 0.16216216216216217
0 0.598 0.581081081081081 0.6 0.5870870870870871 0.604 0.5900900900900901 0.608 0.5855855855855856 0.612 0.5855855855855856 0.616 0.5870870870870871 0.618 0.5930930930930931 0.63 0.5915915915915916 0.628 0.581081081081081 0.63 0.5825825825825826 0.636 0.581081081081081 0.646 0.5825825825825826 0.646 0.5855855855855856 0.64 0.5885885885885885 0.64 0.5915915915915916 0.65 0.5960960960960962 0.654 0.6096096096096096 0.654 0.6201201201201201 0.66 0.6351351351351351 0.67 0.7267267267267268 0.652 0.7312312312312312 0.612 0.7312312312312312 0.606 0.7267267267267268 0.6 0.6681681681681682 0.594 0.6426426426426426 0.596 0.6396396396396397 0.594 0.6321321321321322 0.596 0.5825825825825826
0 0.546 0.7747747747747747 0.576 0.7792792792792793 0.582 0.7777777777777778 0.592 0.7807807807807807 0.596 0.8138138138138138 0.598 0.8153153153153153 0.604 0.8873873873873874 0.606 0.8888888888888888 0.606 0.9219219219219219 0.608 0.9234234234234234 0.608 0.93993993993994 0.61 0.9414414414414415 0.608 0.9594594594594594 0.598 0.960960960960961 0.582 0.960960960960961 0.58 0.9594594594594594 0.542 0.960960960960961 0.536 0.9564564564564565 0.534 0.924924924924925 0.532 0.9234234234234234 0.532 0.8678678678678678 0.53 0.8663663663663663 0.532 0.8618618618618619 0.53 0.8603603603603603 0.53 0.8438438438438438 0.528 0.8423423423423423 0.528 0.7822822822822822 0.532 0.7777777777777778 0.544 0.7762762762762763
0 0.162 0.03153153153153153 0.168 0.03303303303303303 0.168 0.04354354354354354 0.16 0.057057057057057055 0.156 0.07207207207207207 0.15 0.07657657657657657 0.122 0.07507507507507508 0.12 0.06906906906906907 0.124 0.06456456456456457 0.124 0.05855855855855856 0.132 0.04504504504504504 0.134 0.036036036036036036 0.142 0.03153153153153153 0.16 0.03153153153153153
0 0.83 0.15465465465465467 0.838 0.15615615615615616 0.844 0.16066066066066065 0.854 0.17717717717717718 0.858 0.1966966966966967 0.864 0.2057057057057057 0.864 0.21021021021021022 0.86 0.2132132132132132 0.828 0.2132132132132132 0.826 0.21171171171171171 0.82 0.1996996996996997 0.82 0.1921921921921922 0.812 0.17717717717717718 0.808 0.15765765765765766 0.814 0.15465465465465467 0.828 0.15465465465465467
0 0.974 0.3303303303303303 0.978 0.3333333333333333 0.99 0.35435435435435436 0.998 0.3783783783783784 0.998 0.4144144144144144 0.986 0.4174174174174174 0.976 0.4174174174174174 0.972 0.4144144144144144 0.956 0.37537537537537535 0.952 0.37237237237237236 0.942 0.34234234234234234 0.944 0.3333333333333333 0.954 0.3303303303303303 0.972 0.3303303303303303
0 0.122 0.15915915915915915 0.122 0.16966966966966968 0.118 0.17567567567567569 0.116 0.1921921921921922 0.104 0.21621621621621623 0.094 0.21921921921921922 0.092 0.21771771771771772 0.09 0.21921921921921922 0.066 0.21771771771771772 0.062 0.21171171171171171 0.064 0.20270270270270271 0.076 0.1891891891891892 0.082 0.16816816816816818 0.086 0.16216216216216217 0.09 0.15915915915915915 0.11 0.15915915915915915 0.112 0.15765765765765766 0.12 0.15915915915915915
0 0.332 0.7807807807807807 0.334 0.7837837837837838 0.334 0.8213213213213213 0.332 0.8228228228228228 0.33 0.8708708708708709 0.328 0.8723723723723724 0.328 0.8918918918918919 0.326 0.8933933933933934 0.326 0.9114114114114115 0.324 0.9129129129129129 0.324 0.9504504504504504 0.32 0.9594594594594594 0.314 0.9624624624624625 0.31 0.960960960960961 0.302 0.9624624624624625 0.28 0.9624624624624625 0.278 0.960960960960961 0.274 0.9624624624624625 0.25 0.9624624624624625 0.246 0.9594594594594594 0.248 0.9009009009009009 0.25 0.8993993993993994 0.256 0.8543543543543544 0.262 0.8318318318318318 0.262 0.8213213213213213 0.26 0.8198198198198198 0.262 0.8183183183183184 0.266 0.7852852852852853 0.27 0.7822822822822822 0.292 0.7822822822822822 0.294 0.7807807807807807 0.326 0.7822822822822822 0.33 0.7807807807807807
0 0.938 0.5795795795795796 0.94 0.581081081081081 0.938 0.5840840840840841 0.954 0.5945945945945946 0.954 0.5990990990990991 0.966 0.6246246246246246 0.968 0.6366366366366366 0.978 0.6531531531531531 0.978 0.6606606606606606 0.982 0.6636636636636637 0.982 0.6741741741741741 0.994 0.6951951951951952 0.994 0.7057057057057057 0.998 0.7117117117117117 0.996 0.7267267267267268 0.992 0.7297297297297297 0.984 0.7312312312312312 0.982 0.7297297297297297 0.956 0.7312312312312312 0.946 0.7297297297297297 0.94 0.7237237237237237 0.928 0.6816816816816816 0.916 0.6591591591591591 0.914 0.6426426426426426 0.91 0.6366366366366366 0.908 0.6201201201201201 0.902 0.6066066066066066 0.904 0.581081081081081 0.912 0.5870870870870871 0.918 0.5840840840840841 0.92 0.5885885885885885 0.934 0.5870870870870871 0.938 0.5840840840840841 0.934 0.581081081081081 0.936 0.581081081081081
0 0.036 0.16216216216216217 0.04 0.16066066066066065 0.07 0.16066066066066065 0.072 0.16366366366366367 0.056 0.20270270270270271 0.05 0.21171171171171171 0.05 0.21621621621621623 0.046 0.22072072072072071 0.018 0.22072072072072071 0.008 0.21921921921921922 0.006 0.21621621621621623 0.006 0.2087087087087087 0.012 0.20270270270270271 0.012 0.1981981981981982 0.018 0.19369369369369369 0.022 0.18018018018018017 0.036 0.16366366366366367
0 0.294 0.27627627627627627 0.056 0.07507507507507508
0 0.746 0.7777777777777778 0.748 0.7792792792792793 0.76 0.7792792792792793 0.766 0.7852852852852853 0.768 0.7987987987987988 0.772 0.8063063063063063 0.774 0.8273273273273273 0.778 0.8348348348348348 0.78 0.8543543543543544 0.786 0.8723723723723724 0.788 0.8948948948948949 0.798 0.9294294294294294 0.8 0.954954954954955 0.794 0.9579579579579579 0.782 0.9579579579579579 0.78 0.9594594594594594 0.772 0.9594594594594594 0.768 0.9564564564564565 0.764 0.9564564564564565 0.76 0.9594594594594594 0.756 0.9594594594594594 0.752 0.9564564564564565 0.736 0.9594594594594594 0.73 0.954954954954955 0.726 0.9459459459459459 0.726 0.9354354354354354 0.714 0.8813813813813813 0.712 0.8543543543543544 0.708 0.8453453453453453 0.708 0.8273273273273273 0.704 0.8108108108108109 0.704 0.7807807807807807 0.71 0.7777777777777778 0.722 0.7792792792792793 0.744 0.7777777777777778
0 0.35 0.33633633633633636 0.352 0.33783783783783783 0.364 0.33633633633633636 0.37 0.34234234234234234 0.37 0.3633633633633634 0.366 0.37537537537537535 0.368 0.3768768768768769 0.366 0.3813813813813814 0.368 0.38738738738738737 0.366 0.4099099099099099 0.36 0.4219219219219219 0.318 0.4219219219219219 0.314 0.4189189189189189 0.314 0.4024024024024024 0.316 0.4009009009009009 0.316 0.3858858858858859 0.32 0.3708708708708709 0.322 0.3408408408408408 0.326 0.33633633633633636 0.348 0.33633633633633636
0 0.072 0.6606606606606606 0.096 0.15615615615615616
0 0.482 0.16066066066066065 0.486 0.16816816816816818 0.486 0.1831831831831832 0.488 0.18468468468468469 0.488 0.2132132132132132 0.484 0.21621621621621623 0.462 0.21621621621621623 0.46 0.21771771771771772 0.45 0.21771771771771772 0.444 0.2147147147147147 0.444 0.16516516516516516 0.448 0.15915915915915915 0.478 0.15915915915915915 0.48 0.16066066066066065
0 0.788 0.44144144144144143 0.798 0.44294294294294295 0.822 0.44144144144144143 0.828 0.44594594594594594 0.84 0.4744744744744745 0.842 0.4894894894894895 0.854 0.5195195195195195 0.856 0.536036036036036 0.862 0.5480480480480481 0.862 0.5525525525525525 0.856 0.5555555555555556 0.836 0.5555555555555556 0.834 0.5570570570570571 0.832 0.5555555555555556 0.812 0.5555555555555556 0.808 0.5525525525525525 0.804 0.545045045045045 0.802 0.53003003003003 0.798 0.524024024024024 0.796 0.506006006006006 0.792 0.4984984984984985 0.784 0.46396396396396394 0.784 0.44744744744744747 0.788 0.44294294294294295
0 0.122 0.09009009009009009 0.13 0.09309309309309309 0.146 0.0915915915915916 0.146 0.1036036036036036 0.134 0.13813813813813813 0.13 0.14114114114114115 0.1 0.14114114114114115 0.094 0.13663663663663664 0.11 0.10510510510510511 0.11 0.0990990990990991 0.116 0.0915915915915916 0.12 0.09009009009009009
0 0.548 0.33483483483483484 0.554 0.34984984984984985 0.556 0.39039039039039036 0.56 0.4069069069069069 0.558 0.4174174174174174 0.544 0.4219219219219219 0.538 0.42042042042042044 0.514 0.4219219219219219 0.508 0.4174174174174174 0.506 0.33783783783783783 0.508 0.33633633633633636 0.514 0.33783783783783783 0.516 0.33633633633633636 0.546 0.33633633633633636
0 0.682 0.44294294294294295 0.692 0.44594594594594594 0.696 0.4519519519519519 0.718 0.551051051051051 0.714 0.5555555555555556 0.702 0.5570570570570571 0.666 0.5570570570570571 0.66 0.551051051051051 0.656 0.515015015015015 0.652 0.503003003003003 0.65 0.46996996996997 0.646 0.45495495495495497 0.65 0.4444444444444444 0.662 0.44594594594594594 0.68 0.44294294294294295
0 0.858 0.1111111111111111 0.056 0.05405405405405406
0 0.48 0.15915915915915915 0.484 0.16216216216216217 0.486 0.16816816816816818 0.488 0.2132132132132132 0.484 0.21621621621621623 0.462 0.21621621621621623 0.46 0.21771771771771772 0.444 0.21621621621621623 0.444 0.2072072072072072 0.442 0.2057057057057057 0.444 0.2042042042042042 0.444 0.16366366366366367 0.448 0.15915915915915915 0.478 0.15915915915915915
0 0.73 0.33483483483483484 0.734 0.33783783783783783 0.74 0.35285285285285284 0.744 0.36936936936936937 0.744 0.3813813813813814 0.754 0.4084084084084084 0.754 0.4144144144144144 0.75 0.4189189189189189 0.728 0.4189189189189189 0.726 0.42042042042042044 0.724 0.4189189189189189 0.708 0.4189189189189189 0.704 0.41291291291291293 0.698 0.3963963963963964 0.7 0.3888888888888889 0.692 0.36186186186186187 0.69 0.33783783783783783 0.698 0.33483483483483484 0.728 0.33483483483483484
0 0 0.43843843843843844 0.004 0.44144144144144143 0.014 0.43843843843843844 0.022 0.43993993993993996 0.018 0.45045045045045046 0.016 0.46846846846846846 0.008 0.484984984984985 0.006 0.4954954954954955 0 0.503003003003003 0 0.43993993993993996
0 0.338 0.08858858858858859 0.336 0.13213213213213212 0.33 0.14114114114114115 0.298 0.13963963963963963 0.296 0.13063063063063063 0.298 0.12912912912912913 0.3 0.1036036036036036 0.306 0.09009009009009009 0.328 0.08708708708708708 0.336 0.08858858858858859
0 0.83 0.5870870870870871 0.834 0.5900900900900901 0.836 0.5885885885885885 0.854 0.5900900900900901 0.858 0.5870870870870871 0.856 0.581081081081081 0.86 0.5795795795795796 0.87 0.5840840840840841 0.87 0.5870870870870871 0.878 0.5960960960960962 0.886 0.6261261261261262 0.892 0.6366366366366366 0.898 0.6606606606606606 0.906 0.6786786786786787 0.912 0.7102102102102102 0.918 0.7207207207207207 0.918 0.7267267267267268 0.91 0.7297297297297297 0.866 0.7297297297297297 0.86 0.7282282282282282 0.856 0.7222222222222222 0.854 0.7102102102102102 0.848 0.6981981981981982 0.846 0.6831831831831832 0.836 0.6606606606606606 0.832 0.6306306306306306 0.826 0.6141141141141141 0.824 0.5930930930930931 0.828 0.5885885885885885
0 0.686 0.15615615615615616 0.69 0.16066066066066065 0.704 0.2072072072072072 0.7 0.2147147147147147 0.696 0.21621621621621623 0.678 0.21621621621621623 0.676 0.2147147147147147 0.668 0.21621621621621623 0.662 0.2132132132132132 0.66 0.2072072072072072 0.66 0.1966966966966967 0.654 0.17417417417417416 0.654 0.15765765765765766 0.658 0.15615615615615616 0.684 0.15615615615615616
0 0.484 0.44294294294294295 0.49 0.4444444444444444 0.49 0.44894894894894893 0.496 0.45645645645645644 0.496 0.46546546546546547 0.498 0.466966966966967 0.498 0.509009009009009 0.5 0.5105105105105106 0.5 0.5225225225225225 0.498 0.524024024024024 0.5 0.551051051051051 0.498 0.5555555555555556 0.478 0.5585585585585585 0.466 0.5570570570570571 0.462 0.5585585585585585 0.442 0.5555555555555556 0.442 0.46096096096096095 0.446 0.44594594594594594 0.46 0.44894894894894893 0.466 0.44594594594594594 0.476 0.44744744744744747 0.482 0.4444444444444444
0 0.06 0.03303303303303303 0.078 0.036036036036036036 0.078 0.04354354354354354 0.07 0.05555555555555555 0.064 0.07207207207207207 0.06 0.07507507507507508 0.032 0.07507507507507508 0.03 0.07357357357357357 0.032 0.06156156156156156 0.042 0.05105105105105105 0.048 0.036036036036036036 0.052 0.03303303303303303 0.058 0.03453453453453453
0 0.118 0.33783783783783783 0.12 0.33933933933933935 0.12 0.3483483483483483 0.116 0.35735735735735735 0.116 0.3663663663663664 0.108 0.3843843843843844 0.104 0.4069069069069069 0.098 0.42042042042042044 0.092 0.42342342342342343 0.052 0.4219219219219219 0.05 0.42042042042042044 0.05 0.4024024024024024 0.064 0.3768768768768769 0.064 0.36036036036036034 0.076 0.3408408408408408 0.084 0.33633633633633636 0.116 0.33783783783783783
0 0.272 0.028528528528528527 0.286 0.03153153153153153 0.288 0.03003003003003003 0.292 0.03153153153153153 0.3 0.03003003003003003 0.302 0.03453453453453453 0.294 0.07357357357357357 0.29 0.07507507507507508 0.262 0.07507507507507508 0.258 0.07057057057057058 0.262 0.06306306306306306 0.266 0.042042042042042045 0.272 0.03003003003003003
0 0.112 0.44294294294294295 0.114 0.4444444444444444 0.126 0.44294294294294295 0.13 0.44594594594594594 0.144 0.4444444444444444 0.156 0.4519519519519519 0.156 0.4624624624624625 0.146 0.4954954954954955 0.144 0.515015015015015 0.132 0.5540540540540541 0.126 0.56006006006006 0.084 0.56006006006006 0.076 0.5570570570570571 0.082 0.524024024024024 0.088 0.512012012012012 0.092 0.493993993993994 0.098 0.484984984984985 0.104 0.45795795795795796 0.112 0.44894894894894893 0.112 0.4444444444444444
0 0.248 0.4444444444444444 0.264 0.4444444444444444 0.266 0.44594594594594594 0.284 0.4444444444444444 0.292 0.44894894894894893 0.294 0.45645645645645644 0.292 0.4744744744744745 0.29 0.47597597597597596 0.29 0.4984984984984985 0.286 0.509009009009009 0.28 0.5555555555555556 0.278 0.5585585585585585 0.246 0.5585585585585585 0.244 0.56006006006006 0.226 0.5585585585585585 0.224 0.5570570570570571 0.224 0.5465465465465466 0.23 0.524024024024024 0.234 0.487987987987988 0.24 0.46096096096096095 0.248 0.44594594594594594
0 0 0.4219219219219219 0 0.36786786786786785 0.004 0.3633633633633634 0.004 0.35435435435435436 0.008 0.34384384384384387 0.02 0.33633633633633636 0.028 0.33783783783783783 0.03 0.33633633633633636 0.056 0.33633633633633636 0.058 0.33783783783783783 0.058 0.35135135135135137 0.03 0.42042042042042044 0.016 0.42342342342342343 0.004 0.42342342342342343 0.002 0.4219219219219219
0 0.242 0.15915915915915915 0.274 0.15915915915915915 0.276 0.16066066066066065 0.276 0.1816816816816817 0.272 0.19369369369369369 0.272 0.2042042042042042 0.27 0.2132132132132132 0.264 0.21771771771771772 0.232 0.21771771771771772 0.228 0.21621621621621623 0.232 0.18468468468468469 0.238 0.16516516516516516 0.242 0.16066066066066065
0 0.334 0.44294294294294295 0.338 0.44594594594594594 0.354 0.44744744744744747 0.36 0.45345345345345345 0.36 0.484984984984985 0.358 0.4864864864864865 0.358 0.5045045045045045 0.356 0.506006006006006 0.356 0.5465465465465466 0.352 0.5570570570570571 0.342 0.5585585585585585 0.304 0.5585585585585585 0.298 0.5570570570570571 0.302 0.5 0.304 0.4984984984984985 0.31 0.45045045045045046 0.316 0.44294294294294295 0.324 0.4444444444444444 0.332 0.44294294294294295
0 0.864 0.44144144144144143 0.868 0.4444444444444444 0.872 0.44294294294294295 0.878 0.44744744744744747 0.886 0.44594594594594594 0.896 0.44744744744744747 0.902 0.45495495495495497 0.902 0.4594594594594595 0.91 0.47297297297297297 0.91 0.47897897897897895 0.914 0.48348348348348347 0.916 0.4984984984984985 0.922 0.509009009009009 0.926 0.5285285285285285 0.934 0.5420420420420421 0.934 0.551051051051051 0.926 0.5555555555555556 0.892 0.5555555555555556 0.886 0.5525525525525525 0.882 0.5465465465465466 0.862 0.4924924924924925 0.858 0.46996996996997 0.854 0.46396396396396394 0.854 0.45495495495495497 0.852 0.45345345345345345 0.854 0.44294294294294295 0.862 0.44144144144144143
0 0.744 0.3063063063063063 0.736 0.2897897897897898 0.732 0.26126126126126126 0.726 0.24774774774774774 0.726 0.24024024024024024 0.73 0.23723723723723725 0.734 0.23873873873873874 0.736 0.23723723723723725 0.762 0.23723723723723725 0.766 0.24024024024024024 0.772 0.25225225225225223 0.774 0.26876876876876876 0.786 0.2987987987987988 0.786 0.3033033033033033 0.782 0.3063063063063063 0.77 0.3078078078078078 0.748 0.3078078078078078 0.746 0.3063063063063063
0 0.188 0.03153153153153153 0.208 0.03453453453453453 0.212 0.03903903903903904 0.2 0.07507507507507508 0.198 0.07657657657657657 0.186 0.07657657657657657 0.168 0.07357357357357357 0.176 0.04354354354354354 0.18 0.036036036036036036 0.186 0.03303303303303303
0 0.91 0.7777777777777778 0.912 0.7792792792792793 0.934 0.7792792792792793 0.94 0.7867867867867868 0.95 0.8243243243243243 0.954 0.8303303303303303 0.954 0.8363363363363363 0.958 0.8423423423423423 0.964 0.8663663663663663 0.974 0.8903903903903904 0.974 0.8993993993993994 0.982 0.9174174174174174 0.982 0.924924924924925 0.992 0.9474474474474475 0.992 0.9534534534534534 0.97 0.9579579579579579 0.932 0.9579579579579579 0.928 0.9564564564564565 0.924 0.9504504504504504 0.916 0.9309309309309309 0.916 0.924924924924925 0.91 0.9174174174174174 0.908 0.9024024024024024 0.892 0.8528528528528528 0.888 0.8258258258258259 0.878 0.7972972972972973 0.878 0.7807807807807807 0.882 0.7777777777777778 0.908 0.7792792792792793
0 0.32 0.581081081081081 0.326 0.5840840840840841 0.324 0.5870870870870871 0.326 0.5885885885885885 0.338 0.5825825825825826 0.344 0.5840840840840841 0.344 0.5870870870870871 0.348 0.5885885885885885 0.348 0.5990990990990991 0.35 0.6006006006006006 0.35 0.6231231231231231 0.348 0.6246246246246246 0.35 0.6321321321321322 0.348 0.6336336336336337 0.348 0.6531531531531531 0.346 0.6546546546546547 0.346 0.6756756756756757 0.342 0.6861861861861862 0.344 0.6906906906906907 0.342 0.7252252252252253 0.338 0.7312312312312312 0.324 0.7312312312312312 0.322 0.7327327327327328 0.276 0.7327327327327328 0.274 0.7312312312312312 0.274 0.7102102102102102 0.276 0.7087087087087087 0.28 0.6651651651651652 0.288 0.6336336336336337 0.292 0.5975975975975976 0.302 0.5885885885885885 0.302 0.5840840840840841 0.318 0.581081081081081
0 0.494 0.02702702702702703 0.522 0.028528528528528527 0.526 0.046546546546546545 0.526 0.06756756756756757 0.528 0.06906906906906907 0.524 0.07507507507507508 0.494 0.07357357357357357 0.492 0.07057057057057058 0.492 0.05405405405405406 0.49 0.052552552552552555 0.49 0.03153153153153153 0.494 0.028528528528528527
0 0.678 0.581081081081081 0.676 0.5825825825825826 0.678 0.5885885885885885 0.684 0.5870870870870871 0.684 0.581081081081081 0.686 0.581081081081081 0.684 0.5870870870870871 0.694 0.5915915915915916 0.702 0.5915915915915916 0.708 0.5855855855855856 0.706 0.581081081081081 0.712 0.581081081081081 0.716 0.5840840840840841 0.716 0.5900900900900901 0.72 0.5930930930930931 0.724 0.5930930930930931 0.726 0.5960960960960962 0.734 0.6381381381381381 0.74 0.6531531531531531 0.744 0.6861861861861862 0.752 0.7132132132132132 0.752 0.7267267267267268 0.746 0.7297297297297297 0.694 0.7297297297297297 0.69 0.7252252252252253 0.69 0.7192192192192193 0.686 0.7132132132132132 0.686 0.7027027027027027 0.684 0.7012012012012012 0.684 0.6906906906906907 0.682 0.6891891891891891 0.678 0.6546546546546547 0.67 0.6171171171171171 0.67 0.5870870870870871 0.672 0.5825825825825826 0.676 0.581081081081081
0 0.23 0.028528528528528527 0.234 0.03153153153153153 0.242 0.03303303303303303 0.254 0.03153153153153153 0.258 0.03753753753753754 0.25 0.07057057057057058 0.244 0.07657657657657657 0.22 0.07507507507507508 0.214 0.07207207207207207 0.216 0.057057057057057055 0.228 0.03003003003003003
0 0.78 0.025525525525525526 0.792 0.03303303303303303 0.794 0.04504504504504504 0.802 0.05555555555555555 0.806 0.06606606606606606 0.802 0.07057057057057058 0.796 0.07207207207207207 0.774 0.07057057057057058 0.764 0.05405405405405406 0.758 0.03753753753753754 0.758 0.03003003003003003 0.768 0.025525525525525526 0.778 0.025525525525525526
0 0.878 0.08558558558558559 0.9 0.08558558558558559 0.904 0.08708708708708708 0.92 0.1036036036036036 0.926 0.11561561561561562 0.926 0.12162162162162163 0.934 0.12762762762762764 0.934 0.13063063063063063 0.924 0.13513513513513514 0.912 0.13363363363363365 0.9 0.13513513513513514 0.892 0.12912912912912913 0.89 0.12012012012012012 0.878 0.0960960960960961 0.878 0.08708708708708708
0 0.506 0.15765765765765766 0.508 0.15915915915915915 0.53 0.15915915915915915 0.536 0.16216216216216217 0.536 0.17717717717717718 0.54 0.18768768768768768 0.54 0.2147147147147147 0.534 0.21771771771771772 0.526 0.21621621621621623 0.502 0.21771771771771772 0.498 0.2147147147147147 0.496 0.16216216216216217 0.498 0.15915915915915915 0.504 0.15765765765765766
0 0.456 0.23873873873873874 0.458 0.24024024024024024 0.476 0.23873873873873874 0.484 0.24024024024024024 0.488 0.24324324324324326 0.492 0.2957957957957958 0.49 0.2972972972972973 0.49 0.30930930930930933 0.484 0.3108108108108108 0.47 0.3108108108108108 0.468 0.30930930930930933 0.448 0.3108108108108108 0.444 0.3078078078078078 0.444 0.2912912912912913 0.442 0.2897897897897898 0.444 0.24624624624624625 0.446 0.24024024024024024 0.454 0.23873873873873874
0 0.068 0.23723723723723725 0.092 0.24024024024024024 0.092 0.25375375375375375 0.088 0.25975975975975973 0.088 0.2672672672672673 0.08 0.2822822822822823 0.078 0.29429429429429427 0.068 0.3108108108108108 0.028 0.3108108108108108 0.026 0.30930930930930933 0.028 0.2987987987987988 0.034 0.2912912912912913 0.036 0.2747747747747748 0.048 0.25975975975975973 0.056 0.24024024024024024 0.066 0.23723723723723725
0 0.851 0.3768768768768769 0.07 0.08708708708708708
0 0.037 0.01126126126126126 0.042 0.02252252252252252
0 0.366 0.7807807807807807 0.368 0.7822822822822822 0.416 0.7807807807807807 0.42 0.7822822822822822 0.42 0.7927927927927928 0.422 0.7942942942942943 0.422 0.8288288288288288 0.424 0.8333333333333334 0.422 0.8348348348348348 0.422 0.8543543543543544 0.42 0.8558558558558559 0.418 0.9534534534534534 0.414 0.9594594594594594 0.394 0.9624624624624625 0.39 0.960960960960961 0.348 0.9624624624624625 0.344 0.9594594594594594 0.342 0.9519519519519519 0.344 0.9024024024024024 0.346 0.9009009009009009 0.344 0.8933933933933934 0.346 0.8813813813813813 0.344 0.8798798798798799 0.346 0.8783783783783784 0.35 0.8228228228228228 0.354 0.8063063063063063 0.352 0.8048048048048048 0.354 0.7867867867867868 0.358 0.7807807807807807 0.364 0.7807807807807807
0 0.178 0.23723723723723725 0.18 0.23873873873873874 0.204 0.23873873873873874 0.206 0.24024024024024024 0.206 0.25075075075075076 0.2 0.2702702702702703 0.2 0.28378378378378377 0.196 0.2897897897897898 0.192 0.3078078078078078 0.186 0.3123123123123123 0.15 0.3108108108108108 0.146 0.3063063063063063 0.148 0.2972972972972973 0.152 0.2927927927927928 0.152 0.28378378378378377 0.158 0.2702702702702703 0.164 0.24324324324324326 0.168 0.23873873873873874 0.176 0.23723723723723725
0 0.182 0.4444444444444444 0.186 0.44894894894894893 0.198 0.44744744744744747 0.202 0.45045045045045046 0.212 0.44594594594594594 0.22 0.4444444444444444 0.224 0.44594594594594594 0.224 0.46846846846846846 0.216 0.4984984984984985 0.214 0.5195195195195195 0.21 0.5285285285285285 0.212 0.5405405405405406 0.204 0.5570570570570571 0.202 0.5585585585585585 0.174 0.5585585585585585 0.172 0.56006006006006 0.158 0.56006006006006 0.15 0.5570570570570571 0.15 0.5480480480480481 0.158 0.5255255255255256 0.16 0.5075075075075075 0.166 0.493993993993994 0.164 0.487987987987988 0.18 0.44594594594594594
0 0.446 0.581081081081081 0.446 0.5870870870870871 0.452 0.5915915915915916 0.456 0.5885885885885885 0.468 0.5915915915915916 0.472 0.581081081081081 0.476 0.581081081081081 0.478 0.5840840840840841 0.47 0.5885885885885885 0.472 0.5915915915915916 0.476 0.5930930930930931 0.488 0.5915915915915916 0.5 0.5945945945945946 0.502 0.6231231231231231 0.504 0.6246246246246246 0.504 0.6801801801801802 0.506 0.6816816816816816 0.506 0.7132132132132132 0.508 0.7147147147147147 0.508 0.7267267267267268 0.504 0.7297297297297297 0.482 0.7297297297297297 0.47 0.7327327327327328 0.466 0.7312312312312312 0.454 0.7327327327327328 0.444 0.7312312312312312 0.44 0.7282282282282282 0.44 0.6201201201201201 0.442 0.6186186186186187 0.442 0.6006006006006006 0.446 0.5825825825825826
0 0.874 0.23573573573573572 0.882 0.24324324324324326 0.884 0.25825825825825827 0.888 0.2627627627627628 0.888 0.2672672672672673 0.896 0.2777777777777778 0.9 0.2897897897897898 0.906 0.2957957957957958 0.906 0.3033033033033033 0.896 0.3063063063063063 0.864 0.3063063063063063 0.862 0.3048048048048048 0.842 0.25375375375375375 0.84 0.24774774774774774 0.84 0.23873873873873874 0.842 0.23723723723723725 0.852 0.23423423423423423 0.872 0.23573573573573572