0 0.936 0.4066666666666667 0.938 0.41333333333333333 0.922 0.45866666666666667 0.922 0.4693333333333333 0.906 0.5026666666666667 0.894 0.5066666666666667 0.88 0.5066666666666667 0.816 0.5186666666666667 0.802 0.5186666666666667 0.792 0.5213333333333333 0.746 0.5266666666666666 0.736 0.5253333333333333 0.736 0.5226666666666666 0.748 0.49466666666666664 0.748 0.48533333333333334 0.754 0.47333333333333333 0.756 0.45866666666666667 0.762 0.4533333333333333 0.768 0.432 0.772 0.428 0.808 0.42 0.866 0.41333333333333333 0.888 0.408 0.934 0.4066666666666667
0 0.384 0.8293333333333334 0.386 0.8386666666666667 0.382 0.848 0.324 0.9653333333333334 0.314 0.9706666666666667 0.294 0.9706666666666667 0.274 0.9746666666666667 0.272 0.9733333333333334 0.252 0.9746666666666667 0.246 0.9773333333333334 0.234 0.976 0.206 0.9813333333333333 0.186 0.9813333333333333 0.18 0.984 0.164 0.984 0.148 0.9866666666666667 0.138 0.984 0.138 0.9746666666666667 0.21 0.848 0.262 0.8426666666666667 0.294 0.8373333333333334 0.322 0.836 0.364 0.8293333333333334 0.382 0.8293333333333334
0 0.454 0 0.478 0 0.484 0.004 0.5 0.004 0.506 0 0.554 0 0.556 0.0026666666666666666 0.548 0.010666666666666666 0.546 0.017333333333333333 0.538 0.02266666666666667 0.53 0.02266666666666667 0.52 0.02666666666666667 0.486 0.03333333333333333 0.478 0.03333333333333333 0.458 0.03866666666666667 0.434 0.04133333333333333 0.432 0.037333333333333336 0.454 0.0013333333333333333
0 0.434 0 0.436 0.012 0.428 0.018666666666666668 0.416 0.04133333333333333 0.402 0.050666666666666665 0.312 0.06666666666666667 0.304 0.06533333333333333 0.31 0.050666666666666665 0.32 0.04133333333333333 0.34 0.014666666666666666 0.372 0.008 0.382 0.010666666666666666 0.386 0.016 0.392 0.008 0.404 0.0026666666666666666 0.414 0 0.432 0
0 0.856 0.22533333333333333 0.854 0.22 0.858 0.208 0.864 0.19866666666666666 0.866 0.18666666666666668 0.88 0.15466666666666667 0.888 0.15066666666666667 0.906 0.14933333333333335 0.934 0.14266666666666666 0.942 0.14266666666666666 0.952 0.13866666666666666 0.966 0.13866666666666666 0.992 0.13333333333333333 0.998 0.13333333333333333 0.998 0.16 0.994 0.16266666666666665 0.994 0.184 0.998 0.19066666666666668 0.996 0.20266666666666666 0.986 0.20666666666666667 0.962 0.20933333333333334 0.948 0.21333333333333335 0.936 0.21333333333333335 0.928 0.216 0.91 0.21733333333333332 0.892 0.22266666666666668 0.858 0.22533333333333333
0 0.774 0.042666666666666665 0.772 0.056 0.762 0.076 0.752 0.08933333333333333 0.748 0.10133333333333333 0.73 0.104 0.696 0.11333333333333333 0.682 0.11333333333333333 0.666 0.11733333333333333 0.656 0.11733333333333333 0.636 0.12266666666666666 0.622 0.12266666666666666 0.622 0.11466666666666667 0.63 0.09733333333333333 0.642 0.08266666666666667 0.642 0.07866666666666666 0.652 0.064 0.672 0.058666666666666666 0.696 0.056 0.744 0.04533333333333334 0.772 0.042666666666666665
0 0.692 0.252 0.692 0.244 0.698 0.23466666666666666 0.7 0.22533333333333333 0.724 0.18133333333333335 0.74 0.17733333333333334 0.75 0.17733333333333334 0.768 0.172 0.788 0.17066666666666666 0.8 0.16666666666666666 0.814 0.16666666666666666 0.822 0.164 0.83 0.164 0.838 0.16 0.848 0.16 0.856 0.15733333333333333 0.862 0.15733333333333333 0.864 0.16133333333333333 0.86 0.16666666666666666 0.85 0.19733333333333333 0.844 0.20533333333333334 0.84 0.22266666666666668 0.832 0.232 0.806 0.23733333333333334 0.786 0.23866666666666667 0.774 0.24266666666666667 0.756 0.244 0.726 0.25066666666666665 0.694 0.252
0 0.258 0.7186666666666667 0.26 0.7266666666666667 0.248 0.7426666666666667 0.22 0.7986666666666666 0.204 0.8226666666666667 0.202 0.8306666666666667 0.192 0.84 0.1 0.8506666666666667 0.07 0.856 0.05 0.856 0.048 0.8573333333333333 0.042 0.856 0.036 0.8586666666666667 0.032 0.8586666666666667 0.026 0.852 0.03 0.844 0.072 0.7813333333333333 0.074 0.7746666666666666 0.08 0.7693333333333333 0.09 0.7493333333333333 0.102 0.736 0.156 0.728 0.184 0.7266666666666667 0.192 0.724 0.196 0.7253333333333334 0.226 0.72 0.256 0.7186666666666667
0 0.647 0.49533333333333335 0.202 0.12133333333333333
0 0.628 0.06933333333333333 0.632 0.07066666666666667 0.63 0.08 0.606 0.12266666666666666 0.598 0.13066666666666665 0.576 0.13333333333333333 0.546 0.14 0.528 0.14133333333333334 0.522 0.144 0.504 0.14533333333333334 0.49 0.14933333333333335 0.478 0.14933333333333335 0.478 0.144 0.488 0.12533333333333332 0.502 0.10666666666666667 0.506 0.09466666666666666 0.514 0.08933333333333333 0.528 0.08533333333333333 0.562 0.08133333333333333 0.574 0.07733333333333334 0.616 0.06933333333333333 0.626 0.06933333333333333
0 0.814 0.78 0.818 0.7893333333333333 0.81 0.8053333333333333 0.81 0.8173333333333334 0.796 0.848 0.796 0.8626666666666667 0.782 0.8933333333333333 0.782 0.9013333333333333 0.778 0.9066666666666666 0.776 0.9173333333333333 0.758 0.924 0.742 0.924 0.734 0.9266666666666666 0.73 0.9253333333333333 0.712 0.9293333333333333 0.696 0.9293333333333333 0.688 0.932 0.668 0.932 0.634 0.9373333333333334 0.616 0.9373333333333334 0.6 0.94 0.574 0.94 0.572 0.9293333333333333 0.582 0.896 0.594 0.8733333333333333 0.598 0.856 0.602 0.852 0.604 0.8426666666666667 0.608 0.8386666666666667 0.608 0.832 0.622 0.8026666666666666 0.626 0.8 0.64 0.7973333333333333 0.72 0.7893333333333333 0.75 0.784 0.762 0.784 0.786 0.78 0.812 0.78
0 0.466 0.5206666666666667 0.204 0.12133333333333333
0 0.08 0.068 0.082 0.06933333333333333 0.08 0.07466666666666667 0.064 0.092 0.05 0.112 0.034 0.12 0.022 0.12133333333333333 0.018 0.124 0.004 0.12666666666666668 0 0.12666666666666668 0 0.08266666666666667 0.064 0.06933333333333333 0.078 0.068
0 0.448 0.692 0.452 0.6946666666666667 0.452 0.7013333333333334 0.446 0.7106666666666667 0.444 0.7213333333333334 0.436 0.7333333333333333 0.428 0.756 0.424 0.76 0.424 0.7653333333333333 0.414 0.78 0.398 0.8146666666666667 0.364 0.8213333333333334 0.34 0.8226666666666667 0.308 0.828 0.288 0.828 0.27 0.832 0.242 0.8346666666666667 0.224 0.8346666666666667 0.222 0.824 0.256 0.7613333333333333 0.268 0.744 0.27 0.736 0.286 0.712 0.328 0.708 0.38 0.6986666666666667 0.446 0.6933333333333334
0 0.463 0.26066666666666666 0.17 0.092
0 0.494 0.29733333333333334 0.496 0.31066666666666665 0.488 0.32266666666666666 0.488 0.32666666666666666 0.464 0.3626666666666667 0.462 0.37066666666666664 0.45 0.37866666666666665 0.424 0.38133333333333336 0.384 0.3893333333333333 0.354 0.392 0.348 0.39466666666666667 0.318 0.3973333333333333 0.316 0.3933333333333333 0.32 0.38533333333333336 0.33 0.37333333333333335 0.334 0.3626666666666667 0.35 0.3426666666666667 0.362 0.32133333333333336 0.368 0.31733333333333336 0.382 0.31333333333333335 0.39 0.31333333333333335 0.43 0.30533333333333335 0.47 0.30133333333333334 0.476 0.2986666666666667 0.492 0.2986666666666667
0 0.764 0.936 0.768 0.9373333333333334 0.768 0.948 0.756 0.9786666666666667 0.754 0.9946666666666667 0.75 0.9986666666666667 0.696 0.9986666666666667 0.694 0.9973333333333333 0.692 0.9986666666666667 0.688 0.996 0.674 0.9946666666666667 0.65 0.996 0.644 0.992 0.638 0.9986666666666667 0.6 0.9986666666666667 0.598 0.9946666666666667 0.592 0.9986666666666667 0.544 0.9986666666666667 0.542 0.9946666666666667 0.552 0.9786666666666667 0.556 0.96 0.564 0.9546666666666667 0.584 0.9506666666666667 0.606 0.9506666666666667 0.614 0.948 0.644 0.9466666666666667 0.678 0.9413333333333334 0.694 0.94 0.704 0.9413333333333334 0.718 0.9373333333333334 0.732 0.936 0.762 0.936
0 0.994 0.912 0.998 0.9133333333333333 0.998 0.9386666666666666 0.994 0.9413333333333334 0.996 0.9666666666666667 0.994 0.968 0.994 0.9933333333333333 0.99 0.9986666666666667 0.964 0.9986666666666667 0.96 0.996 0.954 0.996 0.95 0.9986666666666667 0.92 0.9986666666666667 0.918 0.996 0.91 0.9986666666666667 0.88 0.9986666666666667 0.876 0.988 0.87 0.9893333333333333 0.868 0.9946666666666667 0.844 0.9946666666666667 0.84 0.9986666666666667 0.774 0.9986666666666667 0.772 0.992 0.778 0.972 0.788 0.952 0.788 0.9386666666666666 0.792 0.9306666666666666 0.842 0.9253333333333333 0.858 0.9253333333333333 0.862 0.9226666666666666 0.92 0.92 0.93 0.9173333333333333 0.992 0.912
0 0.7 0.5453333333333333 0.702 0.5533333333333333 0.692 0.576 0.692 0.5813333333333334 0.686 0.5906666666666667 0.682 0.608 0.674 0.62 0.662 0.6533333333333333 0.658 0.656 0.628 0.6613333333333333 0.612 0.6613333333333333 0.576 0.6653333333333333 0.568 0.668 0.532 0.6706666666666666 0.514 0.6746666666666666 0.492 0.6746666666666666 0.488 0.6693333333333333 0.514 0.6093333333333333 0.538 0.5666666666666667 0.544 0.564 0.562 0.5626666666666666 0.574 0.5586666666666666 0.584 0.5586666666666666 0.628 0.552 0.654 0.5506666666666666 0.68 0.5453333333333333 0.698 0.5453333333333333
0 0.858 0.64 0.862 0.6493333333333333 0.85 0.68 0.848 0.696 0.84 0.7133333333333334 0.826 0.7653333333333333 0.77 0.7733333333333333 0.756 0.7733333333333333 0.742 0.7773333333333333 0.682 0.784 0.668 0.784 0.658 0.7866666666666666 0.634 0.7866666666666666 0.63 0.7813333333333333 0.636 0.772 0.638 0.7586666666666667 0.642 0.7533333333333333 0.654 0.716 0.666 0.6986666666666667 0.67 0.676 0.676 0.664 0.684 0.66 0.702 0.6573333333333333 0.728 0.656 0.806 0.644 0.856 0.64
0 0.398 0.05733333333333333 0.4 0.06266666666666666 0.396 0.07066666666666667 0.364 0.11333333333333333 0.338 0.11733333333333333 0.332 0.12 0.324 0.12 0.312 0.124 0.266 0.13066666666666665 0.258 0.13066666666666665 0.254 0.128 0.254 0.12266666666666666 0.274 0.10266666666666667 0.282 0.08666666666666667 0.296 0.07333333333333333 0.396 0.05733333333333333
0 0.512 0.5706666666666667 0.512 0.5826666666666667 0.5 0.604 0.492 0.6253333333333333 0.488 0.6293333333333333 0.488 0.6346666666666667 0.478 0.6506666666666666 0.47 0.672 0.46 0.6813333333333333 0.438 0.6826666666666666 0.412 0.688 0.4 0.688 0.382 0.692 0.326 0.6973333333333334 0.306 0.7013333333333334 0.296 0.7 0.296 0.692 0.354 0.5906666666666667 0.364 0.588 0.4 0.5853333333333334 0.428 0.58 0.44 0.58 0.462 0.5746666666666667 0.51 0.5706666666666667
0 0.584 0.35733333333333334 0.582 0.356 0.57 0.36 0.56 0.36 0.498 0.36933333333333335 0.48 0.36933333333333335 0.478 0.36533333333333334 0.486 0.34933333333333333 0.496 0.336 0.504 0.31733333333333336 0.518 0.2946666666666667 0.528 0.28933333333333333 0.544 0.288 0.592 0.2773333333333333 0.608 0.2773333333333333 0.614 0.27466666666666667 0.636 0.2733333333333333 0.644 0.27066666666666667 0.66 0.272 0.652 0.2986666666666667 0.644 0.31066666666666665 0.64 0.3253333333333333 0.628 0.3466666666666667 0.622 0.3506666666666667 0.586 0.356
0 0.81 0 0.926 0 0.926 0.004 0.918 0.008 0.878 0.013333333333333334 0.874 0.016 0.866 0.016 0.832 0.024 0.802 0.028 0.8 0.02 0.81 0.0013333333333333333
0 0.65 0.344 0.65 0.3293333333333333 0.664 0.30533333333333335 0.664 0.3 0.68 0.26666666666666666 0.684 0.264 0.716 0.25866666666666666 0.728 0.25466666666666665 0.746 0.25333333333333335 0.752 0.25066666666666665 0.764 0.25066666666666665 0.816 0.24133333333333334 0.828 0.24266666666666667 0.828 0.25066666666666665 0.814 0.276 0.81 0.29733333333333334 0.796 0.32266666666666666 0.766 0.328 0.754 0.328 0.732 0.3333333333333333 0.712 0.33466666666666667 0.674 0.3426666666666667 0.652 0.344
0 0.246 0 0.27 0 0.276 0.006666666666666667 0.28 0.005333333333333333 0.282 0 0.328 0 0.328 0.0026666666666666666 0.332 0.005333333333333333 0.334 0.004 0.33 0.012 0.32 0.016 0.298 0.017333333333333333 0.292 0.02 0.282 0.02 0.27 0.025333333333333333 0.232 0.029333333333333333 0.232 0.024 0.238 0.016 0.242 0.004 0.246 0.0013333333333333333
0 0.962 0.304 0.968 0.30666666666666664 0.968 0.316 0.96 0.33466666666666667 0.96 0.3426666666666667 0.956 0.34933333333333333 0.952 0.36933333333333335 0.946 0.37866666666666665 0.946 0.38533333333333336 0.942 0.392 0.902 0.4 0.882 0.4013333333333333 0.86 0.4066666666666667 0.836 0.408 0.794 0.416 0.784 0.416 0.78 0.41333333333333333 0.78 0.4053333333333333 0.81 0.328 0.822 0.324 0.836 0.324 0.85 0.32 0.898 0.312 0.92 0.31066666666666665 0.928 0.308 0.96 0.304
0 0.534 0.96 0.536 0.9666666666666667 0.528 0.9826666666666667 0.526 0.9946666666666667 0.51 0.996 0.508 0.9986666666666667 0.438 0.9986666666666667 0.436 0.996 0.426 0.9946666666666667 0.398 0.996 0.396 0.9986666666666667 0.33 0.9986666666666667 0.334 0.984 0.342 0.976 0.386 0.9733333333333334 0.402 0.9693333333333334 0.428 0.968 0.45 0.964 0.474 0.964 0.506 0.96 0.532 0.96
0 0.176 0.8533333333333334 0.182 0.856 0.178 0.872 0.168 0.8906666666666667 0.16 0.9 0.158 0.9093333333333333 0.14 0.9373333333333334 0.14 0.9413333333333334 0.132 0.9493333333333334 0.124 0.9706666666666667 0.118 0.976 0.112 0.988 0.102 0.9906666666666667 0.098 0.9893333333333333 0.092 0.992 0.076 0.9933333333333333 0.072 0.992 0.066 0.9946666666666667 0.05 0.996 0.046 0.9986666666666667 0.018 0.9986666666666667 0.016 0.996 0.008 0.996 0 0.9893333333333333 0 0.8946666666666667 0.014 0.872 0.058 0.8653333333333333 0.144 0.8573333333333333 0.16 0.8533333333333334 0.174 0.8533333333333334
0 0.492 0.09866666666666667 0.48 0.11733333333333333 0.48 0.12133333333333333 0.456 0.15466666666666667 0.418 0.164 0.35 0.17466666666666666 0.34 0.17466666666666666 0.338 0.168 0.344 0.164 0.346 0.15733333333333333 0.358 0.14266666666666666 0.37 0.12133333333333333 0.38 0.11466666666666667 0.478 0.09733333333333333 0.49 0.09866666666666667
0 0.664 0.005333333333333333 0.668 0.008 0.668 0.012 0.66 0.02666666666666667 0.654 0.032 0.654 0.036 0.648 0.04133333333333333 0.646 0.05333333333333334 0.636 0.06133333333333333 0.616 0.064 0.604 0.068 0.586 0.06933333333333333 0.564 0.07466666666666667 0.548 0.076 0.534 0.08 0.524 0.07866666666666666 0.526 0.068 0.532 0.06 0.532 0.056 0.544 0.04133333333333333 0.546 0.034666666666666665 0.558 0.024 0.602 0.018666666666666668 0.612 0.013333333333333334 0.618 0.013333333333333334 0.636 0.008 0.658 0.004 0.662 0.005333333333333333
0 0.994 0.62 0.998 0.6213333333333333 0.998 0.6946666666666667 0.994 0.6986666666666667 0.994 0.7106666666666667 0.998 0.7146666666666667 0.998 0.7453333333333333 0.954 0.752 0.934 0.752 0.904 0.7573333333333333 0.898 0.756 0.888 0.7586666666666667 0.854 0.76 0.85 0.7573333333333333 0.85 0.7466666666666667 0.86 0.7173333333333334 0.862 0.7026666666666667 0.866 0.6973333333333334 0.876 0.6586666666666666 0.886 0.6373333333333333 0.906 0.6306666666666667 0.93 0.6293333333333333 0.94 0.6266666666666667 0.952 0.6266666666666667 0.962 0.624 0.992 0.6213333333333333
0 0.394 0.24 0.396 0.24933333333333332 0.384 0.264 0.38 0.2786666666666667 0.374 0.2826666666666667 0.362 0.30266666666666664 0.348 0.31333333333333335 0.322 0.32 0.284 0.32266666666666666 0.278 0.3253333333333333 0.254 0.328 0.248 0.33066666666666666 0.232 0.33066666666666666 0.23 0.32133333333333336 0.24 0.304 0.254 0.28933333333333333 0.254 0.2853333333333333 0.26 0.28 0.266 0.26666666666666666 0.272 0.2613333333333333 0.296 0.25466666666666665 0.318 0.25333333333333335 0.392 0.24
0 0.694 0.3893333333333333 0.188 0.10933333333333334
0 0.038 0.236 0.04 0.24266666666666667 0.032 0.256 0.028 0.25866666666666666 0.022 0.272 0.014 0.2733333333333333 0.01 0.2813333333333333 0.006 0.284 0 0.284 0 0.24266666666666667 0.036 0.23733333333333334
0 0.27 0.416 0.274 0.41733333333333333 0.278 0.42533333333333334 0.254 0.468 0.23 0.5 0.212 0.5053333333333333 0.202 0.5053333333333333 0.164 0.5133333333333333 0.154 0.512 0.144 0.5133333333333333 0.138 0.516 0.11 0.52 0.092 0.52 0.09 0.516 0.11 0.48933333333333334 0.116 0.47733333333333333 0.122 0.472 0.128 0.45866666666666667 0.136 0.452 0.148 0.43333333333333335 0.154 0.43066666666666664 0.19 0.4266666666666667 0.204 0.4226666666666667 0.22 0.4226666666666667 0.236 0.4186666666666667 0.268 0.416
0 0.246 0.26666666666666666 0.248 0.27466666666666667 0.214 0.32 0.21 0.33066666666666666 0.2 0.33866666666666667 0.17 0.3426666666666667 0.164 0.3453333333333333 0.146 0.3466666666666667 0.138 0.34933333333333333 0.116 0.3506666666666667 0.092 0.356 0.08 0.3546666666666667 0.082 0.3453333333333333 0.126 0.288 0.132 0.284 0.178 0.2773333333333333 0.192 0.2733333333333333 0.204 0.2733333333333333 0.212 0.27066666666666667 0.244 0.26666666666666666
0 0.148 0.6226666666666667 0.15 0.6306666666666667 0.144 0.6413333333333333 0.132 0.656 0.13 0.664 0.088 0.728 0.082 0.7306666666666667 0.06 0.732 0.052 0.7346666666666667 0.004 0.74 0 0.7386666666666667 0 0.6413333333333333 0.004 0.6373333333333333 0.034 0.636 0.062 0.6306666666666667 0.076 0.6306666666666667 0.086 0.628 0.1 0.628 0.112 0.6253333333333333 0.146 0.6226666666666667
0 0.994 0.21333333333333335 0.998 0.22666666666666666 0.994 0.23333333333333334 0.992 0.24666666666666667 0.986 0.256 0.98 0.284 0.974 0.2906666666666667 0.942 0.2986666666666667 0.92 0.3 0.9 0.30533333333333335 0.828 0.316 0.822 0.316 0.818 0.31333333333333335 0.818 0.30933333333333335 0.83 0.284 0.832 0.27066666666666667 0.842 0.25333333333333335 0.846 0.24 0.85 0.236 0.878 0.22933333333333333 0.888 0.22933333333333333 0.904 0.22533333333333333 0.95 0.22 0.982 0.21333333333333335 0.992 0.21333333333333335
0 0.324 0.18666666666666668 0.348 0.18 0.372 0.17733333333333334 0.378 0.17466666666666666 0.388 0.17466666666666666 0.416 0.168 0.432 0.16666666666666666 0.444 0.168 0.444 0.17466666666666666 0.438 0.18266666666666667 0.436 0.19066666666666668 0.424 0.204 0.42 0.21466666666666667 0.412 0.22533333333333333 0.404 0.232 0.348 0.24266666666666667 0.322 0.24533333333333332 0.316 0.248 0.282 0.25066666666666665 0.282 0.24133333333333334 0.288 0.23733333333333334 0.308 0.20666666666666667 0.324 0.188
0 0.06 0.536 0.052 0.5533333333333333 0.034 0.5746666666666667 0.034 0.5786666666666667 0.022 0.592 0.022 0.596 0.016 0.604 0.002 0.6186666666666667 0 0.6186666666666667 0 0.5426666666666666 0.018 0.5413333333333333 0.044 0.536 0.058 0.536
0 0.994 0.064 0.994 0.08533333333333333 0.998 0.088 0.998 0.11466666666666667 0.994 0.12666666666666668 0.906 0.14133333333333334 0.894 0.14133333333333334 0.892 0.132 0.898 0.12266666666666666 0.9 0.10933333333333334 0.906 0.09866666666666667 0.908 0.088 0.916 0.07733333333333334 0.934 0.07333333333333333 0.952 0.072 0.976 0.06533333333333333 0.992 0.064
0 0.89 0.084 0.894 0.08666666666666667 0.894 0.092 0.88 0.12266666666666666 0.878 0.13333333333333333 0.872 0.14533333333333334 0.866 0.14933333333333335 0.826 0.156 0.82 0.15866666666666668 0.798 0.16 0.766 0.168 0.734 0.17066666666666666 0.732 0.16133333333333333 0.75 0.128 0.752 0.11866666666666667 0.762 0.10533333333333333 0.782 0.1 0.8 0.09866666666666667 0.828 0.092 0.862 0.08933333333333333 0.866 0.08666666666666667 0.888 0.084
0 0.196 0.044 0.2 0.04533333333333334 0.198 0.050666666666666665 0.186 0.06666666666666667 0.178 0.072 0.172 0.084 0.162 0.09466666666666666 0.132 0.10266666666666667 0.116 0.104 0.096 0.10933333333333334 0.076 0.112 0.064 0.112 0.06 0.10933333333333334 0.074 0.09066666666666667 0.094 0.07066666666666667 0.096 0.064 0.102 0.06133333333333333 0.142 0.05466666666666667 0.16 0.04933333333333333 0.194 0.04533333333333334
0 0.334 0.32266666666666666 0.342 0.324 0.342 0.3333333333333333 0.338 0.3426666666666667 0.308 0.38266666666666665 0.302 0.3973333333333333 0.286 0.4053333333333333 0.256 0.408 0.248 0.4106666666666667 0.23 0.412 0.196 0.4186666666666667 0.182 0.42 0.164 0.4186666666666667 0.164 0.41333333333333333 0.17 0.4026666666666667 0.192 0.37466666666666665 0.2 0.35733333333333334 0.21 0.3453333333333333 0.216 0.3413333333333333 0.226 0.33866666666666667 0.256 0.336 0.306 0.32666666666666666 0.318 0.32666666666666666 0.332 0.324
0 0 0.37733333333333335 0.01 0.37733333333333335 0.04 0.372 0.048 0.37333333333333335 0.022 0.4053333333333333 0.018 0.4146666666666667 0.012 0.4186666666666667 0.004 0.43066666666666664 0 0.432 0 0.37866666666666665
0 0.468 0.16 0.48 0.156 0.512 0.152 0.53 0.14666666666666667 0.54 0.14666666666666667 0.546 0.144 0.564 0.14266666666666666 0.57 0.14 0.588 0.14 0.59 0.14266666666666666 0.574 0.176 0.57 0.17866666666666667 0.562 0.19866666666666666 0.554 0.20533333333333334 0.534 0.208 0.514 0.21333333333333335 0.492 0.21466666666666667 0.464 0.22133333333333333 0.432 0.224 0.43 0.216 0.446 0.196 0.45 0.184 0.462 0.16666666666666666 0.468 0.16133333333333333
0 0.354 0.124 0.354 0.12933333333333333 0.344 0.14666666666666667 0.33 0.16133333333333333 0.316 0.18133333333333335 0.292 0.18666666666666668 0.268 0.18933333333333333 0.256 0.19333333333333333 0.212 0.19866666666666666 0.204 0.196 0.208 0.18533333333333332 0.244 0.14 0.306 0.128 0.352 0.124
0 0.144 0.27466666666666667 0.144 0.268 0.152 0.26 0.158 0.248 0.178 0.22666666666666666 0.184 0.21466666666666667 0.192 0.20933333333333334 0.226 0.20266666666666666 0.234 0.20266666666666666 0.24 0.2 0.258 0.19866666666666666 0.28 0.19333333333333333 0.298 0.19333333333333333 0.302 0.196 0.3 0.204 0.282 0.228 0.272 0.248 0.262 0.256 0.216 0.2653333333333333 0.172 0.27066666666666667 0.16 0.27466666666666667 0.146 0.27466666666666667
0 0.536 0.7406666666666667 0.232 0.14533333333333334
0 0.588 0.8053333333333333 0.592 0.8066666666666666 0.594 0.8133333333333334 0.59 0.832 0.574 0.8653333333333333 0.568 0.888 0.562 0.8946666666666667 0.552 0.928 0.542 0.944 0.516 0.9493333333333334 0.488 0.9506666666666667 0.48 0.9533333333333334 0.464 0.9533333333333334 0.456 0.956 0.37 0.964 0.352 0.964 0.35 0.9533333333333334 0.412 0.8253333333333334 0.42 0.8226666666666667 0.434 0.8226666666666667 0.442 0.82 0.458 0.82 0.492 0.816 0.528 0.8093333333333333 0.546 0.8093333333333333 0.586 0.8053333333333333
0 0.188 0.6026666666666667 0.188 0.5973333333333334 0.196 0.5826666666666667 0.206 0.5706666666666667 0.208 0.5626666666666666 0.212 0.56 0.214 0.5533333333333333 0.22 0.548 0.244 0.5093333333333333 0.268 0.5026666666666667 0.282 0.5026666666666667 0.374 0.488 0.388 0.488 0.39 0.49466666666666664 0.376 0.5226666666666666 0.366 0.536 0.348 0.5733333333333334 0.338 0.5853333333333334 0.258 0.5973333333333334 0.222 0.6 0.212 0.6026666666666667 0.19 0.6026666666666667
0 0.994 0.3933333333333333 0.998 0.396 0.996 0.4026666666666667 0.998 0.4053333333333333 0.998 0.43866666666666665 0.99 0.452 0.982 0.456 0.982 0.46 0.996 0.464 0.998 0.49066666666666664 0.964 0.49466666666666664 0.948 0.49866666666666665 0.932 0.49866666666666665 0.93 0.48933333333333334 0.946 0.44666666666666666 0.948 0.42933333333333334 0.952 0.4226666666666667 0.956 0.404 0.96 0.4 0.992 0.3933333333333333
0 0.946 0.5393333333333333 0.108 0.16666666666666666
0 0 0.184 0.048 0.17733333333333334 0.06 0.17333333333333334 0.082 0.17066666666666666 0.094 0.172 0.092 0.17866666666666667 0.076 0.19466666666666665 0.072 0.20533333333333334 0.064 0.20933333333333334 0.06 0.22 0.044 0.23066666666666666 0.022 0.236 0.012 0.23733333333333334 0.002 0.236 0 0.18533333333333332
0 0.112 0.16533333333333333 0.174 0.15333333333333332 0.184 0.15333333333333332 0.216 0.14666666666666667 0.22 0.148 0.22 0.15333333333333332 0.214 0.164 0.182 0.20533333333333334 0.138 0.21466666666666667 0.12 0.216 0.11 0.22 0.074 0.224 0.072 0.216 0.09 0.192 0.1 0.184 0.102 0.176 0.112 0.16666666666666666
0 0.076 0.7413333333333333 0.078 0.744 0.068 0.756 0.062 0.7706666666666667 0.054 0.78 0.044 0.8 0.036 0.808 0.034 0.816 0.016 0.8413333333333334 0.01 0.8546666666666667 0.004 0.8586666666666667 0 0.856 0 0.8093333333333333 0.002 0.808 0 0.7493333333333333 0.014 0.7466666666666667 0.032 0.7466666666666667 0.056 0.7413333333333333 0.074 0.7413333333333333
0 0.004 0.07466666666666667 0.002 0.072 0.004 0.06266666666666666 0.016 0.05333333333333334 0.024 0.04133333333333333 0.044 0.02666666666666667 0.106 0.017333333333333333 0.112 0.014666666666666666 0.126 0.014666666666666666 0.128 0.02 0.124 0.028 0.114 0.036 0.11 0.044 0.094 0.06 0.066 0.06533333333333333 0.056 0.06533333333333333 0.052 0.068 0.034 0.072 0.006 0.07466666666666667
0 0.914 0.014666666666666666 0.922 0.016 0.922 0.028 0.914 0.04 0.91 0.05733333333333333 0.9 0.07333333333333333 0.868 0.07866666666666666 0.844 0.08533333333333333 0.808 0.08933333333333333 0.788 0.09466666666666666 0.768 0.096 0.768 0.088 0.774 0.08 0.778 0.06533333333333333 0.782 0.06133333333333333 0.792 0.037333333333333336 0.832 0.028 0.842 0.028 0.86 0.02266666666666667 0.912 0.016
0 0.46 0.042666666666666665 0.462 0.044 0.476 0.04133333333333333 0.492 0.036 0.514 0.032 0.524 0.030666666666666665 0.532 0.032 0.532 0.03866666666666667 0.504 0.08266666666666667 0.494 0.088 0.476 0.09066666666666667 0.458 0.096 0.45 0.096 0.416 0.10266666666666667 0.404 0.10266666666666667 0.398 0.10533333333333333 0.388 0.104 0.392 0.08933333333333333 0.408 0.07066666666666667 0.416 0.056 0.424 0.050666666666666665 0.444 0.04533333333333334 0.458 0.044
0 0.446 0.388 0.448 0.3933333333333333 0.44 0.4106666666666667 0.426 0.43066666666666664 0.408 0.468 0.4 0.476 0.33 0.488 0.262 0.496 0.256 0.496 0.254 0.49066666666666664 0.268 0.4706666666666667 0.268 0.4666666666666667 0.276 0.45866666666666667 0.302 0.41333333333333333 0.308 0.408 0.344 0.4026666666666667 0.366 0.3973333333333333 0.388 0.396 0.394 0.3933333333333333 0.402 0.3933333333333333 0.418 0.3893333333333333 0.444 0.388
0 0.186 0.34933333333333333 0.188 0.3586666666666667 0.182 0.364 0.18 0.372 0.172 0.37866666666666665 0.148 0.4106666666666667 0.14 0.42533333333333334 0.114 0.432 0.018 0.44533333333333336 0.012 0.44266666666666665 0.014 0.43466666666666665 0.046 0.39466666666666667 0.054 0.38 0.07 0.36533333333333334 0.076 0.36533333333333334 0.088 0.36133333333333334 0.102 0.36133333333333334 0.128 0.356 0.136 0.356 0.152 0.352 0.184 0.34933333333333333
0 0.318 0.021333333333333333 0.32 0.025333333333333333 0.294 0.058666666666666666 0.29 0.068 0.282 0.07333333333333333 0.258 0.076 0.242 0.08133333333333333 0.206 0.08533333333333333 0.192 0.08933333333333333 0.182 0.088 0.184 0.07866666666666666 0.198 0.06533333333333333 0.208 0.048 0.218 0.03866666666666667 0.246 0.032 0.268 0.030666666666666665 0.276 0.02666666666666667 0.316 0.021333333333333333
0 0.12 0.43866666666666665 0.122 0.4493333333333333 0.1 0.484 0.088 0.49733333333333335 0.086 0.504 0.08 0.508 0.07 0.5226666666666666 0.054 0.528 0.006 0.5346666666666666 0 0.5346666666666666 0 0.49066666666666664 0.002 0.48933333333333334 0 0.4533333333333333 0.036 0.45066666666666666 0.044 0.448 0.068 0.44666666666666666 0.08 0.44266666666666665 0.11 0.44133333333333336 0.118 0.43866666666666665
0 0 0.308 0.072 0.2946666666666667 0.084 0.29333333333333333 0.106 0.29333333333333333 0.108 0.2946666666666667 0.09 0.31866666666666665 0.088 0.3253333333333333 0.078 0.332 0.078 0.336 0.072 0.3413333333333333 0.072 0.3466666666666667 0.062 0.3586666666666667 0.052 0.364 0.042 0.364 0.024 0.368 0.022 0.36666666666666664 0.014 0.36933333333333335 0 0.368 0 0.34933333333333333 0.002 0.348 0 0.30933333333333335
0 0.578 0.19466666666666665 0.602 0.15066666666666667 0.604 0.14266666666666666 0.614 0.132 0.628 0.128 0.672 0.12266666666666666 0.684 0.11866666666666667 0.692 0.11866666666666667 0.698 0.116 0.722 0.112 0.736 0.112 0.738 0.11333333333333333 0.736 0.12666666666666668 0.722 0.15733333333333333 0.708 0.17866666666666667 0.692 0.18 0.65 0.188 0.63 0.18933333333333333 0.604 0.196 0.588 0.19733333333333333 0.58 0.196
0 0.166 0.10133333333333333 0.184 0.096 0.2 0.09466666666666666 0.212 0.09066666666666667 0.254 0.08266666666666667 0.274 0.084 0.258 0.10933333333333334 0.236 0.13733333333333334 0.202 0.14133333333333334 0.162 0.15066666666666667 0.132 0.15333333333333332 0.13 0.14533333333333334 0.136 0.14133333333333334 0.142 0.12933333333333333 0.15 0.124 0.166 0.10266666666666667
0 0.062 0 0.134 0 0.138 0.0026666666666666666 0.138 0.005333333333333333 0.134 0.006666666666666667 0.118 0.008 0.102 0.013333333333333334 0.06 0.02 0.05 0.018666666666666668 0.05 0.017333333333333333 0.062 0.0013333333333333333
0 0.994 0.7573333333333333 0.998 0.7746666666666666 0.998 0.7893333333333333 0.996 0.7906666666666666 0.998 0.7946666666666666 0.998 0.8293333333333334 0.996 0.8306666666666667 0.998 0.832 0.998 0.8866666666666667 0.994 0.8893333333333333 0.992 0.8973333333333333 0.982 0.9013333333333333 0.98 0.9 0.968 0.9026666666666666 0.95 0.9026666666666666 0.942 0.9053333333333333 0.926 0.9053333333333333 0.918 0.908 0.906 0.908 0.896 0.9106666666666666 0.856 0.912 0.824 0.9173333333333333 0.8 0.916 0.8 0.9053333333333333 0.804 0.8973333333333333 0.806 0.8813333333333333 0.814 0.8653333333333333 0.834 0.792 0.838 0.788 0.842 0.776 0.848 0.7733333333333333 0.88 0.7706666666666667 0.888 0.768 0.916 0.7666666666666667 0.924 0.764 0.962 0.7613333333333333 0.986 0.7573333333333333 0.992 0.7586666666666667
0 0.326 0.5973333333333334 0.328 0.5986666666666667 0.326 0.612 0.3 0.6533333333333333 0.292 0.672 0.28 0.6893333333333334 0.28 0.6933333333333334 0.27 0.704 0.248 0.7093333333333334 0.224 0.7106666666666667 0.186 0.7173333333333334 0.17 0.7173333333333334 0.164 0.72 0.142 0.7213333333333334 0.132 0.724 0.116 0.724 0.112 0.72 0.114 0.7146666666666667 0.13 0.6853333333333333 0.136 0.68 0.142 0.6666666666666666 0.158 0.6466666666666666 0.158 0.6426666666666667 0.176 0.616 0.196 0.612 0.21 0.612 0.242 0.608 0.258 0.604 0.324 0.5973333333333334
0 0.466 0.38266666666666665 0.476 0.37866666666666665 0.49 0.37866666666666665 0.498 0.376 0.518 0.37466666666666665 0.546 0.368 0.578 0.36533333333333334 0.596 0.36133333333333334 0.61 0.36133333333333334 0.614 0.36533333333333334 0.602 0.39866666666666667 0.59 0.4146666666666667 0.59 0.42 0.58 0.44266666666666665 0.572 0.4493333333333333 0.444 0.4693333333333333 0.426 0.4693333333333333 0.424 0.46266666666666667 0.45 0.41333333333333333 0.458 0.404 0.466 0.384
0 0.998 0.2986666666666667 0.998 0.38533333333333336 0.984 0.388 0.966 0.388 0.964 0.37466666666666665 0.972 0.3466666666666667 0.978 0.336 0.986 0.30266666666666664 0.99 0.2986666666666667 0.996 0.2986666666666667
0 0.898 0.5173333333333333 0.9 0.5293333333333333 0.896 0.536 0.896 0.5453333333333333 0.888 0.5626666666666666 0.888 0.5706666666666667 0.88 0.5933333333333334 0.876 0.5973333333333334 0.874 0.6133333333333333 0.868 0.624 0.86 0.628 0.834 0.632 0.814 0.6333333333333333 0.78 0.64 0.7 0.6493333333333333 0.688 0.6493333333333333 0.686 0.6413333333333333 0.692 0.6293333333333333 0.694 0.6173333333333333 0.702 0.604 0.708 0.5813333333333334 0.714 0.5733333333333334 0.714 0.568 0.726 0.5426666666666666 0.732 0.5386666666666666 0.77 0.532 0.802 0.5293333333333333 0.81 0.5266666666666666 0.834 0.524 0.846 0.524 0.878 0.5173333333333333 0.896 0.5173333333333333
0 0.238 0 0.238 0.004 0.23 0.014666666666666666 0.206 0.037333333333333336 0.144 0.048 0.126 0.05333333333333334 0.114 0.05333333333333334 0.114 0.04933333333333333 0.13 0.028 0.148 0.009333333333333334 0.154 0.006666666666666667 0.158 0.008 0.166 0.005333333333333333 0.174 0.006666666666666667 0.186 0 0.236 0
0 0.698 0 0.756 0 0.762 0.005333333333333333 0.768 0 0.796 0 0.798 0.0026666666666666666 0.788 0.02666666666666667 0.782 0.03333333333333333 0.768 0.034666666666666665 0.744 0.04133333333333333 0.736 0.04133333333333333 0.678 0.05333333333333334 0.658 0.05466666666666667 0.66 0.04666666666666667 0.668 0.037333333333333336 0.672 0.021333333333333333 0.684 0.005333333333333333 0.692 0.005333333333333333 0.698 0.0013333333333333333
0 0.988 0 0.99 0.0013333333333333333 0.994 0 0.998 0.0026666666666666666 0.998 0.034666666666666665 0.996 0.036 0.998 0.05466666666666667 0.994 0.05733333333333333 0.98 0.06 0.97 0.06 0.94 0.06666666666666667 0.92 0.068 0.922 0.05333333333333334 0.928 0.04533333333333334 0.928 0.03866666666666667 0.934 0.024 0.942 0.012 0.964 0.004 0.986 0.0013333333333333333
0 0.028 0.12533333333333332 0.032 0.12666666666666668 0.032 0.13066666666666665 0.028 0.13333333333333333 0.028 0.13733333333333334 0.022 0.14133333333333334 0.022 0.14666666666666667 0.01 0.15866666666666668 0.006 0.16 0.006 0.16266666666666665 0 0.16133333333333333 0 0.13066666666666665 0.026 0.12533333333333332
0 0.162 0.216 0.166 0.21866666666666668 0.162 0.23066666666666666 0.128 0.276 0.122 0.28 0.116 0.2826666666666667 0.1 0.284 0.08 0.28933333333333333 0.06 0.2906666666666667 0.024 0.29733333333333334 0.01 0.296 0.014 0.2826666666666667 0.056 0.23466666666666666 0.076 0.22933333333333333 0.084 0.22933333333333333 0.116 0.22266666666666668 0.136 0.22133333333333333 0.142 0.21866666666666668 0.16 0.216
0 0.702 0.18666666666666668 0.704 0.192 0.694 0.20933333333333334 0.69 0.22266666666666668 0.682 0.23333333333333334 0.676 0.24933333333333332 0.664 0.26 0.632 0.26666666666666666 0.602 0.2693333333333333 0.576 0.276 0.546 0.28 0.532 0.28 0.532 0.2693333333333333 0.546 0.252 0.546 0.24533333333333332 0.56 0.22 0.566 0.21066666666666667 0.572 0.20666666666666667 0.674 0.19066666666666668 0.686 0.18666666666666668 0.696 0.18533333333333332 0.7 0.18666666666666668
0 0.21 0.5146666666666667 0.216 0.5186666666666667 0.214 0.5253333333333333 0.208 0.532 0.202 0.5506666666666666 0.16 0.6093333333333333 0.04 0.6266666666666667 0.02 0.6266666666666667 0.018 0.62 0.048 0.5773333333333334 0.058 0.5706666666666667 0.06 0.56 0.08 0.5333333333333333 0.094 0.5293333333333333 0.136 0.5253333333333333 0.146 0.5213333333333333 0.16 0.5213333333333333 0.17 0.5186666666666667 0.208 0.5146666666666667
0 0.296 0.9786666666666667 0.298 0.98 0.31 0.9786666666666667 0.318 0.98 0.314 0.9946666666666667 0.31 0.9986666666666667 0.144 0.9986666666666667 0.142 0.9933333333333333 0.166 0.9933333333333333 0.172 0.9906666666666667 0.18 0.992 0.196 0.9893333333333333 0.204 0.9906666666666667 0.21 0.988 0.248 0.9866666666666667 0.262 0.9853333333333333 0.27 0.9813333333333333 0.294 0.98