0 0.782 0.4428191489361702 0.784 0.4441489361702128 0.8 0.4428191489361702 0.842 0.4441489361702128 0.846 0.4428191489361702 0.866 0.4454787234042553 0.868 0.5 0.86 0.5026595744680851 0.706 0.5013297872340425 0.704 0.49867021276595747 0.704 0.4454787234042553 0.706 0.4441489361702128 0.78 0.4428191489361702
0 0.91 0.5784574468085106 0.912 0.5797872340425532 0.994 0.5797872340425532 0.998 0.5811170212765957 0.998 0.6050531914893617 0.994 0.6090425531914894 0.994 0.651595744680851 0.998 0.6648936170212766 0.998 0.6954787234042553 0.972 0.6954787234042553 0.97 0.6941489361702128 0.902 0.6954787234042553 0.89 0.6928191489361702 0.888 0.6555851063829787 0.886 0.6542553191489362 0.886 0.5811170212765957 0.908 0.5784574468085106
0 0.268 0.8656914893617021 0.276 0.8683510638297872 0.322 0.8670212765957447 0.33 0.8683510638297872 0.332 0.8710106382978723 0.332 0.973404255319149 0.326 0.976063829787234 0.308 0.9773936170212766 0.232 0.9773936170212766 0.23 0.976063829787234 0.226 0.9773936170212766 0.222 0.9747340425531915 0.22 0.976063829787234 0.206 0.9747340425531915 0.196 0.9773936170212766 0.176 0.9747340425531915 0.178 0.8696808510638298 0.182 0.8670212765957447 0.196 0.8683510638297872 0.266 0.8670212765957447
0 0.788 0.07313829787234043 0.79 0.07446808510638298 0.804 0.07313829787234043 0.846 0.07446808510638298 0.852 0.07712765957446809 0.854 0.08244680851063829 0.856 0.12632978723404256 0.85 0.13962765957446807 0.854 0.14361702127659576 0.856 0.15159574468085107 0.856 0.18085106382978725 0.828 0.18351063829787234 0.752 0.18351063829787234 0.75 0.18218085106382978 0.718 0.18351063829787234 0.704 0.18218085106382978 0.7 0.17952127659574468 0.696 0.15691489361702127 0.696 0.0797872340425532 0.698 0.07712765957446809 0.702 0.07446808510638298 0.724 0.07446808510638298 0.726 0.07313829787234043 0.748 0.07313829787234043 0.75 0.07446808510638298 0.786 0.07313829787234043
0 0.772 0.1901595744680851 0.774 0.19148936170212766 0.778 0.1901595744680851 0.782 0.19148936170212766 0.784 0.1901595744680851 0.802 0.19148936170212766 0.822 0.1901595744680851 0.83 0.19281914893617022 0.838 0.19148936170212766 0.852 0.19281914893617022 0.858 0.19547872340425532 0.86 0.2473404255319149 0.858 0.24867021276595744 0.844 0.2473404255319149 0.83 0.25 0.7 0.24867021276595744 0.698 0.24601063829787234 0.698 0.19414893617021275 0.702 0.19148936170212766 0.724 0.19148936170212766 0.742 0.18882978723404256 0.77 0.1901595744680851
0 0.604 0.18882978723404256 0.622 0.19148936170212766 0.634 0.1901595744680851 0.636 0.19148936170212766 0.678 0.19148936170212766 0.682 0.19281914893617022 0.686 0.2074468085106383 0.686 0.24335106382978725 0.682 0.24867021276595744 0.638 0.24867021276595744 0.636 0.2473404255319149 0.63 0.24867021276595744 0.61 0.24867021276595744 0.608 0.2473404255319149 0.606 0.24867021276595744 0.592 0.2473404255319149 0.57 0.24867021276595744 0.568 0.2473404255319149 0.528 0.2473404255319149 0.526 0.24601063829787234 0.524 0.19281914893617022 0.53 0.1901595744680851 0.602 0.18882978723404256
0 0.664 0.8670212765957447 0.68 0.8696808510638298 0.682 0.875 0.684 0.9162234042553191 0.686 0.9175531914893617 0.684 0.9202127659574468 0.686 0.973404255319149 0.68 0.9773936170212766 0.646 0.9773936170212766 0.644 0.9787234042553191 0.532 0.9773936170212766 0.528 0.9747340425531915 0.528 0.9441489361702128 0.526 0.9428191489361702 0.528 0.9401595744680851 0.526 0.9308510638297872 0.528 0.925531914893617 0.528 0.9055851063829787 0.526 0.9042553191489362 0.528 0.901595744680851 0.528 0.8696808510638298 0.534 0.8670212765957447 0.58 0.8670212765957447 0.616 0.8696808510638298 0.636 0.8670212765957447 0.662 0.8670212765957447
0 0.54 0.2553191489361702 0.542 0.2566489361702128 0.564 0.2566489361702128 0.566 0.2553191489361702 0.682 0.2566489361702128 0.686 0.25930851063829785 0.686 0.2845744680851064 0.688 0.2859042553191489 0.686 0.31117021276595747 0.662 0.3151595744680851 0.646 0.31382978723404253 0.64 0.3151595744680851 0.62 0.31382978723404253 0.606 0.3151595744680851 0.538 0.31382978723404253 0.532 0.3151595744680851 0.528 0.31382978723404253 0.524 0.2579787234042553 0.538 0.2566489361702128
0 0.65 0.5093085106382979 0.652 0.5106382978723404 0.676 0.5106382978723404 0.69 0.5132978723404256 0.692 0.5678191489361702 0.654 0.5704787234042553 0.652 0.5691489361702128 0.596 0.5704787234042553 0.58 0.5678191489361702 0.558 0.5704787234042553 0.556 0.5691489361702128 0.536 0.5691489361702128 0.53 0.5664893617021277 0.528 0.5146276595744681 0.532 0.5106382978723404 0.546 0.5093085106382979 0.55 0.5106382978723404 0.572 0.5106382978723404 0.574 0.5093085106382979 0.648 0.5106382978723404
0 0.158 0.07313829787234043 0.162 0.07579787234042554 0.162 0.1023936170212766 0.164 0.10372340425531915 0.162 0.17819148936170212 0.14 0.18218085106382978 0.136 0.18085106382978725 0.134 0.18218085106382978 0.122 0.18085106382978725 0.12 0.18218085106382978 0.114 0.18085106382978725 0.046 0.18218085106382978 0.044 0.18085106382978725 0.008 0.18085106382978725 0.004 0.17819148936170212 0.006 0.07446808510638298 0.008 0.07313829787234043 0.098 0.07313829787234043 0.1 0.07180851063829788 0.156 0.07313829787234043
0 0.354 0.7021276595744681 0.486 0.7021276595744681 0.488 0.7034574468085106 0.514 0.7021276595744681 0.518 0.7061170212765957 0.518 0.7313829787234043 0.516 0.7327127659574468 0.518 0.761968085106383 0.516 0.7632978723404256 0.378 0.7646276595744681 0.376 0.7632978723404256 0.354 0.7632978723404256 0.352 0.7606382978723404 0.352 0.7087765957446809 0.354 0.7034574468085106
0 0.216 0.007978723404255319 0.22 0.010638297872340425 0.222 0.009308510638297872 0.334 0.010638297872340425 0.336 0.015957446808510637 0.336 0.0625 0.334 0.06515957446808511 0.204 0.06515957446808511 0.202 0.06382978723404255 0.19 0.06515957446808511 0.18 0.06382978723404255 0.178 0.0625 0.178 0.010638297872340425 0.18 0.009308510638297872 0.2 0.009308510638297872 0.202 0.010638297872340425 0.214 0.009308510638297872
0 0.384 0.5093085106382979 0.386 0.5106382978723404 0.392 0.5093085106382979 0.402 0.5106382978723404 0.41 0.5093085106382979 0.432 0.5093085106382979 0.434 0.5106382978723404 0.462 0.5093085106382979 0.466 0.5106382978723404 0.472 0.5093085106382979 0.514 0.511968085106383 0.516 0.5678191489361702 0.514 0.5691489361702128 0.438 0.5691489361702128 0.436 0.5704787234042553 0.356 0.5691489361702128 0.354 0.5678191489361702 0.352 0.5638297872340425 0.352 0.5146276595744681 0.356 0.5093085106382979 0.382 0.5093085106382979
0 0.608 0.7686170212765957 0.636 0.7726063829787234 0.654 0.7699468085106383 0.666 0.7726063829787234 0.696 0.773936170212766 0.698 0.8164893617021277 0.7 0.8178191489361702 0.698 0.8324468085106383 0.694 0.8351063829787234 0.672 0.8337765957446809 0.646 0.836436170212766 0.622 0.8337765957446809 0.616 0.836436170212766 0.568 0.8351063829787234 0.566 0.8337765957446809 0.54 0.8337765957446809 0.532 0.8311170212765957 0.532 0.7752659574468085 0.534 0.7726063829787234 0.574 0.7699468085106383 0.586 0.7726063829787234 0.592 0.7712765957446809 0.598 0.7726063829787234 0.606 0.7686170212765957
0 0.804 0.7021276595744681 0.806 0.7034574468085106 0.85 0.7034574468085106 0.852 0.7047872340425532 0.872 0.7034574468085106 0.874 0.7047872340425532 0.874 0.7180851063829787 0.876 0.7194148936170213 0.876 0.7566489361702128 0.874 0.7579787234042553 0.876 0.761968085106383 0.854 0.7659574468085106 0.848 0.7646276595744681 0.754 0.7646276595744681 0.712 0.761968085106383 0.712 0.7446808510638298 0.71 0.7433510638297872 0.71 0.7087765957446809 0.712 0.7061170212765957 0.722 0.7034574468085106 0.782 0.7047872340425532 0.802 0.7021276595744681
0 0.996 0.2566489361702128 0.998 0.2579787234042553 0.998 0.3125 0.994 0.3151595744680851 0.954 0.3151595744680851 0.952 0.31382978723404253 0.938 0.3151595744680851 0.882 0.31382978723404253 0.878 0.3151595744680851 0.874 0.3125 0.874 0.2699468085106383 0.872 0.26861702127659576 0.874 0.25930851063829785 0.88 0.2566489361702128 0.994 0.2566489361702128
0 0.432 0.07180851063829788 0.434 0.07313829787234043 0.508 0.07446808510638298 0.51 0.17819148936170212 0.508 0.18218085106382978 0.476 0.18218085106382978 0.474 0.18351063829787234 0.468 0.18218085106382978 0.442 0.18218085106382978 0.44 0.18351063829787234 0.388 0.18218085106382978 0.386 0.18085106382978725 0.378 0.18218085106382978 0.358 0.18085106382978725 0.352 0.1768617021276596 0.352 0.1023936170212766 0.35 0.10106382978723404 0.352 0.07579787234042554 0.358 0.07313829787234043 0.36 0.07446808510638298 0.372 0.07313829787234043 0.392 0.07446808510638298 0.43 0.07180851063829788
0 0.444 0.5784574468085106 0.446 0.5797872340425532 0.454 0.5784574468085106 0.514 0.5797872340425532 0.516 0.5851063829787234 0.514 0.586436170212766 0.516 0.5904255319148937 0.514 0.5944148936170213 0.516 0.5957446808510638 0.514 0.6077127659574468 0.516 0.613031914893617 0.516 0.6808510638297872 0.518 0.6821808510638298 0.516 0.6928191489361702 0.486 0.6954787234042553 0.476 0.6941489361702128 0.466 0.6954787234042553 0.464 0.6941489361702128 0.368 0.6954787234042553 0.358 0.6941489361702128 0.354 0.6914893617021277 0.354 0.6289893617021277 0.352 0.6236702127659575 0.354 0.6223404255319149 0.354 0.5851063829787234 0.356 0.5824468085106383 0.364 0.5797872340425532 0.38 0.5784574468085106 0.442 0.5797872340425532
0 0.65 0.4428191489361702 0.652 0.4441489361702128 0.656 0.4428191489361702 0.686 0.4441489361702128 0.69 0.449468085106383 0.69 0.4720744680851064 0.692 0.4734042553191489 0.69 0.5 0.66 0.5026595744680851 0.652 0.5013297872340425 0.648 0.5026595744680851 0.64 0.5013297872340425 0.63 0.5026595744680851 0.628 0.5013297872340425 0.62 0.5026595744680851 0.552 0.5013297872340425 0.55 0.5 0.532 0.5013297872340425 0.528 0.49867021276595747 0.528 0.44813829787234044 0.53 0.4454787234042553 0.558 0.44148936170212766 0.566 0.4428191489361702 0.598 0.4428191489361702 0.6 0.44148936170212766 0.648 0.4428191489361702
0 0.982 0.7712765957446809 0.998 0.7726063829787234 0.998 0.7992021276595744 0.992 0.8031914893617021 0.994 0.836436170212766 0.99 0.839095744680851 0.984 0.8351063829787234 0.948 0.836436170212766 0.892 0.8324468085106383 0.89 0.7752659574468085 0.896 0.7726063829787234 0.912 0.7712765957446809 0.946 0.7712765957446809 0.948 0.7726063829787234 0.98 0.7712765957446809
0 0.994 0.19281914893617022 0.998 0.19680851063829788 0.998 0.25 0.996 0.25132978723404253 0.93 0.25132978723404253 0.928 0.25 0.92 0.25132978723404253 0.918 0.25 0.876 0.24867021276595744 0.872 0.24601063829787234 0.872 0.2247340425531915 0.87 0.22340425531914893 0.87 0.19281914893617022 0.872 0.19148936170212766 0.982 0.19148936170212766 0.992 0.19281914893617022
0 0.092 0.007978723404255319 0.128 0.010638297872340425 0.132 0.009308510638297872 0.164 0.010638297872340425 0.164 0.0598404255319149 0.162 0.0625 0.152 0.06515957446808511 0.114 0.06515957446808511 0.112 0.06382978723404255 0.104 0.06515957446808511 0.096 0.06382978723404255 0.082 0.06515957446808511 0.064 0.06382978723404255 0.03 0.06515957446808511 0.028 0.06382978723404255 0.022 0.06515957446808511 0.018 0.06382978723404255 0.01 0.06515957446808511 0.006 0.0625 0.004 0.03723404255319149 0.006 0.03590425531914894 0.006 0.011968085106382979 0.01 0.009308510638297872 0.058 0.009308510638297872 0.06 0.010638297872340425 0.062 0.009308510638297872 0.066 0.010638297872340425 0.068 0.009308510638297872 0.09 0.009308510638297872
0 0.008 0.8603723404255319 0.012 0.8643617021276596 0.022 0.8656914893617021 0.026 0.8683510638297872 0.05 0.8683510638297872 0.064 0.8670212765957447 0.07 0.8643617021276596 0.078 0.8643617021276596 0.09 0.8683510638297872 0.1 0.8683510638297872 0.108 0.8656914893617021 0.126 0.8670212765957447 0.136 0.8696808510638298 0.16 0.8683510638297872 0.16 0.8882978723404256 0.162 0.8896276595744681 0.16 0.8909574468085106 0.16 0.9082446808510638 0.162 0.9095744680851063 0.16 0.9720744680851063 0.15 0.976063829787234 0.12 0.9787234042553191 0.108 0.9773936170212766 0.106 0.9787234042553191 0.076 0.9787234042553191 0.074 0.9773936170212766 0.008 0.9787234042553191 0 0.9747340425531915 0 0.9348404255319149 0.004 0.9308510638297872 0.004 0.9268617021276596 0 0.9228723404255319 0 0.875 0.006 0.8617021276595744
0 0.064 0.5079787234042553 0.066 0.5093085106382979 0.152 0.5093085106382979 0.16 0.5106382978723404 0.162 0.5146276595744681 0.16 0.5678191489361702 0.142 0.5691489361702128 0.14 0.5678191489361702 0.128 0.5691489361702128 0.002 0.5678191489361702 0 0.5664893617021277 0 0.511968085106383 0.004 0.5093085106382979 0.012 0.5106382978723404 0.062 0.5093085106382979
0 0.94 0.32180851063829785 0.942 0.32313829787234044 0.946 0.32180851063829785 0.948 0.32313829787234044 0.978 0.32313829787234044 0.98 0.324468085106383 0.996 0.32313829787234044 0.998 0.324468085106383 0.998 0.375 0.994 0.37898936170212766 0.994 0.39095744680851063 0.998 0.39361702127659576 0.998 0.4348404255319149 0.99 0.43617021276595747 0.94 0.43617021276595747 0.938 0.4348404255319149 0.936 0.43617021276595747 0.924 0.43351063829787234 0.922 0.4348404255319149 0.886 0.4348404255319149 0.88 0.4321808510638298 0.876 0.3257978723404255 0.882 0.32313829787234044 0.934 0.32313829787234044 0.938 0.32180851063829785
0 0.216 0.07313829787234043 0.218 0.07446808510638298 0.224 0.07313829787234043 0.242 0.07446808510638298 0.244 0.07313829787234043 0.286 0.07313829787234043 0.288 0.07446808510638298 0.322 0.07313829787234043 0.334 0.07579787234042554 0.336 0.07845744680851063 0.336 0.09308510638297872 0.334 0.09441489361702128 0.336 0.1023936170212766 0.336 0.17819148936170212 0.334 0.18085106382978725 0.276 0.18351063829787234 0.274 0.18218085106382978 0.208 0.18218085106382978 0.206 0.18085106382978725 0.186 0.18218085106382978 0.178 0.17952127659574468 0.178 0.07712765957446809 0.19 0.07313829787234043 0.214 0.07446808510638298
0 0.55 0.009308510638297872 0.552 0.010638297872340425 0.556 0.009308510638297872 0.558 0.010638297872340425 0.564 0.009308510638297872 0.566 0.010638297872340425 0.654 0.009308510638297872 0.678 0.011968085106382979 0.68 0.014627659574468085 0.678 0.017287234042553192 0.68 0.02127659574468085 0.68 0.0625 0.676 0.06515957446808511 0.664 0.06648936170212766 0.654 0.06515957446808511 0.624 0.06515957446808511 0.622 0.06648936170212766 0.526 0.06515957446808511 0.522 0.0625 0.522 0.013297872340425532 0.526 0.009308510638297872 0.548 0.009308510638297872
0 0.914 0.7007978723404256 0.916 0.7021276595744681 0.922 0.7007978723404256 0.924 0.7021276595744681 0.972 0.7021276595744681 0.974 0.7034574468085106 0.994 0.7021276595744681 0.998 0.7034574468085106 0.998 0.7273936170212766 0.982 0.7340425531914894 0.982 0.738031914893617 0.988 0.7393617021276596 0.998 0.7460106382978723 0.998 0.7646276595744681 0.996 0.7659574468085106 0.99 0.7646276595744681 0.956 0.7659574468085106 0.928 0.7632978723404256 0.906 0.7646276595744681 0.894 0.7632978723404256 0.89 0.7606382978723404 0.89 0.7446808510638298 0.892 0.7433510638297872 0.89 0.7047872340425532 0.898 0.7021276595744681 0.912 0.7021276595744681
0 0.792 0.32180851063829785 0.794 0.32313829787234044 0.804 0.32180851063829785 0.856 0.32313829787234044 0.862 0.3271276595744681 0.862 0.34308510638297873 0.864 0.34441489361702127 0.862 0.39228723404255317 0.866 0.4002659574468085 0.866 0.42686170212765956 0.864 0.4321808510638298 0.858 0.4348404255319149 0.836 0.4348404255319149 0.834 0.43351063829787234 0.832 0.4348404255319149 0.784 0.4348404255319149 0.782 0.43617021276595747 0.78 0.4348404255319149 0.734 0.43617021276595747 0.732 0.4348404255319149 0.708 0.4348404255319149 0.704 0.4321808510638298 0.7 0.32978723404255317 0.704 0.32313829787234044 0.714 0.32180851063829785 0.73 0.32313829787234044 0.758 0.32313829787234044 0.76 0.32180851063829785 0.786 0.32313829787234044 0.79 0.32180851063829785
0 0.248 0.7007978723404256 0.25 0.7021276595744681 0.308 0.7021276595744681 0.338 0.7061170212765957 0.338 0.7606382978723404 0.332 0.7632978723404256 0.26 0.7632978723404256 0.258 0.761968085106383 0.256 0.7632978723404256 0.204 0.7632978723404256 0.174 0.7606382978723404 0.174 0.7061170212765957 0.176 0.7034574468085106 0.246 0.7007978723404256
0 0.674 0.07579787234042554 0.678 0.07712765957446809 0.68 0.08111702127659574 0.684 0.17553191489361702 0.68 0.18218085106382978 0.66 0.18351063829787234 0.53 0.18218085106382978 0.526 0.17952127659574468 0.524 0.17154255319148937 0.524 0.07446808510638298 0.526 0.07313829787234043 0.546 0.07446808510638298 0.608 0.07313829787234043 0.61 0.07446808510638298 0.672 0.07579787234042554
0 0.096 0.5757978723404256 0.106 0.5771276595744681 0.118 0.574468085106383 0.126 0.5771276595744681 0.15 0.5771276595744681 0.16 0.5811170212765957 0.16 0.6875 0.154 0.6928191489361702 0.128 0.6928191489361702 0.126 0.6941489361702128 0.108 0.6928191489361702 0.106 0.6941489361702128 0.104 0.6928191489361702 0.098 0.6941489361702128 0.096 0.6928191489361702 0.092 0.6941489361702128 0.008 0.6928191489361702 0.004 0.6941489361702128 0 0.6914893617021277 0 0.5784574468085106 0.002 0.5771276595744681 0.038 0.5784574468085106 0.04 0.5771276595744681 0.094 0.5757978723404256
0 0.794 0.5079787234042553 0.802 0.5106382978723404 0.818 0.511968085106383 0.824 0.5106382978723404 0.826 0.511968085106383 0.83 0.5106382978723404 0.856 0.511968085106383 0.858 0.5106382978723404 0.866 0.511968085106383 0.868 0.5146276595744681 0.87 0.5678191489361702 0.864 0.5704787234042553 0.824 0.5704787234042553 0.822 0.5718085106382979 0.762 0.5704787234042553 0.76 0.5691489361702128 0.72 0.5704787234042553 0.708 0.5678191489361702 0.706 0.5132978723404256 0.71 0.5106382978723404 0.744 0.5106382978723404 0.746 0.5093085106382979 0.778 0.5106382978723404 0.792 0.5079787234042553
0 0.708 0.8670212765957447 0.714 0.8696808510638298 0.722 0.8683510638297872 0.732 0.8696808510638298 0.75 0.8670212765957447 0.754 0.8710106382978723 0.758 0.8696808510638298 0.76 0.8723404255319149 0.758 0.8763297872340425 0.762 0.8803191489361702 0.768 0.8789893617021277 0.766 0.8723404255319149 0.776 0.8670212765957447 0.782 0.8710106382978723 0.784 0.8696808510638298 0.804 0.8710106382978723 0.806 0.8683510638297872 0.812 0.8670212765957447 0.824 0.8710106382978723 0.858 0.8696808510638298 0.862 0.8723404255319149 0.862 0.8843085106382979 0.866 0.8936170212765957 0.864 0.8949468085106383 0.866 0.9002659574468085 0.864 0.901595744680851 0.866 0.9773936170212766 0.862 0.9800531914893617 0.858 0.9787234042553191 0.836 0.9813829787234043 0.83 0.9800531914893617 0.812 0.9813829787234043 0.798 0.9787234042553191 0.748 0.9813829787234043 0.708 0.9787234042553191 0.702 0.976063829787234 0.698 0.886968085106383 0.7 0.8856382978723404 0.7 0.8723404255319149 0.702 0.8683510638297872 0.706 0.8670212765957447
0 0.288 0.7686170212765957 0.29 0.7699468085106383 0.32 0.7699468085106383 0.338 0.7726063829787234 0.34 0.7752659574468085 0.34 0.7938829787234043 0.338 0.7952127659574468 0.34 0.8284574468085106 0.338 0.8311170212765957 0.316 0.8351063829787234 0.308 0.8337765957446809 0.27 0.8351063829787234 0.244 0.8324468085106383 0.23 0.8351063829787234 0.222 0.8324468085106383 0.204 0.8337765957446809 0.174 0.8311170212765957 0.172 0.8204787234042553 0.174 0.8191489361702128 0.174 0.7712765957446809 0.202 0.7712765957446809 0.204 0.7699468085106383 0.278 0.7712765957446809 0.286 0.7699468085106383
0 0.424 0.18882978723404256 0.438 0.19148936170212766 0.444 0.1901595744680851 0.484 0.19148936170212766 0.486 0.1901595744680851 0.504 0.19148936170212766 0.51 0.19414893617021275 0.51 0.23537234042553193 0.512 0.23670212765957446 0.51 0.24601063829787234 0.488 0.24867021276595744 0.466 0.24601063829787234 0.464 0.2473404255319149 0.42 0.2473404255319149 0.418 0.24867021276595744 0.372 0.24867021276595744 0.37 0.2473404255319149 0.366 0.24867021276595744 0.352 0.24601063829787234 0.35 0.24202127659574468 0.35 0.19547872340425532 0.352 0.19148936170212766 0.36 0.18882978723404256 0.38 0.1901595744680851 0.422 0.18882978723404256
0 0.214 0.25398936170212766 0.216 0.2553191489361702 0.258 0.2553191489361702 0.26 0.25398936170212766 0.264 0.2553191489361702 0.27 0.25398936170212766 0.332 0.2553191489361702 0.338 0.261968085106383 0.338 0.30851063829787234 0.336 0.31117021276595747 0.326 0.31382978723404253 0.232 0.3125 0.222 0.3151595744680851 0.22 0.31382978723404253 0.21 0.3151595744680851 0.204 0.3125 0.188 0.31382978723404253 0.178 0.3125 0.176 0.30851063829787234 0.176 0.2579787234042553 0.18 0.2553191489361702 0.212 0.2553191489361702
0 0.08 0.7686170212765957 0.086 0.7712765957446809 0.1 0.7699468085106383 0.13 0.7712765957446809 0.134 0.7699468085106383 0.158 0.7726063829787234 0.158 0.785904255319149 0.16 0.7872340425531915 0.16 0.8284574468085106 0.158 0.8311170212765957 0.118 0.8337765957446809 0.116 0.8324468085106383 0.094 0.8324468085106383 0.09 0.8351063829787234 0.084 0.8337765957446809 0.078 0.8351063829787234 0.072 0.8324468085106383 0.008 0.8324468085106383 0 0.8297872340425532 0 0.7712765957446809 0.004 0.7699468085106383 0.042 0.7712765957446809 0.078 0.7686170212765957
0 0.626 0.7007978723404256 0.628 0.7021276595744681 0.648 0.7021276595744681 0.65 0.7007978723404256 0.652 0.7021276595744681 0.682 0.7021276595744681 0.692 0.7034574468085106 0.696 0.7061170212765957 0.696 0.761968085106383 0.676 0.7646276595744681 0.63 0.7632978723404256 0.624 0.7659574468085106 0.606 0.7632978723404256 0.57 0.7646276595744681 0.532 0.761968085106383 0.53 0.7087765957446809 0.534 0.7034574468085106 0.576 0.7007978723404256 0.602 0.7034574468085106 0.624 0.7021276595744681
0 0.972 0.8656914893617021 0.984 0.8710106382978723 0.994 0.8696808510638298 0.994 0.8816489361702128 0.998 0.886968085106383 0.996 0.8962765957446809 0.998 0.9401595744680851 0.994 0.9521276595744681 0.994 0.9667553191489362 0.998 0.9827127659574468 0.994 0.9867021276595744 0.994 0.9906914893617021 0.99 0.9906914893617021 0.986 0.9946808510638298 0.98 0.9960106382978723 0.976 0.9920212765957447 0.98 0.9840425531914894 0.974 0.9813829787234043 0.97 0.9827127659574468 0.95 0.9813829787234043 0.942 0.9840425531914894 0.936 0.9813829787234043 0.924 0.9813829787234043 0.898 0.9840425531914894 0.902 0.9933510638297872 0.906 0.988031914893617 0.936 0.9893617021276596 0.938 0.9867021276595744 0.942 0.9893617021276596 0.948 0.9853723404255319 0.954 0.9893617021276596 0.964 0.9906914893617021 0.956 0.9986702127659575 0.954 0.9960106382978723 0.948 0.9960106382978723 0.942 0.9933510638297872 0.938 0.9960106382978723 0.934 0.9933510638297872 0.928 0.9986702127659575 0.904 0.9986702127659575 0.902 0.9960106382978723 0.9 0.9986702127659575 0.894 0.9986702127659575 0.896 0.9840425531914894 0.89 0.9813829787234043 0.886 0.9827127659574468 0.878 0.9800531914893617 0.876 0.9773936170212766 0.874 0.9361702127659575 0.878 0.9188829787234043 0.878 0.9055851063829787 0.876 0.9042553191489362 0.878 0.9002659574468085 0.874 0.8936170212765957 0.874 0.8829787234042553 0.878 0.8789893617021277 0.876 0.8683510638297872 0.88 0.8710106382978723 0.888 0.8670212765957447 0.896 0.8723404255319149 0.902 0.8683510638297872 0.918 0.8683510638297872 0.92 0.8710106382978723 0.928 0.8710106382978723 0.93 0.8683510638297872 0.94 0.8670212765957447 0.97 0.8656914893617021
0 0.306 0.5093085106382979 0.308 0.5106382978723404 0.324 0.5093085106382979 0.338 0.511968085106383 0.338 0.5664893617021277 0.332 0.5691489361702128 0.296 0.5691489361702128 0.294 0.5704787234042553 0.178 0.5678191489361702 0.174 0.5598404255319149 0.174 0.5186170212765957 0.178 0.5093085106382979 0.248 0.5093085106382979 0.25 0.5106382978723404 0.254 0.5093085106382979 0.304 0.5093085106382979
0 0.914 0.44148936170212766 0.924 0.4441489361702128 0.994 0.4441489361702128 0.998 0.4454787234042553 0.998 0.4946808510638298 0.994 0.5026595744680851 0.882 0.5013297872340425 0.88 0.4454787234042553 0.912 0.4428191489361702
0 0.074 0.18882978723404256 0.076 0.1901595744680851 0.102 0.1901595744680851 0.104 0.18882978723404256 0.134 0.1901595744680851 0.136 0.19148936170212766 0.156 0.19148936170212766 0.162 0.19414893617021275 0.164 0.19946808510638298 0.162 0.24601063829787234 0.144 0.2473404255319149 0.108 0.2473404255319149 0.106 0.24601063829787234 0.016 0.2473404255319149 0.004 0.24468085106382978 0.002 0.22074468085106383 0.004 0.21941489361702127 0.004 0.19414893617021275 0.006 0.19148936170212766 0.046 0.1901595744680851 0.052 0.1875 0.072 0.18882978723404256
0 0.244 0.18882978723404256 0.252 0.19148936170212766 0.276 0.1901595744680851 0.278 0.19148936170212766 0.332 0.19148936170212766 0.336 0.19281914893617022 0.338 0.23803191489361702 0.334 0.2473404255319149 0.294 0.2473404255319149 0.292 0.24601063829787234 0.262 0.24867021276595744 0.194 0.2473404255319149 0.178 0.24601063829787234 0.176 0.24202127659574468 0.176 0.19547872340425532 0.178 0.19148936170212766 0.204 0.18882978723404256 0.212 0.1901595744680851 0.242 0.18882978723404256
0 0.848 0.7712765957446809 0.876 0.773936170212766 0.878 0.8311170212765957 0.876 0.8337765957446809 0.814 0.8351063829787234 0.812 0.836436170212766 0.792 0.8351063829787234 0.746 0.8351063829787234 0.742 0.836436170212766 0.716 0.8337765957446809 0.712 0.8284574468085106 0.712 0.7752659574468085 0.716 0.7726063829787234 0.77 0.7726063829787234 0.772 0.7712765957446809 0.794 0.7726063829787234 0.802 0.7712765957446809 0.81 0.773936170212766 0.838 0.7699468085106383 0.846 0.7712765957446809
0 0.252 0.32180851063829785 0.254 0.32313829787234044 0.322 0.32180851063829785 0.336 0.324468085106383 0.338 0.32845744680851063 0.338 0.3537234042553192 0.336 0.3550531914893617 0.338 0.3603723404255319 0.338 0.3829787234042553 0.336 0.38430851063829785 0.338 0.4295212765957447 0.33 0.4348404255319149 0.328 0.43351063829787234 0.324 0.4348404255319149 0.322 0.43351063829787234 0.314 0.4348404255319149 0.298 0.43351063829787234 0.296 0.4348404255319149 0.272 0.4321808510638298 0.27 0.43351063829787234 0.224 0.43351063829787234 0.222 0.4321808510638298 0.2 0.4321808510638298 0.198 0.43351063829787234 0.19 0.4321808510638298 0.188 0.43351063829787234 0.18 0.4321808510638298 0.178 0.4295212765957447 0.176 0.42021276595744683 0.176 0.39893617021276595 0.178 0.3976063829787234 0.176 0.324468085106383 0.18 0.32180851063829785 0.2 0.32313829787234044 0.204 0.32180851063829785 0.216 0.32313829787234044 0.25 0.32180851063829785
0 0.502 0.32313829787234044 0.508 0.324468085106383 0.512 0.32845744680851063 0.512 0.3670212765957447 0.51 0.3683510638297872 0.512 0.37101063829787234 0.512 0.4308510638297872 0.508 0.43351063829787234 0.49 0.4348404255319149 0.488 0.43351063829787234 0.484 0.4348404255319149 0.472 0.43351063829787234 0.378 0.4348404255319149 0.354 0.4321808510638298 0.352 0.425531914893617 0.352 0.32845744680851063 0.356 0.32313829787234044 0.442 0.32313829787234044 0.444 0.32180851063829785 0.448 0.32313829787234044 0.5 0.32313829787234044
0 0.368 0.007978723404255319 0.386 0.010638297872340425 0.388 0.009308510638297872 0.392 0.010638297872340425 0.426 0.009308510638297872 0.444 0.011968085106382979 0.454 0.009308510638297872 0.476 0.009308510638297872 0.482 0.006648936170212766 0.494 0.010638297872340425 0.504 0.010638297872340425 0.508 0.013297872340425532 0.508 0.061170212765957445 0.506 0.06382978723404255 0.486 0.06648936170212766 0.478 0.06515957446808511 0.354 0.06515957446808511 0.35 0.0625 0.35 0.011968085106382979 0.356 0.009308510638297872 0.358 0.010638297872340425 0.366 0.009308510638297872
0 0.512 0.4441489361702128 0.516 0.46675531914893614 0.516 0.4973404255319149 0.512 0.5013297872340425 0.424 0.5013297872340425 0.422 0.5026595744680851 0.38 0.5026595744680851 0.378 0.5013297872340425 0.358 0.5013297872340425 0.354 0.49867021276595747 0.352 0.4946808510638298 0.352 0.4454787234042553 0.356 0.4428191489361702 0.422 0.4428191489361702 0.424 0.44148936170212766 0.446 0.44148936170212766 0.454 0.4441489361702128 0.51 0.4441489361702128
0 0.004 0.699468085106383 0.028 0.7021276595744681 0.088 0.7007978723404256 0.09 0.7021276595744681 0.156 0.7034574468085106 0.16 0.7061170212765957 0.16 0.7579787234042553 0.158 0.7606382978723404 0.156 0.761968085106383 0.086 0.761968085106383 0.084 0.7632978723404256 0.078 0.761968085106383 0.074 0.7632978723404256 0 0.761968085106383 0 0.7007978723404256 0.002 0.7007978723404256
0 0.23 0.4401595744680851 0.232 0.4428191489361702 0.242 0.4441489361702128 0.254 0.4428191489361702 0.27 0.4441489361702128 0.31 0.4428191489361702 0.314 0.4441489361702128 0.316 0.4428191489361702 0.336 0.4454787234042553 0.338 0.449468085106383 0.338 0.49601063829787234 0.336 0.49867021276595747 0.332 0.5013297872340425 0.282 0.5 0.258 0.5026595744680851 0.25 0.5 0.248 0.5013297872340425 0.178 0.5 0.176 0.49867021276595747 0.176 0.47074468085106386 0.174 0.46941489361702127 0.176 0.4454787234042553 0.19 0.4428191489361702 0.196 0.4441489361702128 0.212 0.44148936170212766 0.228 0.44148936170212766
0 0.026 0.44148936170212766 0.028 0.4428191489361702 0.052 0.44148936170212766 0.06 0.4441489361702128 0.068 0.4428191489361702 0.07 0.4441489361702128 0.08 0.44148936170212766 0.082 0.4428191489361702 0.144 0.4428191489361702 0.16 0.4454787234042553 0.162 0.45345744680851063 0.16 0.46675531914893614 0.162 0.4973404255319149 0.16 0.5 0.154 0.5013297872340425 0.124 0.5 0.102 0.5026595744680851 0.046 0.5013297872340425 0.044 0.5 0.002 0.5013297872340425 0 0.5 0 0.4441489361702128 0.024 0.44148936170212766
0 0.41 0.8670212765957447 0.414 0.8723404255319149 0.44 0.8696808510638298 0.462 0.875 0.468 0.8736702127659575 0.474 0.875 0.48 0.8696808510638298 0.482 0.8710106382978723 0.502 0.8696808510638298 0.51 0.8723404255319149 0.512 0.9773936170212766 0.5 0.9800531914893617 0.498 0.9787234042553191 0.48 0.9800531914893617 0.468 0.9787234042553191 0.466 0.9800531914893617 0.464 0.9787234042553191 0.46 0.9800531914893617 0.44 0.9787234042553191 0.438 0.9800531914893617 0.434 0.9787234042553191 0.428 0.9827127659574468 0.426 0.9813829787234043 0.422 0.9827127659574468 0.414 0.9787234042553191 0.362 0.9787234042553191 0.354 0.976063829787234 0.35 0.9667553191489362 0.35 0.9481382978723404 0.348 0.9468085106382979 0.352 0.8723404255319149 0.358 0.8683510638297872 0.384 0.8670212765957447 0.4 0.8710106382978723 0.408 0.8683510638297872
0 0.886 0.5691489361702128 0.882 0.5492021276595744 0.882 0.511968085106383 0.884 0.5106382978723404 0.998 0.5106382978723404 0.998 0.5691489361702128 0.994 0.5704787234042553 0.888 0.5691489361702128
0 0.772 0.2553191489361702 0.774 0.2566489361702128 0.858 0.2566489361702128 0.86 0.2579787234042553 0.862 0.3125 0.858 0.3151595744680851 0.836 0.3151595744680851 0.834 0.31648936170212766 0.812 0.31382978723404253 0.808 0.3151595744680851 0.704 0.31382978723404253 0.7 0.3071808510638298 0.7 0.2579787234042553 0.732 0.2553191489361702 0.736 0.2566489361702128 0.77 0.2553191489361702
0 0.31 0.5784574468085106 0.312 0.5797872340425532 0.332 0.5797872340425532 0.338 0.5837765957446809 0.338 0.6888297872340425 0.332 0.6928191489361702 0.322 0.6941489361702128 0.178 0.6914893617021277 0.174 0.6821808510638298 0.176 0.6781914893617021 0.176 0.660904255319149 0.174 0.6595744680851063 0.176 0.5797872340425532 0.188 0.5771276595744681 0.196 0.5784574468085106 0.21 0.5771276595744681 0.294 0.5784574468085106 0.296 0.5797872340425532 0.308 0.5784574468085106
0 0.738 0.5784574468085106 0.74 0.5797872340425532 0.85 0.5784574468085106 0.868 0.5811170212765957 0.87 0.5837765957446809 0.872 0.6928191489361702 0.862 0.6954787234042553 0.83 0.6954787234042553 0.828 0.6968085106382979 0.802 0.6941489361702128 0.794 0.6954787234042553 0.78 0.6941489361702128 0.772 0.6968085106382979 0.732 0.6954787234042553 0.716 0.6941489361702128 0.71 0.6914893617021277 0.708 0.5811170212765957 0.714 0.5784574468085106 0.736 0.5784574468085106
0 0.886 0.010638297872340425 0.888 0.011968085106382979 0.906 0.010638297872340425 0.988 0.011968085106382979 0.992 0.06382978723404255 0.986 0.0678191489361702 0.982 0.06648936170212766 0.972 0.0678191489361702 0.924 0.06648936170212766 0.918 0.0678191489361702 0.916 0.06648936170212766 0.868 0.06515957446808511 0.864 0.05186170212765957 0.866 0.043882978723404256 0.864 0.014627659574468085 0.866 0.011968085106382979 0.884 0.010638297872340425
0 0.4 0.2553191489361702 0.402 0.2566489361702128 0.408 0.2553191489361702 0.474 0.2566489361702128 0.476 0.2553191489361702 0.512 0.2579787234042553 0.512 0.31117021276595747 0.5 0.31382978723404253 0.468 0.3125 0.448 0.3151595744680851 0.442 0.31382978723404253 0.41 0.31382978723404253 0.408 0.3151595744680851 0.362 0.31382978723404253 0.36 0.3151595744680851 0.352 0.31117021276595747 0.35 0.3071808510638298 0.352 0.2579787234042553 0.37 0.2553191489361702 0.39 0.2566489361702128 0.398 0.2553191489361702
0 0.612 0.3204787234042553 0.628 0.32313829787234044 0.648 0.32313829787234044 0.65 0.32180851063829785 0.68 0.32313829787234044 0.686 0.3271276595744681 0.688 0.4308510638297872 0.684 0.43351063829787234 0.666 0.4348404255319149 0.54 0.4348404255319149 0.532 0.43351063829787234 0.528 0.4295212765957447 0.528 0.3670212765957447 0.526 0.36569148936170215 0.526 0.3271276595744681 0.528 0.324468085106383 0.61 0.32180851063829785
0 0.126 0.2553191489361702 0.128 0.2566489361702128 0.142 0.2553191489361702 0.162 0.2566489361702128 0.162 0.2712765957446808 0.164 0.2726063829787234 0.162 0.27393617021276595 0.162 0.2872340425531915 0.164 0.28856382978723405 0.162 0.3098404255319149 0.146 0.31382978723404253 0.136 0.3125 0.114 0.3125 0.112 0.31382978723404253 0.11 0.3125 0.09 0.31382978723404253 0.034 0.3125 0.026 0.31382978723404253 0.006 0.31117021276595747 0.002 0.30851063829787234 0 0.300531914893617 0.002 0.261968085106383 0.006 0.2553191489361702 0.086 0.2553191489361702 0.088 0.25398936170212766 0.124 0.2553191489361702
0 0.688 0.5797872340425532 0.692 0.5811170212765957 0.694 0.5917553191489362 0.696 0.6914893617021277 0.686 0.6941489361702128 0.652 0.6968085106382979 0.642 0.6941489361702128 0.626 0.6954787234042553 0.624 0.6941489361702128 0.542 0.6941489361702128 0.532 0.6914893617021277 0.53 0.5837765957446809 0.534 0.5797872340425532 0.54 0.5784574468085106 0.686 0.5797872340425532
0 0.446 0.7699468085106383 0.448 0.7712765957446809 0.49 0.7699468085106383 0.518 0.7726063829787234 0.52 0.8271276595744681 0.518 0.8324468085106383 0.51 0.8337765957446809 0.504 0.8324468085106383 0.478 0.8351063829787234 0.454 0.8337765957446809 0.438 0.836436170212766 0.41 0.8337765957446809 0.388 0.8351063829787234 0.354 0.8324468085106383 0.352 0.8271276595744681 0.354 0.8164893617021277 0.352 0.8151595744680851 0.352 0.7752659574468085 0.354 0.7712765957446809 0.394 0.7712765957446809 0.396 0.7699468085106383 0.436 0.7712765957446809 0.444 0.7699468085106383
0 0.716 0.009308510638297872 0.718 0.010638297872340425 0.82 0.009308510638297872 0.834 0.011968085106382979 0.848 0.010638297872340425 0.852 0.015957446808510637 0.852 0.05319148936170213 0.854 0.05452127659574468 0.852 0.06648936170212766 0.826 0.06648936170212766 0.824 0.0678191489361702 0.802 0.0678191489361702 0.8 0.06648936170212766 0.744 0.0678191489361702 0.742 0.06648936170212766 0.706 0.06648936170212766 0.694 0.06382978723404255 0.694 0.03324468085106383 0.692 0.031914893617021274 0.694 0.013297872340425532 0.702 0.009308510638297872 0.706 0.010638297872340425 0.714 0.009308510638297872
0 0.046 0.3204787234042553 0.048 0.32180851063829785 0.052 0.3204787234042553 0.08 0.3204787234042553 0.082 0.32180851063829785 0.112 0.3204787234042553 0.114 0.32180851063829785 0.16 0.32313829787234044 0.162 0.32978723404255317 0.162 0.42819148936170215 0.16 0.4321808510638298 0.006 0.43351063829787234 0 0.4308510638297872 0 0.324468085106383 0.006 0.32180851063829785 0.044 0.32180851063829785
0 0.95 0.07446808510638298 0.952 0.07579787234042554 0.97 0.07446808510638298 0.988 0.07579787234042554 0.994 0.09840425531914894 0.996 0.17952127659574468 0.99 0.18351063829787234 0.97 0.18351063829787234 0.968 0.1848404255319149 0.946 0.1848404255319149 0.944 0.18351063829787234 0.942 0.1848404255319149 0.94 0.18351063829787234 0.876 0.1848404255319149 0.87 0.18218085106382978 0.868 0.07712765957446809 0.872 0.07446808510638298 0.894 0.07446808510638298 0.896 0.07579787234042554 0.898 0.07446808510638298 0.948 0.07446808510638298