0 0.6161099137931034 0.7203663793103449 0.6163793103448276 0.9572557471264368 0.6155711206896551 0.9949712643678161 0.6120689655172413 0.9998204022988506 0.576239224137931 0.9998204022988506 0.5751616379310345 0.9978448275862069 0.5638469827586207 0.9980244252873564 0.5571120689655172 0.9960488505747126 0.546875 0.9973060344827587 0.544989224137931 0.9998204022988506 0.5177801724137931 0.9998204022988506 0.515625 0.9969468390804598 0.4943426724137931 0.9953304597701149 0.4921875 0.8934985632183908 0.4956896551724138 0.859375 0.49353448275862066 0.8460847701149425 0.4964978448275862 0.835308908045977 0.5158943965517241 0.8173491379310345 0.5218211206896551 0.8071120689655172 0.5307112068965517 0.8015445402298851 0.5985991379310345 0.7341954022988506 0.6158405172413793 0.7205459770114943
0 0.6196120689655172 0.21875 0.6214978448275862 0.24102011494252873 0.619073275862069 0.41451149425287354 0.5121228448275862 0.5296336206896551 0.5051185344827587 0.5341235632183908 0.5016163793103449 0.5341235632183908 0.5008081896551724 0.5281968390804598 0.5053879310344828 0.48976293103448276 0.5043103448275862 0.4375 0.5080818965517241 0.3432112068965517 0.6193426724137931 0.21892959770114942
0 0.4859913793103448 0.3613505747126437 0.4878771551724138 0.367816091954023 0.4816810344827586 0.5607040229885057 0.40247844827586204 0.6196120689655172 0.37311422413793105 0.6384698275862069 0.36799568965517243 0.6343390804597702 0.36799568965517243 0.6232040229885057 0.37823275862068967 0.4427083333333333 0.47737068965517243 0.36530172413793105 0.48572198275862066 0.3613505747126437
0 0.46794181034482757 0.9392959770114943 0.4703663793103448 0.9423491379310345 0.4703663793103448 0.9617456896551724 0.4671336206896552 0.9998204022988506 0.4326508620689655 0.9998204022988506 0.4323814655172414 0.9980244252873564 0.42887931034482757 0.9980244252873564 0.4286099137931034 0.9998204022988506 0.3917025862068966 0.9998204022988506 0.39035560344827586 0.9971264367816092 0.3857758620689655 0.9974856321839081 0.3828125 0.9946120689655172 0.4676724137931034 0.9392959770114943
0 0.7077047413793104 0.18552442528735633 0.9224137931034483 0.3098060344827586 0.9288793103448276 0.42510775862068967 0.9288793103448276 0.5158045977011494 0.9151400862068966 0.5120330459770115 0.8483297413793104 0.4755747126436782 0.8429418103448276 0.4709051724137931 0.8351293103448276 0.46910919540229884 0.705010775862069 0.3974497126436782 0.7025862068965517 0.20204741379310345 0.703125 0.18839798850574713 0.7074353448275862 0.18552442528735633
0 0.2039331896551724 0.5450790229885057 0.20689655172413793 0.5461566091954023 0.20716594827586207 0.5502873563218391 0.2036637931034483 0.6097341954022989 0.18992456896551724 0.7464080459770115 0.040948275862068964 0.8085488505747126 0.03744612068965517 0.8072916666666666 0.037176724137931036 0.8036997126436781 0.042295258620689655 0.7769396551724138 0.04633620689655173 0.7165948275862069 0.059267241379310345 0.6099137931034483 0.2036637931034483 0.5450790229885057
0 0.6161099137931034 0.4452227011494253 0.619073275862069 0.44612068965517243 0.6193426724137931 0.44935344827586204 0.6163793103448276 0.6891163793103449 0.53125 0.7733477011494253 0.5153556034482759 0.7848419540229885 0.5121228448275862 0.7828663793103449 0.5053879310344828 0.7866379310344828 0.5040409482758621 0.7898706896551724 0.5091594827586207 0.7932830459770115 0.5051185344827587 0.7972341954022989 0.49757543103448276 0.7900502873563219 0.5 0.7760416666666666 0.49919181034482757 0.7300646551724138 0.49407327586206895 0.720007183908046 0.49461206896551724 0.712823275862069 0.5 0.7034841954022989 0.5040409482758621 0.5660919540229885 0.6161099137931034 0.4454022988505747
0 0.3432112068965517 0.6821120689655172 0.3459051724137931 0.6849856321839081 0.34401939655172414 0.7368893678160919 0.3332435344827586 0.9220545977011494 0.32839439655172414 0.9263649425287356 0.19639008620689655 0.992816091954023 0.1931573275862069 0.9913793103448276 0.19288793103448276 0.9834770114942529 0.21201508620689655 0.7539511494252874 0.21551724137931033 0.7501795977011494 0.2621228448275862 0.7243175287356322 0.34294181034482757 0.6821120689655172
0 0.02882543103448276 0.9998204022988506 0.02747844827586207 0.9901221264367817 0.03125 0.9515086206896551 0.045797413793103446 0.8351293103448276 0.16729525862068967 0.7848419540229885 0.18157327586206898 0.7807112068965517 0.18399784482758622 0.7826867816091954 0.18399784482758622 0.7923850574712644 0.17699353448275862 0.8705100574712644 0.16514008620689655 0.9881465517241379 0.1619073275862069 0.9998204022988506 0.08755387931034483 0.9998204022988506 0.08512931034482758 0.9974856321839081 0.08028017241379311 0.9980244252873564 0.08001077586206896 0.9998204022988506 0.029094827586206896 0.9998204022988506
0 0.4703663793103448 0.8530890804597702 0.4722521551724138 0.8556034482758621 0.47063577586206895 0.9044540229885057 0.46848060344827586 0.9096623563218391 0.46120689655172414 0.9150502873563219 0.36260775862068967 0.9770114942528736 0.359375 0.9764727011494253 0.3588362068965517 0.9743175287356322 0.36072198275862066 0.9263649425287356 0.3636853448275862 0.9222341954022989 0.4019396551724138 0.896551724137931 0.47009698275862066 0.8532686781609196
0 0.32839439655172414 0.9457614942528736 0.3316271551724138 0.954382183908046 0.3286637931034483 0.9998204022988506 0.2330280172413793 0.9998204022988506 0.23087284482758622 0.9947916666666666 0.3108836206896552 0.9527658045977011 0.328125 0.9457614942528736
0 0.008620689655172414 0.8369252873563219 0.012392241379310345 0.8380028735632183 0.012661637931034482 0.8428520114942529 0.0051185344827586205 0.8994252873563219 0 0.8951149425287356 0.0024245689655172415 0.8908045977011494 0 0.8884698275862069 0 0.8397988505747126 0.008351293103448275 0.8371048850574713
0 0.7109375 0.6977370689655172 0.7262931034482759 0.7029454022988506 0.7847521551724138 0.7309626436781609 0.7984913793103449 0.7397629310344828 0.9428879310344828 0.811242816091954 0.9453125 0.8166307471264368 0.9528556034482759 0.9635416666666666 0.9568965517241379 0.9910201149425287 0.9566271551724138 0.9956896551724138 0.9504310344827587 0.9998204022988506 0.8669181034482759 0.9998204022988506 0.8661099137931034 0.9978448275862069 0.8526400862068966 0.9958692528735632 0.8453663793103449 0.9980244252873564 0.8450969827586207 0.9998204022988506 0.8084590517241379 0.9998204022988506 0.8076508620689655 0.9978448275862069 0.802801724137931 0.9998204022988506 0.8009159482758621 0.9976652298850575 0.7966056034482759 0.9980244252873564 0.7963362068965517 0.9998204022988506 0.7914870689655172 0.9998204022988506 0.7912176724137931 0.9980244252873564 0.7893318965517241 0.9998204022988506 0.7607758620689655 0.9998204022988506 0.7586206896551724 0.9973060344827587 0.7448814655172413 0.9953304597701149 0.7101293103448276 0.9786278735632183 0.7077047413793104 0.9610272988505747 0.7066271551724138 0.7085129310344828 0.7071659482758621 0.6995330459770115 0.7106681034482759 0.6977370689655172
0 0.3558728448275862 0.4583333333333333 0.3577586206896552 0.4619252873563218 0.35614224137931033 0.5034123563218391 0.3467133620689655 0.6582255747126436 0.31842672413793105 0.6760057471264368 0.21686422413793102 0.7313218390804598 0.21390086206896552 0.7282686781609196 0.21443965517241378 0.7117456896551724 0.22817887931034483 0.5330459770114943 0.3389008620689655 0.46641522988505746 0.35560344827586204 0.4583333333333333
0 0.03636853448275862 0.6185344827586207 0.03556034482758621 0.6445761494252874 0.016163793103448277 0.8116020114942529 0.013469827586206896 0.8211206896551724 0.0018857758620689656 0.8236350574712644 0 0.8236350574712644 0 0.6291307471264368 0.03609913793103448 0.6185344827586207
0 0.7098599137931034 0.4204382183908046 0.9326508620689655 0.5398706896551724 0.9439655172413793 0.7749640804597702 0.9428879310344828 0.7866379310344828 0.9396551724137931 0.7873563218390804 0.8445581896551724 0.7417385057471264 0.7071659482758621 0.6715158045977011 0.7036637931034483 0.42510775862068967 0.7052801724137931 0.42061781609195403 0.7095905172413793 0.4204382183908046
0 0.47737068965517243 0.5993175287356322 0.4808728448275862 0.6018318965517241 0.4808728448275862 0.6138649425287356 0.47332974137931033 0.8295617816091954 0.4709051724137931 0.8371048850574713 0.4609375 0.8451867816091954 0.37634698275862066 0.9005028735632183 0.36476293103448276 0.9046336206896551 0.3739224137931034 0.6743893678160919 0.3785021551724138 0.6668462643678161 0.4771012931034483 0.5994971264367817