0 0.333116036505867 0.215 0.11082138200782268 0.298
0 0.6988265971316818 0.2155 0.1303780964797914 0.299
0 0.09647979139504563 0.215 0.10951760104302477 0.3
0 0.5697522816166884 0.2155 0.10951760104302477 0.299
0 0.33572359843546284 0.522 0.10821382007822686 0.294
0 0.6766623207301173 0.8265 0.1303780964797914 0.295
0 0.09778357235984354 0.825 0.10951760104302477 0.298
0 0.21707953063885269 0.522 0.11082138200782268 0.294
0 0.21447196870925683 0.215 0.11082138200782268 0.3
0 0.4517601043024772 0.2155 0.11082138200782268 0.299
0 0.8063885267275098 0.2155 0.11342894393741851 0.299
0 0.24119947848761408 0.8265 0.1590612777053455 0.295
0 0.8057366362451108 0.523 0.1121251629726206 0.294
0 0.9256844850065189 0.2165 0.1121251629726206 0.301
0 0.9250325945241199 0.8255 0.11082138200782268 0.297
0 0.9230769230769231 0.522 0.10691003911342895 0.296
0 0.09713168187744459 0.521 0.10821382007822686 0.298
0 0.6864406779661016 0.522 0.10821382007822686 0.296
0 0.8050847457627118 0.827 0.11082138200782268 0.296
0 0.3350717079530639 0.826 0.10951760104302477 0.294
0 0.4406779661016949 0.523 0.13559322033898305 0.294
0 0.5697522816166884 0.523 0.10951760104302477 0.294
0 0.4511082138200782 0.825 0.11734028683181226 0.298
0 0.5697522816166884 0.826 0.10951760104302477 0.298
0 0.017601043024771838 0.826 0.035202086049543675 0.296
0 0.01694915254237288 0.4175 0.03389830508474576 0.497
0 0.016297262059973925 0.212 0.03259452411994785 0.294
0 0.9915254237288136 0.5215 0.014341590612777053 0.293
0 0.9921773142112125 0.726 0.01303780964797914 0.182
0 0.9908735332464146 0.217 0.01564537157757497 0.3