0 0.1708984375 0.7431640625 0.197265625 0.744140625 0.1982421875 0.7802734375 0.1962890625 0.7822265625 0.1884765625 0.7822265625 0.1787109375 0.7802734375 0.16796875 0.78125 0.1650390625 0.779296875 0.1640625 0.74609375 0.169921875 0.744140625
0 0.19921875 0.3125 0.19921875 0.3974609375 0.1953125 0.40234375 0.1748046875 0.404296875 0.1689453125 0.40234375 0.169921875 0.3193359375 0.1748046875 0.314453125 0.1982421875 0.3125
0 0.5966796875 0.091796875 0.6064453125 0.1640625 0.583984375 0.1669921875 0.5771484375 0.1669921875 0.5751953125 0.1650390625 0.568359375 0.0947265625 0.5703125 0.0927734375 0.595703125 0.091796875
0 0.0673828125 0.75 0.0693359375 0.751953125 0.0693359375 0.783203125 0.0673828125 0.78515625 0.0498046875 0.78515625 0.0478515625 0.783203125 0.048828125 0.7509765625 0.06640625 0.75
0 0.5576171875 0.0947265625 0.5654296875 0.1650390625 0.5634765625 0.16796875 0.55078125 0.1689453125 0.53125 0.16796875 0.52734375 0.1025390625 0.5283203125 0.09765625 0.53125 0.095703125 0.556640625 0.0947265625
0 0.6220703125 0.50390625 0.6396484375 0.515625 0.6416015625 0.5322265625 0.6435546875 0.5888671875 0.638671875 0.59375 0.626953125 0.5966796875 0.619140625 0.5966796875 0.6123046875 0.59375 0.607421875 0.5810546875 0.6083984375 0.560546875 0.6044921875 0.5048828125 0.6103515625 0.501953125 0.62109375 0.50390625
0 0.2841796875 0.73828125 0.2890625 0.7431640625 0.2890625 0.783203125 0.28515625 0.7861328125 0.265625 0.7861328125 0.2548828125 0.783203125 0.2529296875 0.7451171875 0.255859375 0.740234375 0.283203125 0.73828125
0 0.27099609375 0.3505859375 0.0322265625 0.09375
0 0.654296875 0.80859375 0.6572265625 0.810546875 0.658203125 0.8154296875 0.6591796875 0.8564453125 0.658203125 0.8759765625 0.6513671875 0.8837890625 0.6240234375 0.8837890625 0.6220703125 0.8818359375 0.62109375 0.8134765625 0.6240234375 0.8095703125 0.6533203125 0.80859375
0 0.59375 0.50390625 0.595703125 0.509765625 0.595703125 0.5380859375 0.5986328125 0.568359375 0.59765625 0.5908203125 0.58984375 0.6005859375 0.5712890625 0.6015625 0.5654296875 0.6005859375 0.5625 0.5947265625 0.5595703125 0.5068359375 0.5654296875 0.5029296875 0.5849609375 0.501953125 0.5927734375 0.50390625
0 0.0390625 0.7509765625 0.0400390625 0.7822265625 0.0380859375 0.78515625 0.0322265625 0.7861328125 0.017578125 0.7861328125 0.0166015625 0.7841796875 0.0166015625 0.75390625 0.01953125 0.7509765625 0.0380859375 0.7509765625
0 0.0322265625 0.4140625 0.0341796875 0.3671875 0.037109375 0.3642578125 0.05078125 0.361328125 0.0556640625 0.361328125 0.0576171875 0.3642578125 0.0576171875 0.41796875 0.046875 0.421875 0.0380859375 0.421875 0.037109375 0.4169921875 0.033203125 0.4140625
0 0.6181640625 0.2802734375 0.62109375 0.2822265625 0.6220703125 0.294921875 0.6279296875 0.302734375 0.6259765625 0.33203125 0.6298828125 0.3662109375 0.6220703125 0.3701171875 0.5966796875 0.369140625 0.5908203125 0.328125 0.5888671875 0.2822265625 0.5908203125 0.2802734375 0.6171875 0.2802734375
0 0.068359375 0.548828125 0.0712890625 0.552734375 0.0712890625 0.583984375 0.0703125 0.6162109375 0.0673828125 0.619140625 0.052734375 0.619140625 0.05078125 0.6171875 0.0517578125 0.5537109375 0.0556640625 0.5498046875 0.0673828125 0.548828125
0 0.07080078125 0.38720703125 0.0224609375 0.0634765625
0 0.234375 0.1806640625 0.03125 0.044921875
0 0.2021484375 0.1630859375 0.2060546875 0.1669921875 0.205078125 0.203125 0.1982421875 0.2060546875 0.17578125 0.20703125 0.1767578125 0.1689453125 0.1806640625 0.166015625 0.201171875 0.1640625
0 0.0654296875 0.1923828125 0.0673828125 0.1962890625 0.064453125 0.2373046875 0.0595703125 0.240234375 0.046875 0.2421875 0.0419921875 0.2392578125 0.0458984375 0.19921875 0.048828125 0.1953125 0.064453125 0.1923828125
0 0.087890625 0.1845703125 0.08984375 0.1884765625 0.087890625 0.232421875 0.0859375 0.234375 0.080078125 0.234375 0.0791015625 0.23046875 0.072265625 0.2255859375 0.0732421875 0.1923828125 0.076171875 0.1884765625 0.0869140625 0.185546875
0 0.0126953125 0.5556640625 0.0146484375 0.556640625 0.0126953125 0.62109375 0.00390625 0.6240234375 0 0.6240234375 0 0.556640625 0.01171875 0.5556640625
0 0.681640625 0.4970703125 0.6865234375 0.498046875 0.689453125 0.5029296875 0.689453125 0.5166015625 0.6923828125 0.525390625 0.6943359375 0.576171875 0.689453125 0.5859375 0.6796875 0.58984375 0.6669921875 0.5888671875 0.662109375 0.5849609375 0.6591796875 0.5712890625 0.66015625 0.544921875 0.65625 0.5009765625 0.6611328125 0.498046875 0.6806640625 0.4970703125
0 0.0029296875 0.4150390625 0.005859375 0.4052734375 0.0068359375 0.373046875 0.015625 0.369140625 0.02734375 0.3681640625 0.029296875 0.373046875 0.02734375 0.37890625 0.0263671875 0.4140625 0.0087890625 0.41796875 0.00390625 0.41796875 0.00390625 0.416015625
0 0.166015625 0.1689453125 0.16796875 0.169921875 0.1669921875 0.2080078125 0.1650390625 0.2099609375 0.142578125 0.212890625 0.1376953125 0.2109375 0.138671875 0.173828125 0.150390625 0.169921875 0.1650390625 0.1689453125
0 0.244140625 0.3076171875 0.24609375 0.310546875 0.2451171875 0.39453125 0.240234375 0.3984375 0.2294921875 0.3994140625 0.21484375 0.3984375 0.2158203125 0.3125 0.2177734375 0.3095703125 0.2431640625 0.3076171875
0 0.28515625 0.15234375 0.287109375 0.1669921875 0.2861328125 0.19140625 0.28125 0.1953125 0.267578125 0.197265625 0.2568359375 0.1962890625 0.2578125 0.15625 0.2607421875 0.1533203125 0.2841796875 0.15234375
0 0.037109375 0.19921875 0.0390625 0.2001953125 0.0390625 0.2216796875 0.0341796875 0.23828125 0.02734375 0.2470703125 0.021484375 0.2490234375 0.017578125 0.248046875 0.0185546875 0.20703125 0.025390625 0.2021484375 0.0361328125 0.19921875
0 0.5458984375 0.28125 0.57421875 0.2783203125 0.578125 0.283203125 0.5859375 0.3662109375 0.5849609375 0.3701171875 0.576171875 0.3720703125 0.5556640625 0.3740234375 0.5498046875 0.3701171875 0.544921875 0.31640625 0.5458984375 0.2822265625
0 0.2412109375 0.740234375 0.2431640625 0.7431640625 0.2431640625 0.783203125 0.2412109375 0.7841796875 0.2119140625 0.783203125 0.2099609375 0.7802734375 0.208984375 0.75390625 0.2099609375 0.7431640625 0.2138671875 0.740234375 0.240234375 0.740234375
0 0.6328125 0.1259765625 0.0390625 0.076171875
0 0.021484375 0.6201171875 0.021484375 0.556640625 0.03125 0.552734375 0.0439453125 0.552734375 0.044921875 0.5546875 0.0439453125 0.6162109375 0.041015625 0.6201171875 0.0224609375 0.6201171875
0 0.146484375 0.3623046875 0.03125 0.091796875