0 0.421875 0.6025390625 0.4267578125 0.60546875 0.4267578125 0.6435546875 0.4248046875 0.6494140625 0.40625 0.6494140625 0.404296875 0.6474609375 0.4052734375 0.60546875 0.408203125 0.6025390625 0.4208984375 0.6025390625
0 0.744140625 0.482421875 0.755859375 0.4833984375 0.7568359375 0.486328125 0.7568359375 0.5283203125 0.7490234375 0.53125 0.7314453125 0.529296875 0.73046875 0.4873046875 0.732421875 0.4833984375 0.7431640625 0.482421875
0 0.2900390625 0.29296875 0.29296875 0.2548828125 0.2958984375 0.2529296875 0.3095703125 0.25390625 0.3076171875 0.291015625 0.3017578125 0.2939453125 0.291015625 0.29296875
0 0.7861328125 0.4833984375 0.7880859375 0.515625 0.7880859375 0.5283203125 0.7861328125 0.5302734375 0.763671875 0.529296875 0.76171875 0.4921875 0.76171875 0.4873046875 0.7646484375 0.4833984375 0.78515625 0.4833984375
0 0.2412109375 0.7109375 0.2392578125 0.6806640625 0.240234375 0.6708984375 0.2431640625 0.6689453125 0.2578125 0.6689453125 0.2607421875 0.671875 0.2607421875 0.7021484375 0.2587890625 0.7119140625 0.2421875 0.7109375
0 0.7431640625 0.39208984375 0.029296875 0.0478515625
0 0.5400390625 0.37109375 0.5419921875 0.373046875 0.5419921875 0.3818359375 0.541015625 0.4140625 0.5390625 0.416015625 0.517578125 0.416015625 0.515625 0.4140625 0.5166015625 0.373046875 0.5224609375 0.37109375 0.5390625 0.37109375
0 0.59228515625 0.28369140625 0.0302734375 0.0458984375
0 0.6767578125 0.71875 0.6875 0.7197265625 0.69140625 0.7236328125 0.6923828125 0.755859375 0.689453125 0.76953125 0.66796875 0.76953125 0.6650390625 0.7646484375 0.6669921875 0.7265625 0.6708984375 0.71875 0.67578125 0.71875
0 0.0810546875 0.2685546875 0.0830078125 0.2783203125 0.080078125 0.3037109375 0.0771484375 0.3076171875 0.0712890625 0.30859375 0.064453125 0.30859375 0.0625 0.306640625 0.0654296875 0.2734375 0.0703125 0.26953125 0.080078125 0.2685546875
0 0.4775390625 0.6025390625 0.4814453125 0.6044921875 0.482421875 0.6103515625 0.4814453125 0.6484375 0.4794921875 0.650390625 0.462890625 0.650390625 0.458984375 0.6484375 0.458984375 0.60546875 0.4609375 0.603515625 0.4765625 0.6025390625
0 0.279296875 0.2548828125 0.27734375 0.29296875 0.275390625 0.294921875 0.26171875 0.2958984375 0.2587890625 0.2939453125 0.26171875 0.2578125 0.267578125 0.2548828125 0.2783203125 0.2548828125
0 0.341796875 0.5625 0.3427734375 0.5986328125 0.3408203125 0.60546875 0.3349609375 0.6064453125 0.3212890625 0.60546875 0.3203125 0.6025390625 0.3212890625 0.5634765625 0.3232421875 0.5615234375 0.3408203125 0.5625
0 0.5185546875 0.263671875 0.54296875 0.263671875 0.544921875 0.265625 0.5439453125 0.3037109375 0.5400390625 0.3056640625 0.5185546875 0.3056640625 0.5166015625 0.3037109375 0.5166015625 0.271484375 0.5185546875 0.2646484375
0 0.513671875 0.5185546875 0.5146484375 0.486328125 0.517578125 0.484375 0.5380859375 0.486328125 0.5390625 0.53125 0.515625 0.5322265625 0.513671875 0.529296875 0.5146484375 0.51953125
0 0.6318359375 0.4833984375 0.6337890625 0.4853515625 0.6328125 0.53125 0.611328125 0.53125 0.6083984375 0.52734375 0.6083984375 0.486328125 0.6181640625 0.4833984375 0.630859375 0.4833984375
0 0.033203125 0.66015625 0.0361328125 0.6708984375 0.037109375 0.69921875 0.0322265625 0.7021484375 0.021484375 0.7021484375 0.01953125 0.7001953125 0.0205078125 0.6630859375 0.0224609375 0.66015625 0.0322265625 0.66015625
0 0.689453125 0.3681640625 0.6923828125 0.3740234375 0.693359375 0.4111328125 0.69140625 0.4150390625 0.685546875 0.416015625 0.666015625 0.4140625 0.666015625 0.3720703125 0.669921875 0.3681640625 0.6884765625 0.3681640625
0 0.4365234375 0.2646484375 0.4365234375 0.3076171875 0.431640625 0.3095703125 0.4140625 0.30859375 0.412109375 0.30078125 0.412109375 0.2783203125 0.4140625 0.2666015625 0.435546875 0.2646484375
0 0.6015625 0.484375 0.603515625 0.486328125 0.603515625 0.529296875 0.6015625 0.53125 0.5810546875 0.53125 0.578125 0.529296875 0.578125 0.4873046875 0.58203125 0.484375 0.6005859375 0.484375
0 0.7880859375 0.720703125 0.791015625 0.7236328125 0.791015625 0.7626953125 0.78515625 0.7685546875 0.7705078125 0.7685546875 0.767578125 0.7666015625 0.767578125 0.7236328125 0.7724609375 0.720703125 0.787109375 0.720703125
0 0.0625 0.2705078125 0.064453125 0.271484375 0.064453125 0.27734375 0.060546875 0.2939453125 0.060546875 0.3037109375 0.0576171875 0.3095703125 0.046875 0.3095703125 0.044921875 0.3076171875 0.0458984375 0.2861328125 0.048828125 0.2744140625 0.052734375 0.271484375 0.0615234375 0.2705078125
0 0.0498046875 0.66015625 0.056640625 0.6669921875 0.056640625 0.7001953125 0.0546875 0.703125 0.044921875 0.703125 0.0380859375 0.7001953125 0.0390625 0.6640625 0.0419921875 0.66015625 0.048828125 0.66015625
0 0.056640625 0.55859375 0.0595703125 0.560546875 0.0595703125 0.5927734375 0.05859375 0.6005859375 0.0537109375 0.6025390625 0.04296875 0.6015625 0.041015625 0.599609375 0.041015625 0.5625 0.04296875 0.5595703125 0.0556640625 0.55859375
0 0.52587890625 0.64111328125 0.0283203125 0.0224609375
0 0.1015625 0.265625 0.0986328125 0.3037109375 0.095703125 0.306640625 0.0888671875 0.3076171875 0.083984375 0.306640625 0.08203125 0.3037109375 0.0849609375 0.2685546875 0.0947265625 0.2646484375 0.1005859375 0.265625
0 0.580078125 0.37109375 0.595703125 0.3701171875 0.60546875 0.373046875 0.603515625 0.4140625 0.5810546875 0.416015625 0.5791015625 0.4140625 0.580078125 0.3720703125
0 0.2841796875 0.583984375 0.021484375 0.046875
0 0.1923828125 0.396484375 0.185546875 0.384765625 0.1884765625 0.35546875 0.1923828125 0.3525390625 0.2060546875 0.353515625 0.2041015625 0.39453125 0.2001953125 0.3974609375 0.193359375 0.396484375
0 0.5458984375 0.302734375 0.5478515625 0.2646484375 0.5712890625 0.2626953125 0.5732421875 0.2646484375 0.5732421875 0.302734375 0.5673828125 0.3056640625 0.5498046875 0.3056640625 0.546875 0.3037109375
0 0.685546875 0.4833984375 0.6904296875 0.484375 0.6923828125 0.4873046875 0.6923828125 0.529296875 0.689453125 0.53125 0.6669921875 0.5302734375 0.666015625 0.5283203125 0.666015625 0.486328125 0.6708984375 0.4833984375 0.6845703125 0.4833984375
0 0.6982421875 0.5302734375 0.697265625 0.486328125 0.69921875 0.484375 0.7216796875 0.484375 0.7236328125 0.4892578125 0.72265625 0.529296875 0.69921875 0.5302734375
0 0.7099609375 0.7197265625 0.716796875 0.720703125 0.7197265625 0.724609375 0.7197265625 0.7666015625 0.716796875 0.76953125 0.69921875 0.76953125 0.6953125 0.765625 0.6953125 0.7236328125 0.6982421875 0.7197265625 0.708984375 0.7197265625
0 0.26171875 0.5615234375 0.263671875 0.564453125 0.2626953125 0.6015625 0.259765625 0.60546875 0.24609375 0.60546875 0.2412109375 0.6015625 0.2431640625 0.564453125 0.2470703125 0.5615234375 0.2607421875 0.5615234375
0 0.2470703125 0.35546875 0.2509765625 0.3583984375 0.2509765625 0.3662109375 0.248046875 0.3935546875 0.244140625 0.3955078125 0.2294921875 0.3935546875 0.2294921875 0.3779296875 0.232421875 0.357421875 0.24609375 0.35546875
0 0.4541015625 0.486328125 0.4560546875 0.48828125 0.45703125 0.5234375 0.455078125 0.5322265625 0.435546875 0.5322265625 0.43359375 0.529296875 0.4345703125 0.4873046875 0.4375 0.4853515625 0.453125 0.486328125
0 0.271484375 0.35546875 0.26953125 0.3916015625 0.2685546875 0.3935546875 0.2578125 0.39453125 0.251953125 0.3935546875 0.25 0.388671875 0.2529296875 0.3583984375 0.2568359375 0.3544921875 0.2705078125 0.35546875
0 0.6142578125 0.62890625 0.6337890625 0.6298828125 0.634765625 0.6484375 0.6328125 0.6513671875 0.609375 0.650390625 0.6083984375 0.630859375 0.61328125 0.62890625
0 0.5693359375 0.6298828125 0.5693359375 0.6513671875 0.5458984375 0.6513671875 0.54296875 0.64453125 0.54296875 0.6328125 0.544921875 0.6298828125 0.568359375 0.6298828125
0 0.34765625 0.4736328125 0.3720703125 0.4736328125 0.3720703125 0.494140625 0.3671875 0.4970703125 0.3486328125 0.4970703125 0.3466796875 0.4951171875 0.34765625 0.474609375
0 0.365234375 0.5615234375 0.3671875 0.5634765625 0.3681640625 0.6025390625 0.36328125 0.6064453125 0.349609375 0.6064453125 0.345703125 0.6044921875 0.3447265625 0.5634765625 0.34765625 0.5615234375 0.3642578125 0.5615234375
0 0.7783203125 0.62548828125 0.0234375 0.0498046875
0 0.0888671875 0.359375 0.091796875 0.3623046875 0.091796875 0.375 0.0888671875 0.400390625 0.0859375 0.40234375 0.0732421875 0.4013671875 0.072265625 0.390625 0.0751953125 0.3623046875 0.087890625 0.359375
0 0.2939453125 0.37353515625 0.01953125 0.0419921875
0 0.0380859375 0.5595703125 0.0400390625 0.564453125 0.0380859375 0.5986328125 0.0322265625 0.6015625 0.0244140625 0.6015625 0.01953125 0.5986328125 0.021484375 0.5625 0.025390625 0.55859375 0.037109375 0.5595703125
0 0.4521484375 0.28662109375 0.025390625 0.0458984375
0 0.0673828125 0.6650390625 0.076171875 0.6708984375 0.0791015625 0.6806640625 0.076171875 0.7001953125 0.07421875 0.703125 0.0693359375 0.7041015625 0.0615234375 0.7041015625 0.05859375 0.701171875 0.0576171875 0.6689453125 0.060546875 0.6640625 0.06640625 0.6650390625
0 0.759765625 0.6015625 0.76171875 0.60546875 0.7626953125 0.646484375 0.755859375 0.650390625 0.740234375 0.650390625 0.7373046875 0.6474609375 0.7373046875 0.6044921875 0.740234375 0.6015625 0.7587890625 0.6015625
0 0.4794921875 0.4853515625 0.482421875 0.4873046875 0.482421875 0.5302734375 0.48046875 0.5322265625 0.462890625 0.5322265625 0.4609375 0.5302734375 0.4609375 0.4873046875 0.4638671875 0.4853515625 0.478515625 0.4853515625
0 0.255859375 0.2548828125 0.2578125 0.2578125 0.255859375 0.2919921875 0.2529296875 0.2958984375 0.23828125 0.2958984375 0.236328125 0.2939453125 0.236328125 0.2880859375 0.240234375 0.255859375 0.2548828125 0.2548828125
0 0.0771484375 0.55859375 0.0791015625 0.560546875 0.080078125 0.5732421875 0.0791015625 0.591796875 0.0771484375 0.59375 0.064453125 0.58984375 0.0615234375 0.5849609375 0.0615234375 0.560546875 0.068359375 0.5576171875 0.076171875 0.55859375
0 0.36474609375 0.3701171875 0.0263671875 0.04296875
0 0.3486328125 0.349609375 0.3486328125 0.3876953125 0.3447265625 0.3916015625 0.3310546875 0.390625 0.328125 0.380859375 0.33203125 0.3515625 0.34765625 0.349609375
0 0.4072265625 0.53125 0.40625 0.505859375 0.4072265625 0.48828125 0.4091796875 0.486328125 0.4287109375 0.4873046875 0.4287109375 0.53125 0.423828125 0.533203125 0.408203125 0.53125
0 0.720703125 0.3681640625 0.72265625 0.4111328125 0.720703125 0.4150390625 0.7138671875 0.416015625 0.697265625 0.4140625 0.6953125 0.3701171875 0.69921875 0.3681640625 0.7197265625 0.3681640625
0 0.7568359375 0.720703125 0.7626953125 0.724609375 0.7626953125 0.765625 0.7587890625 0.76953125 0.7421875 0.767578125 0.740234375 0.765625 0.7392578125 0.7548828125 0.7392578125 0.7236328125 0.7412109375 0.7216796875 0.755859375 0.720703125
0 0.5439453125 0.5322265625 0.544921875 0.4873046875 0.546875 0.4853515625 0.556640625 0.484375 0.5673828125 0.484375 0.5703125 0.4873046875 0.5693359375 0.529296875 0.5517578125 0.533203125 0.544921875 0.5322265625
0 0.6337890625 0.2607421875 0.6357421875 0.2998046875 0.6337890625 0.3037109375 0.6298828125 0.3046875 0.611328125 0.3046875 0.6083984375 0.302734375 0.609375 0.2626953125 0.6123046875 0.2607421875 0.6328125 0.2607421875
0 0.7841796875 0.3671875 0.7861328125 0.369140625 0.787109375 0.4111328125 0.7841796875 0.4140625 0.7763671875 0.4150390625 0.7646484375 0.4150390625 0.7607421875 0.4130859375 0.759765625 0.3701171875 0.767578125 0.3671875 0.783203125 0.3671875
0 0.0517578125 0.3623046875 0.0546875 0.365234375 0.0517578125 0.3974609375 0.0498046875 0.4033203125 0.0458984375 0.404296875 0.0361328125 0.4033203125 0.0341796875 0.400390625 0.0361328125 0.3681640625 0.0390625 0.36328125 0.05078125 0.3623046875
0 0.48828125 0.26171875 0.490234375 0.2646484375 0.4892578125 0.302734375 0.486328125 0.306640625 0.482421875 0.3076171875 0.46484375 0.306640625 0.466796875 0.265625 0.4697265625 0.2626953125 0.4873046875 0.26171875
0 0.5703125 0.37109375 0.5712890625 0.4140625 0.5615234375 0.416015625 0.5458984375 0.4150390625 0.5458984375 0.373046875 0.548828125 0.37109375 0.5693359375 0.37109375
0 0.0712890625 0.361328125 0.0732421875 0.3662109375 0.0703125 0.400390625 0.0595703125 0.4033203125 0.052734375 0.400390625 0.0556640625 0.365234375 0.0615234375 0.361328125 0.0703125 0.361328125
0 0.43359375 0.6025390625 0.453125 0.6025390625 0.455078125 0.60546875 0.4541015625 0.6484375 0.44921875 0.650390625 0.4345703125 0.650390625 0.431640625 0.6484375 0.43359375 0.603515625
0 0.630859375 0.369140625 0.6337890625 0.37109375 0.6337890625 0.4140625 0.609375 0.4130859375 0.609375 0.3720703125 0.615234375 0.369140625 0.6298828125 0.369140625
0 0.3349609375 0.486328125 0.0234375 0.02734375
0 0.59033203125 0.64208984375 0.0263671875 0.0244140625
0 0.2744140625 0.669921875 0.291015625 0.6689453125 0.29296875 0.6708984375 0.29296875 0.7021484375 0.2919921875 0.7119140625 0.2900390625 0.7138671875 0.27734375 0.7138671875 0.2734375 0.7109375 0.2744140625 0.6708984375
0 0.134765625 0.3583984375 0.1357421875 0.37109375 0.1337890625 0.3857421875 0.126953125 0.3916015625 0.125 0.3974609375 0.1201171875 0.400390625 0.1123046875 0.3984375 0.1142578125 0.359375 0.1162109375 0.357421875 0.1337890625 0.3583984375