0 0.4072265625 0.79296875 0.40625 0.83984375 0.4130859375 0.841796875 0.419921875 0.8369140625 0.43359375 0.8427734375 0.4404296875 0.841796875 0.4423828125 0.7919921875
0 0.22216796875 0.4677734375 0.0263671875 0.06640625
0 0.3427734375 0.7890625 0.345703125 0.791015625 0.3466796875 0.7978515625 0.3447265625 0.81640625 0.3466796875 0.8388671875 0.341796875 0.8427734375 0.33203125 0.8427734375 0.32421875 0.83984375 0.3125 0.8427734375 0.30859375 0.8388671875 0.3125 0.791015625 0.341796875 0.7890625
0 0.484375 0.791015625 0.486328125 0.79296875 0.4853515625 0.8388671875 0.482421875 0.84375 0.4716796875 0.8505859375 0.4697265625 0.8564453125 0.458984375 0.8564453125 0.453125 0.8525390625 0.453125 0.8466796875 0.4501953125 0.8408203125 0.451171875 0.79296875 0.453125 0.791015625 0.4833984375 0.791015625
0 0.42578125 0.7900390625 0.443359375 0.7919921875 0.4404296875 0.841796875 0.431640625 0.84765625 0.419921875 0.8466796875 0.4150390625 0.8515625 0.4111328125 0.8515625 0.4111328125 0.8486328125 0.40625 0.8427734375 0.40625 0.7939453125 0.4091796875 0.791015625 0.4248046875 0.7900390625
0 0.7236328125 0.583984375 0.7275390625 0.5849609375 0.728515625 0.587890625 0.7314453125 0.6640625 0.7060546875 0.666015625 0.703125 0.6611328125 0.7001953125 0.5869140625 0.7021484375 0.5849609375 0.72265625 0.5849609375
0 0.6533203125 0.5859375 0.65625 0.666015625 0.65234375 0.66796875 0.62890625 0.66796875 0.626953125 0.666015625 0.625 0.6220703125 0.6259765625 0.5869140625 0.6328125 0.5849609375 0.65234375 0.5859375
0 0.6787109375 0.4189453125 0.681640625 0.4248046875 0.685546875 0.4833984375 0.68359375 0.490234375 0.6572265625 0.4892578125 0.6533203125 0.421875 0.65625 0.4189453125 0.677734375 0.4189453125
0 0.7490234375 0.41796875 0.751953125 0.4208984375 0.7578125 0.4814453125 0.7578125 0.4873046875 0.751953125 0.490234375 0.732421875 0.490234375 0.7294921875 0.48828125 0.7236328125 0.4228515625 0.7255859375 0.41796875 0.748046875 0.41796875
0 0.1435546875 0.5048828125 0.1484375 0.4462890625 0.1513671875 0.4423828125 0.16015625 0.4404296875 0.173828125 0.44140625 0.1689453125 0.5009765625 0.1650390625 0.50390625 0.14453125 0.5048828125
0 0.181640625 0.4404296875 0.197265625 0.4375 0.20703125 0.4384765625 0.203125 0.4931640625 0.201171875 0.5 0.197265625 0.501953125 0.1767578125 0.501953125 0.181640625 0.44140625
0 0.390625 0.6083984375 0.3955078125 0.6123046875 0.39453125 0.6494140625 0.3935546875 0.6572265625 0.390625 0.6591796875 0.3623046875 0.658203125 0.359375 0.654296875 0.3583984375 0.6376953125 0.3603515625 0.6103515625 0.365234375 0.6083984375 0.3896484375 0.6083984375
0 0.1748046875 0.322265625 0.03125 0.0625
0 0.3720703125 0.7900390625 0.3876953125 0.791015625 0.3896484375 0.79296875 0.3876953125 0.83203125 0.384765625 0.8427734375 0.35546875 0.841796875 0.353515625 0.8388671875 0.3544921875 0.7919921875 0.3564453125 0.7900390625 0.37109375 0.7900390625
0 0.52734375 0.791015625 0.5302734375 0.79296875 0.5302734375 0.841796875 0.5283203125 0.8447265625 0.521484375 0.8466796875 0.4990234375 0.8466796875 0.494140625 0.8447265625 0.494140625 0.79296875 0.49609375 0.791015625 0.5263671875 0.791015625
0 0.48828125 0.6083984375 0.4921875 0.6123046875 0.4912109375 0.650390625 0.4873046875 0.6572265625 0.4736328125 0.6591796875 0.4599609375 0.6572265625 0.455078125 0.654296875 0.453125 0.6123046875 0.45703125 0.6083984375 0.4873046875 0.6083984375
0 0.73828125 0.5849609375 0.763671875 0.5849609375 0.7666015625 0.595703125 0.76953125 0.6455078125 0.7685546875 0.6640625 0.7412109375 0.6640625 0.7373046875 0.607421875 0.73828125 0.5859375
0 0.14453125 0.32568359375 0.029296875 0.0615234375
0 0.44140625 0.609375 0.4462890625 0.6123046875 0.447265625 0.6533203125 0.4453125 0.65625 0.4326171875 0.6611328125 0.419921875 0.6611328125 0.41015625 0.6552734375 0.4091796875 0.6123046875 0.4130859375 0.609375 0.4228515625 0.6083984375 0.4404296875 0.609375
0 0.21875 0.287109375 0.2197265625 0.302734375 0.21484375 0.3447265625 0.2060546875 0.34765625 0.19140625 0.3466796875 0.1953125 0.2939453125 0.19921875 0.2890625 0.2177734375 0.287109375
0 0.228515625 0.2861328125 0.2470703125 0.28515625 0.2431640625 0.341796875 0.240234375 0.34375 0.224609375 0.3447265625 0.22265625 0.3427734375 0.2236328125 0.3173828125 0.228515625 0.287109375
0 0.142578125 0.4443359375 0.1376953125 0.5029296875 0.1337890625 0.5068359375 0.1181640625 0.5078125 0.11328125 0.505859375 0.1181640625 0.4462890625 0.1220703125 0.4443359375 0.1416015625 0.4443359375
0 0.7138671875 0.41796875 0.716796875 0.423828125 0.720703125 0.4716796875 0.720703125 0.48828125 0.716796875 0.490234375 0.6953125 0.490234375 0.693359375 0.4873046875 0.689453125 0.4326171875 0.6904296875 0.4189453125 0.712890625 0.41796875
0 0.67919921875 0.6259765625 0.0322265625 0.08203125
0 0.650390625 0.45556640625 0.064453125 0.0732421875