0 0.458984375 0.765625 0.4619140625 0.7685546875 0.4580078125 0.8076171875 0.4580078125 0.83203125 0.4521484375 0.833984375 0.4306640625 0.833984375 0.427734375 0.8310546875 0.4296875 0.8271484375 0.431640625 0.7802734375 0.4345703125 0.767578125 0.4580078125 0.765625
0 0.79296875 0.3984375 0.794921875 0.4150390625 0.7919921875 0.419921875 0.76171875 0.4287109375 0.7529296875 0.4306640625 0.748046875 0.4287109375 0.7490234375 0.41015625 0.76171875 0.4033203125 0.7919921875 0.3994140625
0 0.740234375 0.4140625 0.740234375 0.431640625 0.7255859375 0.439453125 0.7138671875 0.439453125 0.7109375 0.4375 0.712890625 0.421875 0.7158203125 0.4189453125 0.7392578125 0.4140625
0 0.8212890625 0.5654296875 0.82421875 0.568359375 0.822265625 0.6123046875 0.8193359375 0.6162109375 0.8017578125 0.6181640625 0.798828125 0.615234375 0.802734375 0.609375 0.7978515625 0.6064453125 0.798828125 0.5732421875 0.802734375 0.5693359375 0.8203125 0.5654296875
0 0.82421875 0.3896484375 0.8271484375 0.3935546875 0.8271484375 0.41015625 0.822265625 0.416015625 0.8203125 0.41796875 0.8134765625 0.4150390625 0.8056640625 0.4169921875 0.802734375 0.4072265625 0.8046875 0.3974609375 0.8232421875 0.390625
0 0.8173828125 0.7568359375 0.8173828125 0.80859375 0.810546875 0.8125 0.794921875 0.8125 0.7919921875 0.8095703125 0.7939453125 0.7607421875 0.7998046875 0.7568359375 0.81640625 0.7568359375
0 0.498046875 0.4990234375 0.4970703125 0.4873046875 0.5029296875 0.4423828125 0.5458984375 0.427734375 0.55078125 0.427734375 0.5517578125 0.435546875 0.546875 0.484375 0.5380859375 0.4892578125 0.4990234375 0.498046875
0 0.4501953125 0.60546875 0.4716796875 0.599609375 0.4765625 0.6015625 0.47265625 0.6552734375 0.4716796875 0.6611328125 0.466796875 0.6650390625 0.4482421875 0.6669921875 0.4443359375 0.6640625 0.4501953125 0.6064453125
0 0.7900390625 0.5703125 0.7900390625 0.6064453125 0.78515625 0.6103515625 0.771484375 0.6123046875 0.767578125 0.6162109375 0.76953125 0.6201171875 0.7666015625 0.6240234375 0.744140625 0.6279296875 0.7392578125 0.6259765625 0.73828125 0.6171875 0.7412109375 0.5791015625 0.7890625 0.5703125
0 0.5556640625 0.4833984375 0.560546875 0.427734375 0.5625 0.423828125 0.5732421875 0.419921875 0.578125 0.419921875 0.57421875 0.4775390625 0.572265625 0.48046875 0.556640625 0.4833984375
0 0.4912109375 0.443359375 0.494140625 0.447265625 0.48828125 0.5009765625 0.4658203125 0.5068359375 0.462890625 0.5048828125 0.462890625 0.498046875 0.4697265625 0.4501953125 0.490234375 0.4443359375
0 0.724609375 0.7646484375 0.7236328125 0.8125 0.71875 0.81640625 0.701171875 0.8193359375 0.6923828125 0.8173828125 0.6953125 0.7685546875 0.6982421875 0.765625 0.7041015625 0.7646484375 0.7236328125 0.7646484375
0 0.73046875 0.5830078125 0.7333984375 0.587890625 0.732421875 0.6162109375 0.728515625 0.619140625 0.712890625 0.62109375 0.7021484375 0.62109375 0.701171875 0.619140625 0.703125 0.58984375 0.7060546875 0.5859375 0.7294921875 0.5830078125
0 0.564453125 0.583984375 0.560546875 0.6484375 0.556640625 0.65234375 0.5458984375 0.654296875 0.5419921875 0.654296875 0.541015625 0.6484375 0.546875 0.5888671875 0.552734375 0.5849609375 0.5634765625 0.583984375
0 0.5361328125 0.58984375 0.53125 0.6552734375 0.48828125 0.662109375 0.4814453125 0.6611328125 0.486328125 0.599609375 0.501953125 0.59375 0.53125 0.5888671875 0.53515625 0.58984375
0 0.7822265625 0.7568359375 0.7841796875 0.7587890625 0.7822265625 0.810546875 0.7802734375 0.8125 0.7626953125 0.8154296875 0.7607421875 0.8173828125 0.7626953125 0.8193359375 0.7626953125 0.8251953125 0.759765625 0.828125 0.7314453125 0.8271484375 0.7333984375 0.8203125 0.7490234375 0.8173828125 0.7333984375 0.8154296875 0.7314453125 0.8134765625 0.7333984375 0.763671875 0.7373046875 0.7607421875 0.78125 0.7568359375
0 0.99072265625 0.38427734375 0.0185546875 0.0732421875
0 0.49560546875 0.7978515625 0.0576171875 0.072265625