0 0.2556450569358178 0.5689484126984127 0.1339932712215321 0.07638888888888888
0 0.24859277950310557 0.650297619047619 0.1375194099378882 0.08035714285714285
0 0.26974961180124224 0.4196428571428571 0.12694099378881987 0.06944444444444445
0 0.28120956262939956 0.28075396825396826 0.1216517857142857 0.06746031746031746
0 0.26269733436853 0.494047619047619 0.13046713250517597 0.07142857142857142
0 0.52539466873706 0.3591269841269841 0.11283643892339543 0.06547619047619048
0 0.3852306547619047 0.6512896825396824 0.13223020186335405 0.08035714285714285
0 0.27680188923395443 0.3492063492063492 0.12341485507246376 0.06944444444444445
0 0.6514541278467909 0.6542658730158729 0.1181256469979296 0.07837301587301587
0 0.41079516045548653 0.22023809523809523 0.11636257763975155 0.06547619047619048
0 0.6479279891304348 0.36259920634920634 0.10754723084886128 0.06448412698412698
0 0.3984536749482402 0.42361111111111105 0.11988871635610765 0.06944444444444445
0 0.5306838768115941 0.22470238095238096 0.10931030020703933 0.06448412698412698
0 0.7704613095238094 0.435515873015873 0.10931030020703933 0.06547619047619048
0 0.5201054606625258 0.6532738095238094 0.12694099378881987 0.07837301587301587
0 0.7678167054865424 0.36706349206349204 0.10754723084886128 0.06349206349206349
0 0.6479279891304348 0.29662698412698413 0.10754723084886128 0.06349206349206349
0 0.2873803053830228 0.21329365079365079 0.11988871635610765 0.06547619047619048
0 0.52539466873706 0.4280753968253968 0.11283643892339543 0.06845238095238095
0 0.6470464544513457 0.5034722222222222 0.11283643892339543 0.06845238095238095
0 0.40815055641821946 0.28521825396825395 0.1181256469979296 0.06646825396825397
0 0.5289208074534162 0.29117063492063494 0.11283643892339543 0.06646825396825397
0 0.393164466873706 0.4970238095238095 0.12341485507246376 0.07142857142857142
0 0.40286134834368525 0.35317460317460314 0.1181256469979296 0.06746031746031746
0 0.6470464544513457 0.23263888888888887 0.10578416149068322 0.05853174603174603
0 0.6479279891304348 0.431547619047619 0.11107336956521739 0.06746031746031746
0 0.7642905667701863 0.30357142857142855 0.10402109213250518 0.059523809523809514
0 0.6496910584886129 0.5763888888888888 0.11459950828157349 0.07539682539682539
0 0.5227500646997929 0.5009920634920635 0.1181256469979296 0.06944444444444445
0 0.7625274974120082 0.23859126984126985 0.10402109213250518 0.05853174603174603
0 0.3896383281573499 0.5719246031746031 0.12694099378881987 0.07242063492063491
0 0.7748689829192547 0.5069444444444444 0.11459950828157349 0.06746031746031746
0 0.7783951216356108 0.5788690476190476 0.1181256469979296 0.0744047619047619
0 0.5209869953416149 0.5749007936507936 0.1216517857142857 0.07242063492063491
0 0.7828027950310559 0.6567460317460317 0.12341485507246376 0.07738095238095237