0 0.380952380952381 0.560515873015873 0.1375661375661376 0.09325396825396826
0 0.3869047619047619 0.4722222222222222 0.1283068783068783 0.08531746031746032
0 0.3730158730158731 0.6577380952380952 0.14814814814814817 0.10119047619047619
0 0.5145502645502645 0.4032738095238096 0.11375661375661376 0.0744047619047619
0 0.5191798941798942 0.5669642857142858 0.13095238095238096 0.09226190476190477
0 0.5165343915343915 0.4801587301587301 0.12301587301587302 0.08333333333333334
0 0.39153439153439157 0.3943452380952381 0.11904761904761905 0.0763888888888889
0 0.39616402116402116 0.3244047619047619 0.11507936507936509 0.07142857142857142
0 0.5112433862433863 0.33382936507936506 0.1097883597883598 0.07043650793650794
0 0.3994708994708995 0.2628968253968254 0.10846560846560846 0.06349206349206349
0 0.49537037037037035 0.27281746031746035 0.1335978835978836 0.06150793650793651
0 0.4027777777777778 0.20783730158730157 0.10185185185185186 0.05654761904761905
0 0.5085978835978836 0.21825396825396828 0.09920634920634921 0.05555555555555556
0 0.4060846560846561 0.15773809523809523 0.10052910052910052 0.05555555555555556
0 0.5066137566137566 0.16815476190476192 0.09523809523809525 0.05456349206349207
0 0.35582010582010587 0.8958333333333334 0.1746031746031746 0.13492063492063494
0 0.5218253968253969 0.6651785714285714 0.14153439153439154 0.10416666666666667
0 0.36507936507936506 0.7668650793650793 0.1613756613756614 0.11706349206349206
0 0.728835978835979 0.19146825396825398 0.11904761904761905 0.05753968253968254
0 0.02843915343915344 0.9270833333333334 0.05687830687830688 0.1378968253968254
0 0.5304232804232805 0.8953373015873016 0.16402116402116404 0.13194444444444445
0 0.6362433862433863 0.18204365079365079 0.07142857142857142 0.05257936507936508
0 0.07341269841269842 0.9295634920634921 0.07275132275132276 0.1388888888888889
0 0.507936507936508 0.7693452380952381 0.18783068783068785 0.11607142857142858
0 0.578042328042328 0.17609126984126983 0.04497354497354498 0.050595238095238096