0 0.592391304347826 0.5035677879714577 0.1358695652173913 0.10805300713557595
0 0.2860054347826087 0.6442405708460754 0.1453804347826087 0.1304791029561672
0 0.2703804347826087 0.8073394495412844 0.16847826086956522 0.15902140672782875
0 0.44089673913043476 0.6406727828746177 0.13722826086956522 0.12945973496432212
0 0.5855978260869565 0.3929663608562691 0.13043478260869565 0.09683995922528033
0 0.31929347826086957 0.2966360856269113 0.12228260869565218 0.0835881753312946
0 0.6005434782608695 0.6401630988786952 0.14673913043478262 0.1345565749235474
0 0.44972826086956524 0.29510703363914376 0.11956521739130435 0.08664627930682976
0 0.5815217391304348 0.2930682976554536 0.12228260869565218 0.08664627930682976
0 0.43953804347826086 0.8063200815494393 0.15353260869565216 0.16106014271151886
0 0.4476902173913043 0.3950050968399592 0.12092391304347826 0.09683995922528033
0 0.610733695652174 0.8047910295616718 0.15896739130434784 0.1620795107033639
0 0.311820652173913 0.39704383282364936 0.13179347826086957 0.09887869520897044
0 0.4470108695652174 0.5061162079510704 0.12771739130434784 0.1111111111111111
0 0.29891304347826086 0.5112130479102956 0.13858695652173914 0.109072375127421