0 0.8525219298245614 0.8232217573221757 0.09100877192982457 0.34518828451882844
0 0.5646929824561403 0.8242677824267782 0.08552631578947369 0.34309623430962344
0 0.6617324561403509 0.8242677824267782 0.09100877192982457 0.34309623430962344
0 0.8514254385964912 0.4320083682008368 0.09100877192982457 0.3912133891213389
0 0.7549342105263158 0.8232217573221757 0.08442982456140351 0.34518828451882844
0 0.9462719298245614 0.8232217573221757 0.08552631578947369 0.34518828451882844
0 0.7560307017543859 0.11192468619246862 0.08223684210526316 0.22384937238493724
0 0.47149122807017546 0.8232217573221757 0.08991228070175439 0.34518828451882844
0 0.5646929824561403 0.4309623430962343 0.08552631578947369 0.39330543933054396
0 0.8508771929824561 0.11192468619246862 0.08991228070175439 0.22384937238493724
0 0.9446271929824561 0.4341004184100418 0.08442982456140351 0.3912133891213389
0 0.7549342105263158 0.4351464435146444 0.08442982456140351 0.39330543933054396
0 0.5646929824561403 0.1108786610878661 0.08333333333333333 0.2217573221757322
0 0.6589912280701754 0.1108786610878661 0.08552631578947369 0.2217573221757322
0 0.6606359649122807 0.4330543933054393 0.09100877192982457 0.39330543933054396
0 0.4720394736842105 0.4320083682008368 0.08662280701754387 0.3912133891213389
0 0.9446271929824561 0.1108786610878661 0.08442982456140351 0.2217573221757322
0 0.47149122807017546 0.1108786610878661 0.08771929824561403 0.2217573221757322
0 0.3711622807017544 0.8221757322175732 0.08881578947368421 0.3472803347280335
0 0.10087719298245613 0.4131799163179916 0.12280701754385964 0.4456066945606695
0 0.9967105263157895 0.11401673640167365 0.006578947368421052 0.21548117154811716