0 0.4390625 0.56875 0.440625 0.5703125 0.4390625 0.58125 0.440625 0.6703125 0.4375 0.6734375 0.4140625 0.6734375 0.4109375 0.65625 0.4125 0.6515625 0.4109375 0.6484375 0.4109375 0.6265625 0.4125 0.625 0.4109375 0.5703125 0.4375 0.56875
0 0.53125 0.246875 0.5328125 0.2453125 0.53125 0.2015625 0.5359375 0.1984375 0.5640625 0.2 0.565625 0.2015625 0.565625 0.2484375 0.5640625 0.25 0.5328125 0.2484375
0 0.68125 0.7765625 0.684375 0.778125 0.684375 0.8421875 0.6828125 0.84375 0.684375 0.8703125 0.68125 0.890625 0.646875 0.890625 0.6453125 0.8890625 0.6453125 0.78125 0.6484375 0.778125 0.6796875 0.7765625
0 0.66484375 0.421875 0.0390625 0.1
0 0.4765625 0.778125 0.478125 0.78125 0.478125 0.8296875 0.4796875 0.83125 0.478125 0.8890625 0.4765625 0.890625 0.453125 0.890625 0.4515625 0.8890625 0.4515625 0.8359375 0.45 0.834375 0.4515625 0.7796875 0.475 0.778125
0 0.90390625 0.5546875 0.0265625 0.0875
0 0.6640625 0.62109375 0.040625 0.1078125
0 0.890625 0.434375 0.8890625 0.43125 0.8890625 0.3921875 0.89375 0.3890625 0.9109375 0.3890625 0.9125 0.3921875 0.9125 0.434375 0.909375 0.4359375 0.89375 0.4359375 0.8921875 0.434375
0 0.4390625 0.371875 0.4421875 0.3734375 0.4421875 0.465625 0.440625 0.46875 0.43125 0.4703125 0.415625 0.46875 0.4140625 0.465625 0.4125 0.3765625 0.4171875 0.371875 0.4375 0.371875
0 0.8765625 0.509375 0.88125 0.5109375 0.88125 0.5875 0.8828125 0.59375 0.8796875 0.596875 0.859375 0.596875 0.8578125 0.5953125 0.8578125 0.5171875 0.85625 0.5140625 0.8609375 0.509375 0.875 0.509375
0 0.4265625 0.83515625 0.03125 0.1140625
0 0.878125 0.3890625 0.8796875 0.390625 0.8796875 0.434375 0.8765625 0.4359375 0.86875 0.434375 0.8640625 0.4359375 0.85625 0.4328125 0.85625 0.4078125 0.8546875 0.40625 0.8546875 0.390625 0.85625 0.3890625 0.8765625 0.3890625
0 0.8921875 0.69375 0.915625 0.6921875 0.91875 0.7203125 0.9171875 0.725 0.91875 0.7859375 0.9171875 0.7875 0.8953125 0.7875 0.8921875 0.784375 0.8921875 0.7453125 0.89375 0.74375 0.8921875 0.7421875 0.89375 0.7375 0.8921875 0.6953125
0 0.453125 0.46875 0.453125 0.3734375 0.4546875 0.371875 0.478125 0.371875 0.48125 0.375 0.48125 0.415625 0.4796875 0.4171875 0.48125 0.465625 0.4796875 0.46875 0.4703125 0.4703125 0.4546875 0.46875
0 0.8703125 0.740625 0.028125 0.096875
0 0.4765625 0.5671875 0.4796875 0.571875 0.478125 0.584375 0.4796875 0.5859375 0.4796875 0.6671875 0.478125 0.671875 0.4765625 0.6734375 0.453125 0.6734375 0.4515625 0.671875 0.4515625 0.5703125 0.453125 0.56875 0.475 0.56875