0 0.1953125 0.4609375 0.21484375 0.466796875 0.2236328125 0.4716796875 0.224609375 0.5009765625 0.2265625 0.5048828125 0.224609375 0.5087890625 0.185546875 0.498046875 0.17578125 0.4931640625 0.177734375 0.45703125 0.181640625 0.4560546875 0.1943359375 0.4609375
0 0 0.2734375 0.009765625 0.275390625 0.05078125 0.2939453125 0.05078125 0.3046875 0.0498046875 0.3076171875 0.046875 0.3076171875 0.001953125 0.291015625 0 0.2900390625 0 0.2744140625
0 0.0498046875 0.4140625 0.076171875 0.4208984375 0.080078125 0.4248046875 0.0751953125 0.4873046875 0.0703125 0.4892578125 0.0498046875 0.484375 0.04296875 0.48046875 0.0478515625 0.4189453125 0.0498046875 0.4150390625
0 0.1826171875 0.3095703125 0.1875 0.3095703125 0.21875 0.3232421875 0.224609375 0.326171875 0.2275390625 0.3310546875 0.2255859375 0.3583984375 0.1904296875 0.345703125 0.181640625 0.33984375 0.1826171875 0.310546875
0 0.23046875 0.4716796875 0.23828125 0.47265625 0.2548828125 0.4794921875 0.2548828125 0.5166015625 0.2451171875 0.5166015625 0.23046875 0.51171875 0.228515625 0.5087890625 0.23046875 0.47265625
0 0.1845703125 0.6259765625 0.2177734375 0.6328125 0.2197265625 0.634765625 0.21875 0.6748046875 0.216796875 0.6767578125 0.1787109375 0.671875 0.1689453125 0.66796875 0.1708984375 0.6259765625 0.18359375 0.6259765625
0 0.234375 0.3310546875 0.25 0.3369140625 0.2548828125 0.3408203125 0.2548828125 0.3701171875 0.2470703125 0.369140625 0.2333984375 0.3623046875 0.2333984375 0.33203125
0 0.060546875 0.6015625 0.064453125 0.6044921875 0.0654296875 0.609375 0.05859375 0.6787109375 0.0556640625 0.6826171875 0.025390625 0.6796875 0.0234375 0.677734375 0.0234375 0.6650390625 0.02734375 0.6376953125 0.0283203125 0.611328125 0.03125 0.599609375 0.0390625 0.5986328125 0.0595703125 0.6015625
0 0.234375 0.6357421875 0.251953125 0.6396484375 0.251953125 0.6796875 0.2490234375 0.6826171875 0.2275390625 0.677734375 0.2275390625 0.6416015625 0.228515625 0.6376953125 0.2333984375 0.6357421875
0 0 0.5927734375 0.015625 0.5947265625 0.0205078125 0.59765625 0.0185546875 0.626953125 0.013671875 0.65625 0.013671875 0.671875 0.0107421875 0.6767578125 0 0.67578125 0 0.59375
0 0.060546875 0.2978515625 0.0869140625 0.3056640625 0.08984375 0.3095703125 0.0888671875 0.3232421875 0.0634765625 0.3154296875 0.05859375 0.310546875 0.060546875 0.298828125
0 0.5244140625 0.458984375 0.541015625 0.46875 0.541015625 0.484375 0.544921875 0.5048828125 0.54296875 0.5078125 0.51953125 0.4970703125 0.515625 0.4580078125 0.5185546875 0.4560546875 0.5234375 0.458984375
0 0 0.3984375 0.0361328125 0.4091796875 0.0400390625 0.4140625 0.033203125 0.4775390625 0 0.470703125 0 0.3994140625