0 0.84375 0.5322265625 0.8505859375 0.5390625 0.8515625 0.5537109375 0.8564453125 0.57421875 0.857421875 0.587890625 0.85546875 0.58984375 0.841796875 0.5849609375 0.83984375 0.5810546875 0.833984375 0.5322265625 0.8427734375 0.5322265625
0 0.7841796875 0.3798828125 0.7919921875 0.3828125 0.810546875 0.3984375 0.8173828125 0.4462890625 0.8173828125 0.44921875 0.8134765625 0.451171875 0.7939453125 0.4384765625 0.7880859375 0.431640625 0.7841796875 0.380859375
0 0.6513671875 0.2939453125 0.6708984375 0.3046875 0.673828125 0.30859375 0.6806640625 0.365234375 0.6796875 0.3701171875 0.6708984375 0.3671875 0.6611328125 0.3583984375 0.6640625 0.35546875 0.6630859375 0.3525390625 0.6552734375 0.345703125 0.6513671875 0.294921875
0 0.73046875 0.3369140625 0.7587890625 0.359375 0.763671875 0.4013671875 0.7666015625 0.41015625 0.765625 0.41796875 0.732421875 0.3974609375 0.7255859375 0.345703125 0.7255859375 0.337890625 0.7294921875 0.3369140625
0 0.744140625 0.48046875 0.7685546875 0.4912109375 0.77734375 0.498046875 0.7861328125 0.5556640625 0.7861328125 0.5595703125 0.783203125 0.560546875 0.7548828125 0.5498046875 0.7509765625 0.5458984375 0.744140625 0.49609375 0.744140625 0.4814453125
0 0.02978515625 0.24560546875 0.0322265625 0.0439453125
0 0.953125 0.818359375 0.9599609375 0.818359375 0.966796875 0.8212890625 0.9658203125 0.830078125 0.96875 0.8369140625 0.970703125 0.85546875 0.974609375 0.865234375 0.9736328125 0.8720703125 0.966796875 0.8759765625 0.9609375 0.8759765625 0.9560546875 0.873046875 0.9560546875 0.861328125 0.9482421875 0.8251953125 0.9482421875 0.8193359375 0.9521484375 0.818359375
0 0.85546875 0.6669921875 0.8623046875 0.666015625 0.873046875 0.6708984375 0.87890625 0.705078125 0.87890625 0.72265625 0.880859375 0.7255859375 0.8798828125 0.7314453125 0.869140625 0.73046875 0.8642578125 0.7275390625 0.857421875 0.693359375 0.8583984375 0.6806640625 0.85546875 0.66796875
0 0.7822265625 0.501953125 0.791015625 0.50390625 0.7998046875 0.509765625 0.806640625 0.5478515625 0.806640625 0.56640625 0.7998046875 0.56640625 0.7880859375 0.560546875 0.7822265625 0.5029296875
0 0.8310546875 0.4150390625 0.8359375 0.416015625 0.85546875 0.431640625 0.865234375 0.4794921875 0.86328125 0.482421875 0.8583984375 0.4814453125 0.837890625 0.4658203125 0.833984375 0.44921875 0.8310546875 0.416015625
0 0.88671875 0.46875 0.8955078125 0.4736328125 0.90234375 0.4814453125 0.908203125 0.5078125 0.908203125 0.5185546875 0.90234375 0.5185546875 0.8896484375 0.5087890625 0.884765625 0.48046875 0.8857421875 0.4697265625
0 0.384765625 0.296875 0.41015625 0.3095703125 0.4130859375 0.3134765625 0.4111328125 0.3935546875 0.3837890625 0.3837890625 0.376953125 0.37890625 0.376953125 0.296875 0.37890625 0.294921875 0.3837890625 0.296875
0 0.4208984375 0.1181640625 0.4287109375 0.12109375 0.46875 0.1533203125 0.48828125 0.166015625 0.4912109375 0.1708984375 0.4921875 0.1962890625 0.4921875 0.2255859375 0.490234375 0.2265625 0.4560546875 0.2060546875 0.4208984375 0.1806640625 0.4208984375 0.119140625
0 0.892578125 0.673828125 0.900390625 0.6796875 0.9091796875 0.734375 0.9072265625 0.73828125 0.8935546875 0.7373046875 0.884765625 0.734375 0.8828125 0.7314453125 0.8740234375 0.6748046875 0.8759765625 0.6708984375 0.8916015625 0.673828125
0 0.8037109375 0.5126953125 0.8095703125 0.513671875 0.830078125 0.525390625 0.8388671875 0.5791015625 0.837890625 0.583984375 0.8330078125 0.5830078125 0.810546875 0.5712890625 0.8037109375 0.5283203125 0.8037109375 0.513671875
0 0.4248046875 0.318359375 0.4365234375 0.322265625 0.4521484375 0.3330078125 0.49609375 0.35546875 0.498046875 0.3583984375 0.4990234375 0.3720703125 0.498046875 0.3935546875 0.5009765625 0.4248046875 0.5009765625 0.431640625 0.49609375 0.431640625 0.4267578125 0.400390625 0.423828125 0.3583984375 0.4248046875 0.3193359375
0 0.98046875 0.53125 0.9912109375 0.537109375 0.9990234375 0.546875 0.9990234375 0.5732421875 0.9921875 0.5712890625 0.9873046875 0.56640625 0.984375 0.5576171875 0.98046875 0.5322265625
0 0.58984375 0.4072265625 0.603515625 0.412109375 0.607421875 0.41796875 0.61328125 0.48828125 0.6123046875 0.5009765625 0.595703125 0.4951171875 0.58984375 0.431640625 0.58984375 0.408203125
0 0.5810546875 0.23828125 0.58984375 0.2431640625 0.59375 0.25 0.59765625 0.3037109375 0.59765625 0.3154296875 0.5947265625 0.3173828125 0.5810546875 0.30859375 0.576171875 0.2578125 0.576171875 0.2373046875 0.578125 0.236328125 0.580078125 0.23828125
0 0.81640625 0.654296875 0.822265625 0.658203125 0.8232421875 0.6630859375 0.8251953125 0.69140625 0.830078125 0.7197265625 0.828125 0.72265625 0.8134765625 0.720703125 0.8095703125 0.7060546875 0.802734375 0.65234375 0.8154296875 0.654296875
0 0.76953125 0.638671875 0.794921875 0.6455078125 0.798828125 0.6484375 0.8046875 0.6923828125 0.8095703125 0.7119140625 0.80859375 0.7197265625 0.779296875 0.71875 0.7744140625 0.716796875 0.7646484375 0.6494140625 0.7646484375 0.6396484375 0.7685546875 0.638671875
0 0.9658203125 0.6005859375 0.9814453125 0.609375 0.990234375 0.650390625 0.98046875 0.6484375 0.9697265625 0.642578125 0.9609375 0.603515625 0.9619140625 0.5986328125 0.96484375 0.6005859375
0 0.904296875 0.572265625 0.9169921875 0.578125 0.921875 0.583984375 0.923828125 0.6064453125 0.9306640625 0.6201171875 0.9306640625 0.6337890625 0.927734375 0.634765625 0.91796875 0.630859375 0.9111328125 0.625 0.904296875 0.595703125 0.9033203125 0.5732421875
0 0.0087890625 0.2470703125 0.01171875 0.248046875 0.01171875 0.2685546875 0.009765625 0.271484375 0 0.2783203125 0 0.251953125 0.0078125 0.248046875
0 0.833984375 0.6572265625 0.8486328125 0.6611328125 0.853515625 0.6650390625 0.8544921875 0.6904296875 0.861328125 0.7197265625 0.861328125 0.728515625 0.83984375 0.7265625 0.833984375 0.724609375 0.83203125 0.7216796875 0.826171875 0.6591796875 0.8330078125 0.6572265625
0 0.380859375 0.0859375 0.41015625 0.107421875 0.412109375 0.111328125 0.4130859375 0.171875 0.4111328125 0.173828125 0.376953125 0.1513671875 0.3759765625 0.1083984375 0.376953125 0.087890625 0.3798828125 0.0859375
0 0.9287109375 0.6923828125 0.9375 0.6943359375 0.9443359375 0.69921875 0.953125 0.755859375 0.9384765625 0.755859375 0.93359375 0.7509765625 0.92578125 0.69921875 0.927734375 0.693359375
0 0.66796875 0.44921875 0.6875 0.4560546875 0.69140625 0.4609375 0.6962890625 0.5166015625 0.69921875 0.5263671875 0.69921875 0.5361328125 0.6943359375 0.5361328125 0.673828125 0.525390625 0.6708984375 0.48828125 0.66796875 0.4755859375 0.66796875 0.4501953125
0 0.8583984375 0.5390625 0.876953125 0.5498046875 0.884765625 0.6015625 0.8828125 0.603515625 0.861328125 0.5947265625 0.857421875 0.587890625 0.8505859375 0.5478515625 0.8505859375 0.5390625 0.857421875 0.5390625
0 0.767578125 0.3662109375 0.775390625 0.37109375 0.78125 0.37890625 0.7802734375 0.38671875 0.7861328125 0.4287109375 0.771484375 0.421875 0.767578125 0.416015625 0.763671875 0.3818359375 0.763671875 0.3662109375 0.7666015625 0.3662109375
0 0.927734375 0.5830078125 0.935546875 0.587890625 0.9384765625 0.6123046875 0.9453125 0.63671875 0.9423828125 0.6396484375 0.93359375 0.63671875 0.9296875 0.6328125 0.9306640625 0.62890625 0.92578125 0.619140625 0.9208984375 0.58203125 0.9248046875 0.5810546875 0.9267578125 0.5830078125
0 0.603515625 0.2568359375 0.6123046875 0.2607421875 0.640625 0.283203125 0.6435546875 0.29296875 0.6474609375 0.3349609375 0.6474609375 0.345703125 0.6435546875 0.34765625 0.6328125 0.341796875 0.6279296875 0.333984375 0.6083984375 0.3212890625 0.6044921875 0.310546875 0.603515625 0.2578125
0 0.814453125 0.4052734375 0.8232421875 0.408203125 0.830078125 0.4150390625 0.8349609375 0.451171875 0.833984375 0.4609375 0.8251953125 0.4580078125 0.8193359375 0.453125 0.814453125 0.40625
0 0.623046875 0.423828125 0.6484375 0.4365234375 0.658203125 0.4443359375 0.662109375 0.482421875 0.662109375 0.521484375 0.6337890625 0.51171875 0.6259765625 0.5078125 0.6220703125 0.5029296875 0.623046875 0.4931640625 0.6171875 0.443359375 0.6171875 0.423828125 0.6220703125 0.423828125
0 0.9423828125 0.50390625 0.9609375 0.515625 0.9580078125 0.525390625 0.962890625 0.5439453125 0.9619140625 0.548828125 0.9560546875 0.546875 0.9482421875 0.5400390625 0.9423828125 0.5048828125