0 0.9072265625 0.7470703125 0.9248046875 0.7470703125 0.927734375 0.7490234375 0.9326171875 0.794921875 0.9326171875 0.7998046875 0.9296875 0.80078125 0.9130859375 0.7998046875 0.9111328125 0.7958984375 0.9072265625 0.748046875
0 0.9580078125 0.5 0.962890625 0.51953125 0.9638671875 0.5390625 0.9423828125 0.5361328125 0.939453125 0.533203125 0.935546875 0.4970703125 0.94140625 0.49609375 0.95703125 0.5
0 0.5712890625 0.904296875 0.61328125 0.9033203125 0.615234375 0.90625 0.6162109375 0.94140625 0.6142578125 0.9580078125 0.6162109375 0.9697265625 0.615234375 0.98046875 0.5712890625 0.982421875 0.5712890625 0.9052734375
0 0.8837890625 0.24609375 0.8935546875 0.2490234375 0.8955078125 0.2529296875 0.90234375 0.3076171875 0.9013671875 0.3125 0.8828125 0.3095703125 0.8798828125 0.306640625 0.873046875 0.2451171875 0.8828125 0.24609375
0 0.8994140625 0.6083984375 0.908203125 0.6103515625 0.91015625 0.61328125 0.9150390625 0.6494140625 0.9140625 0.6552734375 0.8955078125 0.654296875 0.890625 0.609375 0.8984375 0.6083984375
0 0.890625 0.486328125 0.89453125 0.4892578125 0.8955078125 0.4931640625 0.8984375 0.5166015625 0.8974609375 0.52734375 0.8828125 0.5263671875 0.87890625 0.5205078125 0.8759765625 0.4853515625 0.8896484375 0.486328125
0 0.9208984375 0.3857421875 0.943359375 0.390625 0.94921875 0.4248046875 0.9423828125 0.42578125 0.9248046875 0.4208984375 0.9208984375 0.38671875
0 0.80859375 0.7158203125 0.8134765625 0.71875 0.814453125 0.72265625 0.818359375 0.7626953125 0.8173828125 0.7783203125 0.7861328125 0.77734375 0.7822265625 0.7724609375 0.779296875 0.7158203125 0.78125 0.7138671875 0.8076171875 0.7158203125
0 0.98046875 0.400390625 0.98828125 0.400390625 0.9990234375 0.404296875 0.9990234375 0.4375 0.994140625 0.4375 0.984375 0.431640625 0.98046875 0.4013671875
0 0.716796875 0.2744140625 0.7392578125 0.2822265625 0.7421875 0.3076171875 0.7412109375 0.3232421875 0.7158203125 0.3173828125 0.7109375 0.314453125 0.708984375 0.2744140625 0.7158203125 0.2744140625
0 0.9599609375 0.271484375 0.9716796875 0.2724609375 0.9794921875 0.2763671875 0.98828125 0.3251953125 0.98828125 0.3359375 0.9775390625 0.3349609375 0.96875 0.3310546875 0.9599609375 0.2724609375
0 0.6708984375 0.3935546875 0.6982421875 0.3984375 0.7041015625 0.4013671875 0.70703125 0.435546875 0.7060546875 0.447265625 0.6728515625 0.4423828125 0.6708984375 0.4384765625 0.6708984375 0.39453125
0 0.7470703125 0.9013671875 0.779296875 0.9033203125 0.78515625 0.9619140625 0.78515625 0.970703125 0.783203125 0.9736328125 0.748046875 0.9755859375 0.7431640625 0.970703125 0.740234375 0.9384765625 0.740234375 0.9033203125 0.74609375 0.9013671875
0 0.681640625 0.7060546875 0.7119140625 0.7080078125 0.7197265625 0.7119140625 0.7216796875 0.7509765625 0.7216796875 0.7724609375 0.7197265625 0.7734375 0.6884765625 0.7724609375 0.681640625 0.7685546875 0.681640625 0.70703125
0 0.9541015625 0.392578125 0.97265625 0.3994140625 0.9775390625 0.4228515625 0.9775390625 0.4326171875 0.9560546875 0.427734375 0.951171875 0.400390625 0.951171875 0.3935546875 0.953125 0.392578125
0 0.623046875 0.0947265625 0.6279296875 0.0947265625 0.65234375 0.1044921875 0.654296875 0.12890625 0.654296875 0.1748046875 0.63671875 0.1708984375 0.623046875 0.1650390625 0.623046875 0.095703125
0 0.7587890625 0.412109375 0.783203125 0.416015625 0.7890625 0.4189453125 0.7919921875 0.4619140625 0.7880859375 0.4638671875 0.763671875 0.4599609375 0.7587890625 0.4560546875 0.7578125 0.4130859375
0 0.73046875 0.7099609375 0.7451171875 0.708984375 0.7685546875 0.712890625 0.771484375 0.75390625 0.771484375 0.7724609375 0.7685546875 0.775390625 0.74609375 0.775390625 0.7333984375 0.7724609375 0.73046875 0.7109375
0 0.6298828125 0.9794921875 0.62890625 0.9052734375 0.63671875 0.90234375 0.6708984375 0.90234375 0.6728515625 0.904296875 0.67578125 0.9736328125 0.6728515625 0.9775390625 0.66796875 0.978515625 0.630859375 0.9794921875
0 0.671875 0.2626953125 0.6962890625 0.26953125 0.7001953125 0.2734375 0.7021484375 0.310546875 0.69921875 0.3125 0.66796875 0.3037109375 0.6669921875 0.2685546875 0.66796875 0.263671875 0.6708984375 0.2626953125
0 0.7451171875 0.134765625 0.763671875 0.140625 0.7685546875 0.14453125 0.7705078125 0.181640625 0.7724609375 0.185546875 0.7724609375 0.2119140625 0.748046875 0.2060546875 0.744140625 0.2021484375 0.740234375 0.1455078125 0.740234375 0.1357421875 0.744140625 0.134765625
0 0.9873046875 0.7509765625 0.994140625 0.751953125 0.9990234375 0.755859375 0.9990234375 0.8037109375 0.9794921875 0.802734375 0.9765625 0.80078125 0.9697265625 0.7529296875 0.9716796875 0.7509765625 0.986328125 0.7509765625
0 0.8623046875 0.3720703125 0.8798828125 0.375 0.884765625 0.400390625 0.884765625 0.4111328125 0.8701171875 0.41015625 0.8662109375 0.4072265625 0.8623046875 0.373046875
0 0.70703125 0.1220703125 0.728515625 0.12890625 0.73046875 0.1318359375 0.7353515625 0.1884765625 0.734375 0.2001953125 0.708984375 0.193359375 0.705078125 0.189453125 0.7021484375 0.123046875 0.7060546875 0.1220703125
0 0.9052734375 0.4892578125 0.9228515625 0.4921875 0.927734375 0.4951171875 0.931640625 0.533203125 0.9072265625 0.529296875 0.90234375 0.4931640625 0.904296875 0.4892578125
0 0.6259765625 0.3828125 0.6572265625 0.3896484375 0.6611328125 0.3935546875 0.6611328125 0.4384765625 0.6298828125 0.43359375 0.625 0.4306640625 0.6240234375 0.3876953125 0.6259765625 0.3837890625
0 0.9248046875 0.89453125 0.943359375 0.8955078125 0.9462890625 0.8984375 0.9541015625 0.9619140625 0.953125 0.966796875 0.93359375 0.966796875 0.931640625 0.9482421875 0.927734375 0.9384765625 0.9248046875 0.8955078125
0 0.5849609375 0.5244140625 0.6123046875 0.529296875 0.6142578125 0.53125 0.615234375 0.58203125 0.6123046875 0.5859375 0.5771484375 0.5810546875 0.5771484375 0.5283203125 0.5791015625 0.5244140625 0.583984375 0.5244140625
0 0.5830078125 0.6982421875 0.6123046875 0.7001953125 0.615234375 0.7021484375 0.6142578125 0.7353515625 0.6162109375 0.765625 0.61328125 0.7685546875 0.5751953125 0.7666015625 0.5732421875 0.763671875 0.57421875 0.703125 0.5771484375 0.6982421875 0.58203125 0.6982421875
0 0.5810546875 0.2392578125 0.6083984375 0.2451171875 0.6123046875 0.2470703125 0.61328125 0.2509765625 0.6123046875 0.2880859375 0.5810546875 0.28125 0.5810546875 0.240234375
0 0.634765625 0.2529296875 0.654296875 0.2578125 0.6572265625 0.2607421875 0.6572265625 0.30078125 0.6279296875 0.29296875 0.6240234375 0.2900390625 0.623046875 0.2548828125 0.625 0.2509765625 0.6337890625 0.2529296875
0 0.69921875 0.9013671875 0.7265625 0.90234375 0.728515625 0.904296875 0.7294921875 0.9150390625 0.7314453125 0.974609375 0.7275390625 0.9765625 0.705078125 0.9775390625 0.689453125 0.9775390625 0.6875 0.9697265625 0.6865234375 0.9033203125 0.6884765625 0.9013671875 0.6982421875 0.9013671875
0 0.95703125 0.6162109375 0.9775390625 0.6201171875 0.984375 0.66015625 0.9814453125 0.6640625 0.9580078125 0.66015625 0.953125 0.6259765625 0.953125 0.6171875 0.9560546875 0.6162109375
0 0.853515625 0.236328125 0.861328125 0.2392578125 0.865234375 0.244140625 0.8701171875 0.283203125 0.8701171875 0.3046875 0.85546875 0.3017578125 0.8486328125 0.2470703125 0.8486328125 0.2373046875 0.8525390625 0.236328125
0 0.8037109375 0.900390625 0.8291015625 0.9013671875 0.8359375 0.9580078125 0.8349609375 0.9697265625 0.810546875 0.97265625 0.798828125 0.97265625 0.7958984375 0.96875 0.7919921875 0.9033203125 0.7958984375 0.900390625 0.802734375 0.900390625
0 0.5810546875 0.3740234375 0.60546875 0.37890625 0.61328125 0.3828125 0.61328125 0.4287109375 0.5830078125 0.4248046875 0.578125 0.421875 0.578125 0.3779296875 0.580078125 0.375
0 0.671875 0.1103515625 0.6875 0.115234375 0.693359375 0.1201171875 0.6953125 0.1875 0.689453125 0.1875 0.66796875 0.1806640625 0.6640625 0.17578125 0.6630859375 0.109375 0.6669921875 0.1083984375 0.6708984375 0.1103515625
0 0.9501953125 0.748046875 0.9609375 0.75 0.9638671875 0.7529296875 0.9638671875 0.7646484375 0.9697265625 0.796875 0.9697265625 0.7998046875 0.966796875 0.8017578125 0.9443359375 0.80078125 0.9375 0.791015625 0.9365234375 0.75 0.9384765625 0.748046875 0.94921875 0.748046875
0 0.650390625 0.703125 0.6640625 0.7041015625 0.669921875 0.70703125 0.6689453125 0.740234375 0.6708984375 0.765625 0.66796875 0.7705078125 0.6318359375 0.76953125 0.6279296875 0.765625 0.6279296875 0.705078125 0.6298828125 0.7021484375 0.6494140625 0.703125
0 0.90234375 0.3798828125 0.91015625 0.3818359375 0.9130859375 0.384765625 0.916015625 0.408203125 0.9150390625 0.4189453125 0.8935546875 0.4140625 0.8896484375 0.392578125 0.8896484375 0.37890625 0.9013671875 0.3798828125
0 0.587890625 0.0810546875 0.609375 0.0888671875 0.6123046875 0.0927734375 0.611328125 0.1611328125 0.587890625 0.1552734375 0.583984375 0.150390625 0.5830078125 0.08203125 0.5869140625 0.0810546875
0 0.9775390625 0.8955078125 0.9794921875 0.8974609375 0.98828125 0.962890625 0.986328125 0.96484375 0.97265625 0.966796875 0.958984375 0.9658203125 0.9541015625 0.935546875 0.951171875 0.896484375 0.9765625 0.8955078125
0 0.716796875 0.4033203125 0.7431640625 0.4072265625 0.7470703125 0.41015625 0.75 0.4541015625 0.7470703125 0.4560546875 0.716796875 0.44921875 0.71484375 0.431640625 0.7158203125 0.404296875
0 0.9697265625 0.5009765625 0.986328125 0.5048828125 0.990234375 0.5078125 0.99609375 0.54296875 0.990234375 0.5439453125 0.9716796875 0.5390625 0.9677734375 0.509765625 0.96875 0.501953125
0 0.9033203125 0.2529296875 0.919921875 0.2568359375 0.923828125 0.2607421875 0.9326171875 0.3203125 0.9296875 0.322265625 0.923828125 0.3212890625 0.912109375 0.31640625 0.91015625 0.3134765625 0.9033203125 0.25390625
0 0.931640625 0.26171875 0.94921875 0.265625 0.953125 0.2705078125 0.9609375 0.3232421875 0.9609375 0.328125 0.95703125 0.3291015625 0.9443359375 0.3251953125 0.939453125 0.3203125 0.931640625 0.2626953125
0 0.91796875 0.6123046875 0.931640625 0.6123046875 0.9443359375 0.6162109375 0.9501953125 0.6552734375 0.94921875 0.66015625 0.923828125 0.65625 0.91796875 0.61328125
0 0.759765625 0.2861328125 0.7763671875 0.291015625 0.7802734375 0.294921875 0.783203125 0.3291015625 0.7802734375 0.3330078125 0.7568359375 0.328125 0.7509765625 0.3232421875 0.75 0.2861328125 0.7587890625 0.2861328125