0 0.5810546875 0.2578125 0.591796875 0.3525390625 0.5908203125 0.359375 0.583984375 0.3671875 0.5869140625 0.3798828125 0.578125 0.3828125 0.54296875 0.3857421875 0.53515625 0.3828125 0.537109375 0.373046875 0.548828125 0.37109375 0.5625 0.373046875 0.5703125 0.3671875 0.5791015625 0.3662109375 0.5654296875 0.3642578125 0.5380859375 0.3662109375 0.53515625 0.3642578125 0.5263671875 0.2646484375 0.529296875 0.26171875 0.53515625 0.2607421875 0.580078125 0.2578125
0 0.6015625 0.658203125 0.6005859375 0.646484375 0.5966796875 0.6396484375 0.5908203125 0.6337890625 0.57421875 0.6298828125 0.572265625 0.6259765625 0.5751953125 0.615234375 0.5654296875 0.6103515625 0.5625 0.6064453125 0.560546875 0.59765625 0.5615234375 0.580078125 0.5654296875 0.5732421875 0.5732421875 0.5703125 0.5693359375 0.5654296875 0.56640625 0.5537109375 0.5556640625 0.5439453125 0.5546875 0.5283203125 0.5595703125 0.5244140625 0.6044921875 0.5205078125 0.6123046875 0.521484375 0.6142578125 0.5244140625 0.6142578125 0.5400390625 0.6220703125 0.6083984375 0.6328125 0.671875 0.626953125 0.6748046875 0.6162109375 0.673828125 0.609375 0.66796875 0.611328125 0.6611328125 0.6025390625 0.658203125
0 0.689453125 0.5166015625 0.693359375 0.5224609375 0.693359375 0.537109375 0.701171875 0.5966796875 0.7109375 0.6484375 0.7099609375 0.65625 0.701171875 0.6552734375 0.69140625 0.6572265625 0.697265625 0.6591796875 0.7099609375 0.658203125 0.7138671875 0.6630859375 0.7138671875 0.6708984375 0.6767578125 0.673828125 0.650390625 0.673828125 0.6484375 0.671875 0.6474609375 0.6640625 0.6494140625 0.662109375 0.66015625 0.6611328125 0.658203125 0.6591796875 0.6494140625 0.6591796875 0.64453125 0.6533203125 0.638671875 0.583984375 0.630859375 0.5244140625 0.6318359375 0.521484375 0.6396484375 0.5185546875 0.6884765625 0.5166015625
0 0.7265625 0.2421875 0.7294921875 0.248046875 0.7294921875 0.2607421875 0.7353515625 0.2890625 0.7373046875 0.3173828125 0.7431640625 0.3447265625 0.7333984375 0.349609375 0.7421875 0.3544921875 0.7412109375 0.359375 0.7431640625 0.365234375 0.73828125 0.369140625 0.7099609375 0.373046875 0.6884765625 0.373046875 0.685546875 0.369140625 0.685546875 0.361328125 0.6884765625 0.3583984375 0.712890625 0.357421875 0.7333984375 0.3515625 0.7314453125 0.349609375 0.701171875 0.3525390625 0.6826171875 0.3515625 0.6806640625 0.32421875 0.669921875 0.259765625 0.669921875 0.248046875 0.7197265625 0.2412109375 0.7255859375 0.2421875
0 0.1142578125 0.35888671875 0.05078125 0.0986328125
0 0.142578125 0.083984375 0.142578125 0.166015625 0.1337890625 0.1689453125 0.1064453125 0.171875 0.09765625 0.171875 0.095703125 0.169921875 0.0966796875 0.0908203125 0.1064453125 0.0869140625 0.1416015625 0.083984375
0 0.146484375 0.66796875 0.1474609375 0.55078125 0.150390625 0.5478515625 0.1884765625 0.544921875 0.1982421875 0.5458984375 0.2001953125 0.548828125 0.1982421875 0.609375 0.19921875 0.662109375 0.197265625 0.6650390625 0.1865234375 0.6669921875 0.1474609375 0.66796875
0 0.19921875 0.076171875 0.201171875 0.078125 0.2001953125 0.158203125 0.1953125 0.1611328125 0.166015625 0.1650390625 0.154296875 0.1650390625 0.15234375 0.16015625 0.154296875 0.138671875 0.1533203125 0.083984375 0.1611328125 0.080078125 0.1982421875 0.076171875
0 0.103515625 0.611328125 0.05859375 0.123046875
0 0.771484375 0.5107421875 0.7763671875 0.525390625 0.78125 0.5703125 0.794921875 0.6474609375 0.7900390625 0.65234375 0.7646484375 0.654296875 0.767578125 0.65625 0.794921875 0.65625 0.798828125 0.6650390625 0.7958984375 0.66796875 0.74609375 0.6708984375 0.7373046875 0.6708984375 0.73046875 0.66796875 0.73046875 0.6611328125 0.7333984375 0.658203125 0.7451171875 0.6572265625 0.7333984375 0.65625 0.728515625 0.650390625 0.728515625 0.6337890625 0.7236328125 0.61328125 0.7216796875 0.5908203125 0.708984375 0.517578125 0.7119140625 0.5146484375 0.71875 0.513671875 0.7705078125 0.5107421875
0 0.17626953125 0.35400390625 0.0478515625 0.0986328125
0 0.6513671875 0.25 0.654296875 0.255859375 0.666015625 0.3515625 0.6572265625 0.3564453125 0.6201171875 0.3583984375 0.611328125 0.3583984375 0.609375 0.35546875 0.6005859375 0.2998046875 0.599609375 0.275390625 0.595703125 0.2587890625 0.6015625 0.25390625 0.650390625 0.25