0 0.2294921875 0.86669921875 0.044921875 0.0908203125
0 0.52734375 0.8115234375 0.5400390625 0.8115234375 0.5419921875 0.8154296875 0.5361328125 0.865234375 0.5322265625 0.8681640625 0.5185546875 0.87109375 0.5166015625 0.8740234375 0.517578125 0.8798828125 0.5302734375 0.884765625 0.5322265625 0.8896484375 0.5302734375 0.912109375 0.525390625 0.9150390625 0.501953125 0.9150390625 0.5 0.9140625 0.5 0.9033203125 0.5107421875 0.8134765625 0.5263671875 0.8115234375
0 0.716796875 0.453125 0.7197265625 0.4541015625 0.7177734375 0.5263671875 0.7109375 0.529296875 0.689453125 0.5322265625 0.6845703125 0.5302734375 0.689453125 0.458984375 0.7158203125 0.4541015625
0 0.7275390625 0.275390625 0.7265625 0.330078125 0.7236328125 0.3330078125 0.7041015625 0.337890625 0.6962890625 0.3369140625 0.69921875 0.283203125 0.7021484375 0.2802734375 0.7265625 0.275390625
0 0.0908203125 0.8271484375 0.08984375 0.8359375 0.0693359375 0.90234375 0.0673828125 0.9072265625 0.064453125 0.908203125 0.0546875 0.9072265625 0.0546875 0.9013671875 0.0634765625 0.8779296875 0.0703125 0.8505859375 0.078125 0.828125 0.08203125 0.826171875 0.08984375 0.8271484375
0 0.5771484375 0.2939453125 0.58203125 0.2431640625 0.583984375 0.240234375 0.6025390625 0.234375 0.6064453125 0.236328125 0.6025390625 0.2861328125 0.5966796875 0.2900390625 0.578125 0.2939453125
0 0.6708984375 0.765625 0.67578125 0.6708984375 0.6923828125 0.66796875 0.708984375 0.66796875 0.7109375 0.6708984375 0.7080078125 0.76171875 0.705078125 0.7646484375 0.671875 0.765625
0 0.6884765625 0.28515625 0.689453125 0.2978515625 0.685546875 0.341796875 0.6591796875 0.34765625 0.658203125 0.3388671875 0.662109375 0.29296875 0.6875 0.2861328125
0 0.181640625 0.3623046875 0.197265625 0.3583984375 0.1875 0.4013671875 0.1806640625 0.404296875 0.16796875 0.4072265625 0.16796875 0.40234375 0.181640625 0.36328125
0 0.490234375 0.6689453125 0.5009765625 0.5888671875 0.51953125 0.5849609375 0.529296875 0.5859375 0.51953125 0.6650390625 0.515625 0.66796875 0.4912109375 0.6689453125
0 0.23828125 0.3447265625 0.2392578125 0.349609375 0.2275390625 0.3896484375 0.220703125 0.3935546875 0.2158203125 0.3935546875 0.2275390625 0.349609375 0.2373046875 0.3447265625
0 0.63671875 0.9345703125 0.6748046875 0.93359375 0.6826171875 0.9345703125 0.685546875 0.9375 0.68359375 0.99609375 0.681640625 0.9990234375 0.6318359375 0.9990234375 0.6328125 0.96484375 0.63671875 0.935546875
0 0.92236328125 0.35302734375 0.0439453125 0.0830078125
0 0.54296875 0.302734375 0.548828125 0.25390625 0.552734375 0.25 0.568359375 0.24609375 0.57421875 0.2470703125 0.568359375 0.2958984375 0.5615234375 0.2998046875 0.546875 0.3037109375 0.5439453125 0.302734375
0 0.97265625 0.794921875 0.9755859375 0.8056640625 0.984375 0.9169921875 0.98046875 0.9208984375 0.9326171875 0.91796875 0.9267578125 0.7978515625 0.9287109375 0.7958984375 0.9716796875 0.794921875
0 0.1787109375 0.486328125 0.1796875 0.4912109375 0.1689453125 0.521484375 0.166015625 0.5400390625 0.1591796875 0.5439453125 0.1474609375 0.5458984375 0.1455078125 0.54296875 0.1611328125 0.4912109375 0.177734375 0.486328125
0 0.2763671875 0.9111328125 0.2763671875 0.900390625 0.28125 0.8876953125 0.2939453125 0.8212890625 0.3095703125 0.818359375 0.314453125 0.818359375 0.31640625 0.82421875 0.2978515625 0.91015625 0.294921875 0.912109375 0.27734375 0.9111328125
0 0.369140625 0.44140625 0.37109375 0.4453125 0.359375 0.4912109375 0.3603515625 0.5009765625 0.3544921875 0.5048828125 0.3408203125 0.5078125 0.3359375 0.5068359375 0.3359375 0.5009765625 0.3486328125 0.4482421875 0.3681640625 0.4423828125
0 0.30859375 0.6181640625 0.326171875 0.6142578125 0.3310546875 0.6142578125 0.33203125 0.6162109375 0.3173828125 0.68359375 0.3134765625 0.689453125 0.29296875 0.689453125 0.30859375 0.619140625
0 0.1962890625 0.4833984375 0.197265625 0.4873046875 0.18359375 0.53515625 0.1806640625 0.5390625 0.173828125 0.541015625 0.169921875 0.5400390625 0.1708984375 0.5322265625 0.1796875 0.5087890625 0.1845703125 0.4873046875 0.1865234375 0.484375 0.1953125 0.4833984375
0 0.2998046875 0.619140625 0.2841796875 0.6884765625 0.28125 0.6923828125 0.267578125 0.6943359375 0.26171875 0.693359375 0.26171875 0.6875 0.2705078125 0.6591796875 0.275390625 0.6259765625 0.2802734375 0.6201171875 0.298828125 0.619140625
0 0.091796875 0.3876953125 0.09375 0.3896484375 0.091796875 0.3994140625 0.080078125 0.431640625 0.0712890625 0.431640625 0.08203125 0.4033203125 0.083984375 0.392578125 0.0859375 0.3896484375 0.0908203125 0.388671875
0 0.57275390625 0.4287109375 0.0341796875 0.072265625
0 0.3662109375 0.5009765625 0.3779296875 0.4443359375 0.3818359375 0.439453125 0.390625 0.4375 0.3974609375 0.4375 0.3984375 0.443359375 0.3876953125 0.49609375 0.384765625 0.4990234375 0.373046875 0.501953125 0.3671875 0.5009765625
0 0.0712890625 0.826171875 0.0712890625 0.8310546875 0.0576171875 0.869140625 0.0546875 0.884765625 0.0478515625 0.8994140625 0.046875 0.9072265625 0.0439453125 0.908203125 0.0283203125 0.9072265625 0.0263671875 0.904296875 0.02734375 0.900390625 0.03515625 0.8818359375 0.05078125 0.828125 0.0703125 0.826171875
0 0.6611328125 0.6708984375 0.6650390625 0.673828125 0.6650390625 0.6845703125 0.6611328125 0.7236328125 0.66015625 0.7646484375 0.6572265625 0.767578125 0.6357421875 0.7685546875 0.625 0.7685546875 0.623046875 0.7646484375 0.62890625 0.70703125 0.62890625 0.677734375 0.6328125 0.673828125 0.66015625 0.6708984375
0 0.5 0.8134765625 0.4951171875 0.8623046875 0.4912109375 0.876953125 0.4912109375 0.8994140625 0.494140625 0.9140625 0.4892578125 0.9150390625 0.466796875 0.9150390625 0.4560546875 0.904296875 0.4560546875 0.8984375 0.4677734375 0.81640625 0.47265625 0.8134765625 0.4990234375 0.8134765625
0 0.5673828125 0.5791015625 0.568359375 0.587890625 0.5654296875 0.6005859375 0.560546875 0.658203125 0.55859375 0.662109375 0.5419921875 0.6650390625 0.5302734375 0.6640625 0.5390625 0.5849609375 0.54296875 0.58203125 0.56640625 0.5791015625
0 0.2822265625 0.8193359375 0.28515625 0.8212890625 0.28515625 0.82421875 0.265625 0.91015625 0.2421875 0.9111328125 0.2392578125 0.9072265625 0.2421875 0.904296875 0.259765625 0.822265625 0.28125 0.8203125
0 0.9541015625 0.5634765625 0.95703125 0.5712890625 0.9599609375 0.6171875 0.95703125 0.6201171875 0.9287109375 0.6240234375 0.9150390625 0.623046875 0.912109375 0.5693359375 0.9228515625 0.5654296875 0.953125 0.5634765625
0 0.064453125 0.396484375 0.0810546875 0.390625 0.083984375 0.3935546875 0.0732421875 0.4326171875 0.056640625 0.439453125 0.0517578125 0.439453125 0.05078125 0.435546875 0.064453125 0.3974609375
0 0.91015625 0.796875 0.912109375 0.798828125 0.9130859375 0.8154296875 0.916015625 0.9189453125 0.869140625 0.91796875 0.865234375 0.80078125 0.8681640625 0.7978515625 0.9091796875 0.796875
0 0.306640625 0.51171875 0.3125 0.494140625 0.31640625 0.4716796875 0.3193359375 0.466796875 0.3193359375 0.4580078125 0.322265625 0.453125 0.3359375 0.44921875 0.3408203125 0.44921875 0.3408203125 0.453125 0.3310546875 0.490234375 0.330078125 0.505859375 0.32421875 0.5107421875 0.3076171875 0.51171875
0 0.0380859375 0.828125 0.04296875 0.8330078125 0.0205078125 0.9052734375 0.015625 0.908203125 0.00390625 0.908203125 0 0.90625 0 0.900390625 0.001953125 0.8994140625 0.0126953125 0.869140625 0.0244140625 0.8310546875 0.0302734375 0.828125 0.037109375 0.828125
0 0.86669921875 0.18359375 0.0361328125 0.06640625
0 0.3583984375 0.609375 0.361328125 0.611328125 0.361328125 0.6171875 0.345703125 0.685546875 0.326171875 0.6875 0.32421875 0.68359375 0.333984375 0.6416015625 0.337890625 0.6328125 0.3408203125 0.6142578125 0.345703125 0.611328125 0.357421875 0.6103515625
0 0.1923828125 0.4013671875 0.19140625 0.3984375 0.205078125 0.3564453125 0.212890625 0.3515625 0.2197265625 0.3505859375 0.2197265625 0.3623046875 0.2080078125 0.396484375 0.193359375 0.400390625
0 0.87158203125 0.36083984375 0.0400390625 0.0732421875
0 0.7314453125 0.166015625 0.7333984375 0.1669921875 0.7333984375 0.177734375 0.73046875 0.1806640625 0.7060546875 0.1884765625 0.7041015625 0.1845703125 0.7060546875 0.1728515625 0.73046875 0.166015625
0 0.9248046875 0.1357421875 0.9296875 0.1923828125 0.900390625 0.203125 0.8955078125 0.203125 0.89453125 0.201171875 0.8916015625 0.1474609375 0.8984375 0.142578125 0.923828125 0.1357421875
0 0.6953125 0.177734375 0.6953125 0.1904296875 0.677734375 0.197265625 0.669921875 0.1962890625 0.66796875 0.19140625 0.6689453125 0.1865234375 0.6748046875 0.1826171875 0.6943359375 0.177734375
0 0.8798828125 0.6005859375 0.044921875 0.060546875
0 0.529296875 0.4052734375 0.5546875 0.400390625 0.546875 0.462890625 0.544921875 0.4658203125 0.5390625 0.4677734375 0.5244140625 0.470703125 0.5185546875 0.4697265625 0.521484375 0.4619140625 0.529296875 0.40625
0 0.125 0.5498046875 0.1259765625 0.5283203125 0.1357421875 0.4990234375 0.1494140625 0.4931640625 0.154296875 0.4931640625 0.154296875 0.5 0.138671875 0.5458984375 0.1318359375 0.5498046875 0.1259765625 0.5498046875
0 0.6748046875 0.4599609375 0.6787109375 0.462890625 0.6748046875 0.5322265625 0.65234375 0.5380859375 0.642578125 0.537109375 0.6484375 0.466796875 0.650390625 0.46484375 0.673828125 0.4609375