0 0.9794921875 0.7021484375 0.9990234375 0.7041015625 0.9990234375 0.775390625 0.994140625 0.7763671875 0.984375 0.7724609375 0.9794921875 0.703125
0 0.58984375 0.4375 0.611328125 0.4423828125 0.6171875 0.4462890625 0.6142578125 0.5146484375 0.6123046875 0.521484375 0.583984375 0.5166015625 0.580078125 0.51171875 0.583984375 0.4423828125 0.5888671875 0.4375
0 0.8369140625 0.1865234375 0.845703125 0.19140625 0.8466796875 0.23828125 0.8447265625 0.2392578125 0.830078125 0.234375 0.826171875 0.23046875 0.8251953125 0.1845703125 0.8291015625 0.18359375 0.8359375 0.1865234375
0 0.759765625 0.1552734375 0.7763671875 0.1611328125 0.78125 0.1650390625 0.7822265625 0.2138671875 0.7734375 0.212890625 0.7568359375 0.205078125 0.7568359375 0.15625 0.7587890625 0.1552734375
0 0.830078125 0.734375 0.830078125 0.6767578125 0.8359375 0.6748046875 0.8525390625 0.677734375 0.85546875 0.6826171875 0.857421875 0.7724609375 0.8515625 0.7763671875 0.837890625 0.775390625 0.8349609375 0.7734375 0.8310546875 0.7353515625
0 0.650390625 0.65625 0.6494140625 0.7353515625 0.6484375 0.744140625 0.64453125 0.74609375 0.61328125 0.7421875 0.615234375 0.6689453125 0.6162109375 0.6533203125 0.6181640625 0.6513671875 0.6474609375 0.654296875 0.6494140625 0.65625
0 0.7919921875 0.669921875 0.8115234375 0.6708984375 0.8173828125 0.6767578125 0.8173828125 0.7568359375 0.8193359375 0.7685546875 0.8173828125 0.7724609375 0.8017578125 0.7724609375 0.7958984375 0.771484375 0.79296875 0.765625 0.7900390625 0.7099609375 0.7900390625 0.6787109375 0.7919921875 0.6708984375
0 0.7509765625 0.6640625 0.7685546875 0.6650390625 0.7763671875 0.6689453125 0.77734375 0.728515625 0.7763671875 0.767578125 0.7744140625 0.76953125 0.765625 0.76953125 0.7529296875 0.767578125 0.75 0.7646484375 0.7490234375 0.6689453125 0.7509765625 0.6650390625
0 0.6298828125 0.447265625 0.650390625 0.451171875 0.658203125 0.4560546875 0.65625 0.4716796875 0.6572265625 0.5029296875 0.654296875 0.5283203125 0.640625 0.52734375 0.6220703125 0.5224609375 0.625 0.4482421875 0.62890625 0.447265625
0 0.7275390625 0.14453125 0.748046875 0.150390625 0.75 0.1533203125 0.75 0.203125 0.74609375 0.203125 0.7265625 0.193359375 0.7275390625 0.1455078125
0 0.927734375 0.693359375 0.9365234375 0.6943359375 0.9404296875 0.697265625 0.9453125 0.7646484375 0.9453125 0.7685546875 0.9423828125 0.771484375 0.9287109375 0.7705078125 0.9248046875 0.765625 0.9208984375 0.6943359375 0.9267578125 0.693359375
0 0.9638671875 0.6982421875 0.96875 0.69921875 0.9716796875 0.703125 0.974609375 0.751953125 0.9775390625 0.767578125 0.9755859375 0.7734375 0.955078125 0.7724609375 0.9521484375 0.7685546875 0.947265625 0.7001953125 0.94921875 0.697265625 0.962890625 0.6982421875
0 0.57421875 0.646484375 0.603515625 0.6494140625 0.6064453125 0.6533203125 0.603515625 0.740234375 0.5966796875 0.7421875 0.57421875 0.740234375 0.568359375 0.736328125 0.5712890625 0.666015625 0.57421875 0.6474609375
0 0.8515625 0.1923828125 0.8740234375 0.2021484375 0.8759765625 0.2431640625 0.875 0.248046875 0.8720703125 0.2490234375 0.857421875 0.244140625 0.8525390625 0.240234375 0.8515625 0.193359375