0 0.9912109375 0.443359375 0.9990234375 0.4462890625 0.9990234375 0.49609375 0.994140625 0.4970703125 0.990234375 0.48828125 0.986328125 0.44921875 0.9873046875 0.4453125 0.990234375 0.4443359375
0 0.359375 0.80859375 0.388671875 0.8095703125 0.3916015625 0.8134765625 0.388671875 0.8876953125 0.38671875 0.896484375 0.388671875 0.9013671875 0.388671875 0.921875 0.384765625 0.9248046875 0.3583984375 0.9248046875 0.35546875 0.9267578125 0.337890625 0.9267578125 0.3349609375 0.9287109375 0.3291015625 0.9267578125 0.302734375 0.9296875 0.2880859375 0.9287109375 0.296875 0.8125 0.3583984375 0.8095703125
0 0.8837890625 0.26171875 0.8974609375 0.2685546875 0.8974609375 0.283203125 0.9013671875 0.30859375 0.900390625 0.31640625 0.8916015625 0.314453125 0.88671875 0.310546875 0.8837890625 0.2626953125
0 0.541015625 0.13671875 0.5556640625 0.142578125 0.57421875 0.146484375 0.576171875 0.150390625 0.576171875 0.2021484375 0.5791015625 0.2060546875 0.5771484375 0.20703125 0.564453125 0.2060546875 0.537109375 0.1953125 0.5380859375 0.1376953125 0.5400390625 0.13671875
0 0.7158203125 0.28125 0.7724609375 0.2978515625 0.775390625 0.3427734375 0.7783203125 0.357421875 0.7783203125 0.36328125 0.7724609375 0.3642578125 0.716796875 0.3486328125 0.7158203125 0.2822265625
0 0.73046875 0.681640625 0.7626953125 0.681640625 0.79296875 0.6845703125 0.796875 0.689453125 0.794921875 0.720703125 0.7978515625 0.736328125 0.7958984375 0.74609375 0.7919921875 0.7470703125 0.783203125 0.7421875 0.7802734375 0.744140625 0.78125 0.7587890625 0.787109375 0.775390625 0.78515625 0.7783203125 0.775390625 0.779296875 0.7685546875 0.775390625 0.7626953125 0.779296875 0.734375 0.7783203125 0.73046875 0.732421875 0.73046875 0.6826171875
0 0.984375 0.2958984375 0.9990234375 0.2998046875 0.9990234375 0.3466796875 0.990234375 0.3447265625 0.986328125 0.3408203125 0.9873046875 0.33203125 0.9833984375 0.296875
0 0.4990234375 0.1201171875 0.5244140625 0.1298828125 0.5302734375 0.134765625 0.5283203125 0.1923828125 0.513671875 0.189453125 0.494140625 0.181640625 0.494140625 0.138671875 0.4951171875 0.1240234375 0.498046875 0.1201171875
0 0.97802734375 0.31884765625 0.0205078125 0.0498046875
0 0.7255859375 0.46875 0.7783203125 0.478515625 0.783203125 0.4814453125 0.787109375 0.5390625 0.7861328125 0.560546875 0.7724609375 0.560546875 0.7412109375 0.5537109375 0.73046875 0.5537109375 0.7236328125 0.55078125 0.7216796875 0.470703125 0.724609375 0.46875
0 0.345703125 0.5263671875 0.3759765625 0.5322265625 0.4013671875 0.5322265625 0.408203125 0.537109375 0.4052734375 0.619140625 0.4072265625 0.626953125 0.4033203125 0.6318359375 0.31640625 0.623046875 0.32421875 0.52734375 0.3271484375 0.525390625 0.3447265625 0.5263671875
0 0.357421875 0.279296875 0.3779296875 0.2861328125 0.376953125 0.29296875 0.3798828125 0.294921875 0.384765625 0.29296875 0.3857421875 0.2880859375 0.388671875 0.2880859375 0.3935546875 0.2890625 0.396484375 0.29296875 0.4150390625 0.29296875 0.4248046875 0.2978515625 0.423828125 0.3671875 0.4228515625 0.3759765625 0.4189453125 0.3798828125 0.357421875 0.3681640625 0.3408203125 0.3623046875 0.3447265625 0.2900390625 0.3486328125 0.2783203125 0.3564453125 0.279296875
0 0.5673828125 0.8046875 0.5712890625 0.8095703125 0.572265625 0.8359375 0.572265625 0.8486328125 0.5703125 0.8515625 0.572265625 0.8759765625 0.568359375 0.8876953125 0.5712890625 0.916015625 0.55859375 0.9189453125 0.52734375 0.9189453125 0.4736328125 0.923828125 0.466796875 0.923828125 0.4638671875 0.9189453125 0.4658203125 0.8408203125 0.4697265625 0.806640625 0.56640625 0.8046875
0 0.548828125 0.5517578125 0.5673828125 0.5537109375 0.5703125 0.5576171875 0.568359375 0.64453125 0.5322265625 0.6416015625 0.52734375 0.63671875 0.5302734375 0.603515625 0.5302734375 0.552734375 0.5322265625 0.55078125 0.5478515625 0.5517578125
0 0.96875 0.8046875 0.9833984375 0.806640625 0.98828125 0.814453125 0.986328125 0.83203125 0.9892578125 0.84375 0.9892578125 0.8642578125 0.9912109375 0.87109375 0.9912109375 0.8818359375 0.98828125 0.8837890625 0.9765625 0.87890625 0.966796875 0.8798828125 0.9658203125 0.876953125 0.96484375 0.8623046875 0.9609375 0.8486328125 0.9580078125 0.8056640625 0.9599609375 0.8037109375 0.9677734375 0.8046875
0 0.4970703125 0.544921875 0.517578125 0.548828125 0.51953125 0.552734375 0.515625 0.6201171875 0.5166015625 0.6376953125 0.5146484375 0.6396484375 0.482421875 0.6376953125 0.4765625 0.6337890625 0.4814453125 0.5478515625 0.4833984375 0.544921875 0.49609375 0.544921875
0 0.3662109375 0.0673828125 0.384765625 0.07421875 0.392578125 0.08203125 0.3984375 0.0830078125 0.40234375 0.0810546875 0.421875 0.0908203125 0.4287109375 0.08984375 0.4375 0.095703125 0.439453125 0.1044921875 0.435546875 0.1591796875 0.41015625 0.1494140625 0.396484375 0.150390625 0.3740234375 0.1376953125 0.3623046875 0.1376953125 0.3603515625 0.1337890625 0.3623046875 0.0791015625 0.3662109375 0.068359375
0 0.9306640625 0.4287109375 0.94140625 0.431640625 0.9443359375 0.4345703125 0.94921875 0.4921875 0.939453125 0.4921875 0.923828125 0.4873046875 0.9189453125 0.4287109375 0.9208984375 0.4267578125 0.9296875 0.4287109375
0 0.908203125 0.423828125 0.9130859375 0.4287109375 0.9189453125 0.4814453125 0.9169921875 0.4873046875 0.904296875 0.484375 0.90234375 0.478515625 0.8984375 0.423828125 0.9072265625 0.423828125
0 0.9384765625 0.8125 0.9462890625 0.8076171875 0.951171875 0.8095703125 0.958984375 0.87890625 0.95703125 0.884765625 0.9453125 0.884765625 0.9423828125 0.880859375 0.9375 0.8310546875 0.9384765625 0.8134765625
0 0.9033203125 0.2685546875 0.9267578125 0.2763671875 0.9296875 0.302734375 0.9326171875 0.3115234375 0.9326171875 0.3232421875 0.9287109375 0.3251953125 0.908203125 0.318359375 0.9033203125 0.26953125