0 0.3974609375 0.05859375 0.400390625 0.0615234375 0.3974609375 0.0986328125 0.3837890625 0.1064453125 0.3486328125 0.1201171875 0.34375 0.119140625 0.34375 0.11328125 0.349609375 0.0771484375 0.396484375 0.05859375
0 0.3544921875 0.4873046875 0.35546875 0.498046875 0.3486328125 0.54296875 0.29296875 0.55078125 0.2900390625 0.5458984375 0.2978515625 0.4970703125 0.3076171875 0.4931640625 0.353515625 0.4873046875
0 0.3203125 0.3203125 0.3203125 0.3056640625 0.326171875 0.2744140625 0.376953125 0.2578125 0.3798828125 0.2578125 0.3798828125 0.265625 0.3740234375 0.3056640625 0.359375 0.3115234375 0.3212890625 0.3203125
0 0.373046875 0.3115234375 0.3740234375 0.322265625 0.369140625 0.361328125 0.3193359375 0.3740234375 0.3134765625 0.373046875 0.318359375 0.328125 0.3212890625 0.3251953125 0.33984375 0.3193359375 0.3720703125 0.3115234375
0 0.3388671875 0.173828125 0.38671875 0.154296875 0.3896484375 0.154296875 0.3916015625 0.1572265625 0.3857421875 0.19921875 0.357421875 0.2109375 0.3388671875 0.2158203125 0.333984375 0.21484375 0.3388671875 0.1748046875
0 0.5029296875 0.501953125 0.5078125 0.40234375 0.5146484375 0.3974609375 0.53515625 0.3955078125 0.5478515625 0.3916015625 0.552734375 0.3916015625 0.5537109375 0.3935546875 0.548828125 0.4951171875 0.5390625 0.4990234375 0.50390625 0.501953125
0 0.1875 0.4638671875 0.1884765625 0.46875 0.17578125 0.546875 0.1611328125 0.55078125 0.154296875 0.55078125 0.15234375 0.546875 0.1650390625 0.4716796875 0.16796875 0.4658203125 0.1865234375 0.4638671875
0 0.5458984375 0 0.5712890625 0 0.572265625 0.001953125 0.5693359375 0.0595703125 0.5615234375 0.064453125 0.53125 0.0751953125 0.5302734375 0.037109375 0.5322265625 0.0078125 0.5458984375 0.0009765625
0 0.1259765625 0.51416015625 0.068359375 0.0908203125
0 0.1396484375 0.3115234375 0.16796875 0.3046875 0.1875 0.296875 0.189453125 0.298828125 0.1787109375 0.3642578125 0.1669921875 0.3701171875 0.1357421875 0.3779296875 0.126953125 0.3779296875 0.1357421875 0.3232421875 0.1396484375 0.3125
0 0.2412109375 0.1279296875 0.234375 0.1884765625 0.23046875 0.193359375 0.126953125 0.232421875 0.12109375 0.232421875 0.1201171875 0.2275390625 0.126953125 0.2021484375 0.126953125 0.1806640625 0.1318359375 0.1708984375 0.2294921875 0.1298828125 0.240234375 0.1279296875
0 0.326171875 0.267578125 0.33203125 0.224609375 0.3515625 0.2158203125 0.3828125 0.2060546875 0.384765625 0.20703125 0.384765625 0.220703125 0.380859375 0.251953125 0.3642578125 0.2587890625 0.3271484375 0.267578125
0 0.0703125 0.6650390625 0.11328125 0.6611328125 0.1240234375 0.6611328125 0.125 0.6630859375 0.1103515625 0.755859375 0.10546875 0.7587890625 0.056640625 0.7578125 0.052734375 0.7548828125 0.0703125 0.666015625
0 0.15234375 0.6591796875 0.1533203125 0.671875 0.150390625 0.6943359375 0.1484375 0.703125 0.142578125 0.708984375 0.146484375 0.7119140625 0.146484375 0.7158203125 0.1396484375 0.755859375 0.1376953125 0.7587890625 0.1328125 0.759765625 0.1171875 0.7587890625 0.115234375 0.755859375 0.1259765625 0.6943359375 0.1328125 0.662109375 0.13671875 0.6591796875 0.1513671875 0.6591796875
0 0.7294921875 0.3564453125 0.7314453125 0.359375 0.7314453125 0.4697265625 0.7275390625 0.4736328125 0.68359375 0.4794921875 0.677734375 0.4794921875 0.673828125 0.474609375 0.6748046875 0.3681640625 0.677734375 0.365234375 0.728515625 0.3564453125
0 0.130859375 0.314453125 0.1328125 0.318359375 0.126953125 0.3388671875 0.1220703125 0.3671875 0.1220703125 0.3798828125 0.1162109375 0.3837890625 0.1015625 0.38671875 0.09375 0.38671875 0.09375 0.380859375 0.1015625 0.35546875 0.107421875 0.3232421875 0.109375 0.3203125 0.1298828125 0.314453125
0 0.2158203125 0.2890625 0.216796875 0.2978515625 0.2080078125 0.35546875 0.205078125 0.3603515625 0.1953125 0.3642578125 0.1865234375 0.36328125 0.1953125 0.2998046875 0.1982421875 0.29296875 0.21484375 0.2890625
0 0.0205078125 0.755859375 0.025390625 0.7236328125 0.0341796875 0.6865234375 0.03515625 0.66796875 0.04296875 0.6640625 0.0625 0.6650390625 0.046875 0.7548828125 0.041015625 0.7578125 0.021484375 0.755859375
0 0.39453125 0.1064453125 0.3955078125 0.1142578125 0.3916015625 0.1474609375 0.3701171875 0.158203125 0.3427734375 0.1669921875 0.3388671875 0.1650390625 0.3388671875 0.16015625 0.3408203125 0.1328125 0.34375 0.1259765625 0.376953125 0.111328125 0.3935546875 0.1064453125
0 0.560546875 0.1748046875 0.5625 0.18359375 0.55859375 0.26171875 0.5537109375 0.265625 0.51953125 0.2744140625 0.5146484375 0.2724609375 0.51953125 0.189453125 0.525390625 0.1845703125 0.5341796875 0.18359375 0.5595703125 0.1748046875
0 0.3662109375 0.3681640625 0.3681640625 0.369140625 0.3681640625 0.376953125 0.361328125 0.419921875 0.3564453125 0.4228515625 0.314453125 0.4306640625 0.306640625 0.4296875 0.3134765625 0.380859375 0.365234375 0.3681640625
0 0.33056640625 0.45849609375 0.0634765625 0.0634765625
0 0.0986328125 0.48046875 0.0986328125 0.4921875 0.0859375 0.5576171875 0.0830078125 0.560546875 0.064453125 0.5634765625 0.0595703125 0.560546875 0.0625 0.5556640625 0.06640625 0.537109375 0.0673828125 0.5185546875 0.0732421875 0.48828125 0.078125 0.4833984375 0.09765625 0.48046875
0 0.61865234375 0.20263671875 0.0986328125 0.1142578125
0 0.560546875 0.494140625 0.5595703125 0.46875 0.5634765625 0.390625 0.5673828125 0.3876953125 0.60546875 0.3818359375 0.658203125 0.3701171875 0.6611328125 0.3701171875 0.6630859375 0.373046875 0.662109375 0.48046875 0.5966796875 0.4912109375 0.5615234375 0.494140625
0 0.6796875 0 0.7197265625 0 0.7138671875 0.005859375 0.68359375 0.0166015625 0.6787109375 0.0146484375 0.6796875 0.0009765625
0 0.3486328125 0.548828125 0.3427734375 0.607421875 0.33984375 0.609375 0.29296875 0.61328125 0.2841796875 0.6123046875 0.2900390625 0.5556640625 0.34765625 0.548828125
0 0.5830078125 0 0.607421875 0 0.6083984375 0.001953125 0.6123046875 0 0.669921875 0 0.6689453125 0.01953125 0.6669921875 0.0224609375 0.5830078125 0.0556640625 0.580078125 0.0546875 0.5830078125 0.0009765625
0 0.6787109375 0.23046875 0.6767578125 0.2265625 0.6787109375 0.142578125 0.681640625 0.1396484375 0.7275390625 0.1259765625 0.7294921875 0.1298828125 0.728515625 0.1572265625 0.7314453125 0.1630859375 0.73046875 0.212890625 0.728515625 0.2158203125 0.6796875 0.2294921875