0 0.3173828125 0.826171875 0.3193359375 0.8271484375 0.3193359375 0.8349609375 0.3154296875 0.859375 0.28515625 0.857421875 0.283203125 0.85546875 0.283203125 0.845703125 0.2861328125 0.8271484375 0.31640625 0.826171875
0 0.4345703125 0.8291015625 0.4736328125 0.8291015625 0.4755859375 0.8330078125 0.474609375 0.859375 0.447265625 0.861328125 0.4345703125 0.8564453125 0.4345703125 0.830078125
0 0.6787109375 0.29296875 0.6806640625 0.2958984375 0.685546875 0.3603515625 0.685546875 0.38671875 0.6474609375 0.38671875 0.6455078125 0.3837890625 0.6416015625 0.2958984375 0.6455078125 0.29296875 0.677734375 0.29296875
0 0.69140625 0.8251953125 0.7236328125 0.8271484375 0.73046875 0.8310546875 0.732421875 0.859375 0.73046875 0.861328125 0.70703125 0.865234375 0.6875 0.86328125 0.681640625 0.861328125 0.6796875 0.8583984375 0.677734375 0.826171875 0.6845703125 0.82421875 0.6904296875 0.8251953125
0 0.4404296875 0.3583984375 0.443359375 0.3623046875 0.443359375 0.3896484375 0.4365234375 0.400390625 0.4296875 0.40234375 0.4140625 0.40234375 0.412109375 0.400390625 0.41015625 0.392578125 0.4111328125 0.365234375 0.4169921875 0.361328125 0.439453125 0.3583984375
0 0.1982421875 0.6015625 0.1943359375 0.6474609375 0.189453125 0.66015625 0.181640625 0.658203125 0.1845703125 0.6298828125 0.189453125 0.60546875 0.1923828125 0.6015625 0.197265625 0.6015625
0 0.474609375 0.568359375 0.4775390625 0.5703125 0.478515625 0.6044921875 0.4775390625 0.642578125 0.4736328125 0.646484375 0.4453125 0.646484375 0.4404296875 0.6435546875 0.4423828125 0.5703125 0.4453125 0.568359375 0.4736328125 0.568359375
0 0.7890625 0.2900390625 0.79296875 0.29296875 0.8037109375 0.384765625 0.783203125 0.38671875 0.765625 0.3857421875 0.7626953125 0.3798828125 0.75390625 0.310546875 0.75390625 0.29296875 0.7587890625 0.291015625 0.7880859375 0.291015625
0 0.41796875 0.2099609375 0.419921875 0.189453125 0.4443359375 0.181640625 0.4482421875 0.185546875 0.447265625 0.197265625 0.44140625 0.2021484375 0.439453125 0.208984375 0.4189453125 0.2099609375
0 0.357421875 0.8251953125 0.3642578125 0.8271484375 0.3623046875 0.8544921875 0.359375 0.8603515625 0.330078125 0.859375 0.328125 0.857421875 0.330078125 0.828125 0.33203125 0.826171875 0.3564453125 0.8251953125
0 0.400390625 0.3642578125 0.4013671875 0.39453125 0.3935546875 0.3984375 0.3857421875 0.396484375 0.376953125 0.40234375 0.373046875 0.40234375 0.37109375 0.3994140625 0.3720703125 0.369140625 0.384765625 0.365234375 0.3994140625 0.3642578125
0 0.626953125 0.2939453125 0.62890625 0.298828125 0.6279296875 0.306640625 0.6318359375 0.3505859375 0.6318359375 0.38671875 0.595703125 0.38671875 0.5927734375 0.3798828125 0.5908203125 0.3525390625 0.5908203125 0.294921875 0.6259765625 0.2939453125
0 0.6181640625 0.138671875 0.6201171875 0.1396484375 0.62109375 0.154296875 0.6201171875 0.1748046875 0.5859375 0.1748046875 0.5849609375 0.1416015625 0.5869140625 0.1396484375 0.6171875 0.138671875
0 0.7373046875 0.2919921875 0.740234375 0.2978515625 0.7490234375 0.376953125 0.7490234375 0.384765625 0.7421875 0.38671875 0.7119140625 0.38671875 0.7080078125 0.3837890625 0.7001953125 0.2998046875 0.7021484375 0.2919921875 0.736328125 0.2919921875
0 0.1806640625 0.4599609375 0.1796875 0.4521484375 0.1826171875 0.427734375 0.197265625 0.4208984375 0.2080078125 0.4189453125 0.2099609375 0.419921875 0.2099609375 0.431640625 0.20703125 0.443359375 0.203125 0.447265625 0.2021484375 0.4560546875 0.181640625 0.4599609375
0 0.4072265625 0.1884765625 0.41015625 0.19140625 0.4091796875 0.212890625 0.3896484375 0.2177734375 0.380859375 0.216796875 0.3818359375 0.1953125 0.3876953125 0.19140625 0.40625 0.189453125
0 0.1435546875 0.609375 0.1455078125 0.611328125 0.1455078125 0.6171875 0.1416015625 0.6328125 0.138671875 0.6640625 0.134765625 0.6708984375 0.130859375 0.689453125 0.1201171875 0.6923828125 0.1083984375 0.6923828125 0.1064453125 0.6904296875 0.109375 0.66015625 0.1181640625 0.6162109375 0.1220703125 0.6123046875 0.142578125 0.609375
0 0.4189453125 0.8271484375 0.421875 0.830078125 0.421875 0.83984375 0.4208984375 0.857421875 0.41796875 0.8603515625 0.3818359375 0.8583984375 0.3818359375 0.8349609375 0.3837890625 0.828125 0.41796875 0.8271484375
0 0.849609375 0.833984375 0.869140625 0.8359375 0.8720703125 0.837890625 0.8740234375 0.85546875 0.8544921875 0.857421875 0.8271484375 0.857421875 0.8203125 0.8564453125 0.818359375 0.8525390625 0.818359375 0.833984375 0.8486328125 0.833984375
0 0.35546875 0.37109375 0.3544921875 0.3994140625 0.3447265625 0.4111328125 0.3369140625 0.4111328125 0.328125 0.404296875 0.3291015625 0.3798828125 0.3330078125 0.3759765625 0.3544921875 0.37109375
0 0.0244140625 0.6240234375 0.0263671875 0.6259765625 0.0205078125 0.6318359375 0.01953125 0.6435546875 0.013671875 0.6611328125 0.0126953125 0.6748046875 0.0068359375 0.6845703125 0.005859375 0.6943359375 0.0029296875 0.697265625 0 0.697265625 0 0.6298828125 0.0234375 0.6240234375
0 0.7060546875 0.1533203125 0.041015625 0.0390625
0 0.791015625 0.8310546875 0.7998046875 0.833984375 0.80078125 0.859375 0.7548828125 0.8623046875 0.7509765625 0.8623046875 0.748046875 0.8564453125 0.74609375 0.8369140625 0.74609375 0.8310546875 0.748046875 0.8291015625 0.7900390625 0.8310546875
0 0.427734375 0.5693359375 0.4306640625 0.5712890625 0.4287109375 0.6435546875 0.4248046875 0.646484375 0.4140625 0.646484375 0.408203125 0.650390625 0.3974609375 0.650390625 0.3935546875 0.646484375 0.3974609375 0.5732421875 0.3994140625 0.5712890625 0.4267578125 0.5703125
0 0.384765625 0.5732421875 0.3857421875 0.5888671875 0.3818359375 0.630859375 0.3828125 0.638671875 0.380859375 0.6494140625 0.3779296875 0.6513671875 0.3662109375 0.6494140625 0.3583984375 0.6513671875 0.34765625 0.6435546875 0.3515625 0.578125 0.35546875 0.5732421875 0.3837890625 0.5732421875
0 0.1787109375 0.603515625 0.1826171875 0.60546875 0.1826171875 0.6083984375 0.1767578125 0.638671875 0.17578125 0.658203125 0.171875 0.6669921875 0.16796875 0.6708984375 0.1650390625 0.669921875 0.1611328125 0.67578125 0.1474609375 0.6787109375 0.1435546875 0.677734375 0.1435546875 0.6708984375 0.1455078125 0.66796875 0.1455078125 0.65625 0.1533203125 0.609375 0.177734375 0.6044921875
0 0.029296875 0.45703125 0.029296875 0.470703125 0.025390625 0.4833984375 0.01953125 0.48828125 0.0078125 0.4912109375 0 0.4912109375 0 0.4658203125 0.0283203125 0.45703125
0 0.3349609375 0.576171875 0.3359375 0.58984375 0.33203125 0.6435546875 0.328125 0.6552734375 0.3203125 0.66015625 0.302734375 0.658203125 0.302734375 0.6279296875 0.306640625 0.587890625 0.3095703125 0.580078125 0.333984375 0.576171875
0 0.46923828125 0.3828125 0.0341796875 0.05859375
0 0.771484375 0.1328125 0.775390625 0.16796875 0.751953125 0.169921875 0.7392578125 0.169921875 0.7373046875 0.16796875 0.7333984375 0.13671875 0.736328125 0.1328125 0.7705078125 0.1328125
0 0.486328125 0.1748046875 0.4873046875 0.2021484375 0.46875 0.205078125 0.458984375 0.205078125 0.45703125 0.203125 0.4560546875 0.1904296875 0.4580078125 0.1806640625 0.46484375 0.177734375 0.4853515625 0.1748046875
0 0.0634765625 0.44921875 0.0654296875 0.458984375 0.0625 0.46484375 0.0625 0.482421875 0.0576171875 0.486328125 0.048828125 0.48828125 0.04296875 0.4873046875 0.041015625 0.4833984375 0.0400390625 0.4677734375 0.0419921875 0.45703125 0.048828125 0.4521484375 0.0625 0.44921875
0 0.66796875 0.1376953125 0.669921875 0.171875 0.6484375 0.173828125 0.6357421875 0.173828125 0.6328125 0.171875 0.6318359375 0.138671875 0.6669921875 0.1376953125
0 0.1748046875 0.427734375 0.177734375 0.431640625 0.173828125 0.447265625 0.17578125 0.458984375 0.1630859375 0.4658203125 0.146484375 0.466796875 0.150390625 0.435546875 0.1572265625 0.431640625 0.173828125 0.4287109375