0 0.8369140625 0.626953125 0.8447265625 0.6298828125 0.8447265625 0.654296875 0.8505859375 0.67578125 0.8505859375 0.681640625 0.8486328125 0.68359375 0.830078125 0.68359375 0.8173828125 0.6787109375 0.8193359375 0.6416015625 0.8173828125 0.6298828125 0.8271484375 0.625 0.8359375 0.626953125
0 0.296875 0.77734375 0.310546875 0.7783203125 0.3134765625 0.7802734375 0.3037109375 0.85546875 0.3017578125 0.857421875 0.2705078125 0.857421875 0.267578125 0.85546875 0.279296875 0.7802734375 0.28515625 0.77734375 0.2958984375 0.77734375
0 0.7880859375 0.3662109375 0.7900390625 0.373046875 0.787109375 0.384765625 0.7822265625 0.390625 0.771484375 0.3935546875 0.7646484375 0.3916015625 0.7646484375 0.3662109375 0.787109375 0.3662109375
0 0.22265625 0.8564453125 0.224609375 0.837890625 0.2373046875 0.7783203125 0.26953125 0.7783203125 0.2705078125 0.7802734375 0.2587890625 0.853515625 0.2548828125 0.857421875 0.2236328125 0.8564453125
0 0.7060546875 0.736328125 0.029296875 0.060546875
0 0.673828125 0.4228515625 0.681640625 0.4248046875 0.681640625 0.4638671875 0.6796875 0.4658203125 0.6630859375 0.4658203125 0.6572265625 0.4638671875 0.658203125 0.4248046875 0.66015625 0.4228515625 0.6728515625 0.4228515625
0 0.3037109375 0.3193359375 0.3115234375 0.3203125 0.3125 0.32421875 0.3076171875 0.3603515625 0.3037109375 0.37109375 0.275390625 0.369140625 0.275390625 0.3603515625 0.2841796875 0.3203125 0.302734375 0.3193359375
0 0.3203125 0.3212890625 0.345703125 0.3212890625 0.3486328125 0.3232421875 0.341796875 0.373046875 0.33203125 0.373046875 0.3173828125 0.3720703125 0.3134765625 0.369140625 0.3203125 0.322265625
0 0.9814453125 0.97265625 0.9833984375 0.9736328125 0.984375 0.9990234375 0.9638671875 0.9990234375 0.962890625 0.9931640625 0.9619140625 0.97265625 0.98046875 0.97265625
0 0.681640625 0.705078125 0.6845703125 0.7080078125 0.6845703125 0.740234375 0.6748046875 0.7314453125 0.669921875 0.71875 0.662109375 0.71484375 0.66015625 0.7109375 0.6611328125 0.7060546875 0.6640625 0.705078125 0.6806640625 0.705078125
0 0.83984375 0.7939453125 0.8564453125 0.794921875 0.861328125 0.798828125 0.8642578125 0.85546875 0.859375 0.8564453125 0.83203125 0.85546875 0.828125 0.7958984375 0.830078125 0.7939453125 0.8388671875 0.7939453125
0 0.9521484375 0.6884765625 0.9453125 0.64453125 0.9462890625 0.634765625 0.962890625 0.634765625 0.96484375 0.6376953125 0.9697265625 0.6884765625 0.953125 0.6884765625
0 0.5947265625 0.62109375 0.59765625 0.623046875 0.59765625 0.6552734375 0.595703125 0.662109375 0.5859375 0.658203125 0.576171875 0.658203125 0.5732421875 0.654296875 0.576171875 0.623046875 0.5791015625 0.62109375 0.59375 0.62109375
0 0.81787109375 0.50732421875 0.0283203125 0.0361328125
0 0.3203125 0.4736328125 0.3232421875 0.4775390625 0.3193359375 0.5087890625 0.31640625 0.5126953125 0.287109375 0.51171875 0.2861328125 0.50390625 0.29296875 0.4736328125 0.3193359375 0.4736328125
0 0.4794921875 0.34765625 0.4912109375 0.349609375 0.490234375 0.373046875 0.4873046875 0.3779296875 0.46484375 0.3759765625 0.466796875 0.3515625 0.4697265625 0.34765625 0.478515625 0.34765625
0 0.712890625 0.5546875 0.716796875 0.5576171875 0.7177734375 0.6015625 0.71484375 0.6044921875 0.689453125 0.6025390625 0.689453125 0.556640625 0.69140625 0.5546875 0.7119140625 0.5546875
0 0.3359375 0.6162109375 0.3388671875 0.6181640625 0.3388671875 0.6240234375 0.33203125 0.6689453125 0.32421875 0.6728515625 0.302734375 0.671875 0.298828125 0.6689453125 0.3037109375 0.6240234375 0.306640625 0.6162109375 0.3349609375 0.6162109375
0 0.7822265625 0.48828125 0.7978515625 0.490234375 0.798828125 0.52734375 0.7958984375 0.5302734375 0.7763671875 0.52734375 0.7724609375 0.521484375 0.7705078125 0.4931640625 0.7724609375 0.4892578125 0.78125 0.48828125
0 0.4970703125 0.4755859375 0.51953125 0.4775390625 0.5205078125 0.4990234375 0.5185546875 0.5166015625 0.515625 0.5185546875 0.4921875 0.517578125 0.4892578125 0.515625 0.490234375 0.484375 0.4921875 0.4765625 0.49609375 0.4755859375
0 0.8515625 0.97265625 0.853515625 0.9755859375 0.853515625 0.994140625 0.8369140625 0.9853515625 0.8291015625 0.984375 0.8271484375 0.9814453125 0.826171875 0.9736328125 0.828125 0.97265625 0.8505859375 0.97265625
0 0.2880859375 0.6142578125 0.298828125 0.6162109375 0.2919921875 0.6552734375 0.2939453125 0.66796875 0.29296875 0.6708984375 0.2890625 0.671875 0.2646484375 0.671875 0.2568359375 0.6689453125 0.2646484375 0.6162109375 0.267578125 0.61328125 0.287109375 0.6142578125
0 0.5009765625 0.3505859375 0.5283203125 0.3525390625 0.5263671875 0.3798828125 0.509765625 0.3798828125 0.5029296875 0.37890625 0.4990234375 0.3759765625 0.5009765625 0.3515625
0 0.5087890625 0.619140625 0.5107421875 0.62109375 0.5087890625 0.6533203125 0.478515625 0.662109375 0.474609375 0.662109375 0.478515625 0.6201171875 0.5078125 0.619140625
0 0.2255859375 0.7783203125 0.212890625 0.8525390625 0.2109375 0.8564453125 0.2041015625 0.857421875 0.1806640625 0.857421875 0.17578125 0.85546875 0.19140625 0.7822265625 0.201171875 0.77734375 0.224609375 0.7783203125
0 0.80078125 0.3662109375 0.818359375 0.3662109375 0.822265625 0.3681640625 0.8203125 0.3798828125 0.810546875 0.388671875 0.8037109375 0.390625 0.7998046875 0.3837890625 0.80078125 0.3671875
0 0.982421875 0.8291015625 0.029296875 0.0625
0 0.455078125 0.4736328125 0.48046875 0.4736328125 0.4814453125 0.4775390625 0.4775390625 0.515625 0.4541015625 0.515625 0.451171875 0.5107421875 0.4521484375 0.484375 0.455078125 0.474609375
0 0.3193359375 0.3232421875 0.328125 0.32421875 0.333984375 0.3408203125 0.333984375 0.3505859375 0.3291015625 0.37109375 0.3271484375 0.373046875 0.3125 0.37109375 0.3115234375 0.3671875 0.3193359375 0.32421875
0 0.578125 0.3544921875 0.580078125 0.3798828125 0.578125 0.3818359375 0.5634765625 0.3818359375 0.560546875 0.3798828125 0.5615234375 0.35546875 0.5634765625 0.353515625 0.5771484375 0.3544921875
0 0.5703125 0.62109375 0.5732421875 0.65234375 0.5703125 0.65625 0.546875 0.650390625 0.5478515625 0.6220703125 0.5693359375 0.62109375
0 0.451171875 0.646484375 0.03515625 0.056640625
0 0.3544921875 0.32421875 0.3798828125 0.3251953125 0.3818359375 0.3271484375 0.3759765625 0.373046875 0.373046875 0.375 0.35546875 0.375 0.3466796875 0.373046875 0.3505859375 0.337890625 0.3544921875 0.3251953125
0 0.2568359375 0.6142578125 0.25 0.6572265625 0.2509765625 0.66796875 0.24609375 0.669921875 0.21484375 0.66796875 0.2197265625 0.6259765625 0.2236328125 0.6142578125 0.2275390625 0.6123046875 0.255859375 0.6142578125
0 0.349609375 0.4755859375 0.359375 0.4765625 0.361328125 0.48046875 0.357421875 0.5087890625 0.353515625 0.5146484375 0.328125 0.513671875 0.32421875 0.51171875 0.330078125 0.4765625 0.3330078125 0.474609375 0.3486328125 0.4755859375
0 0.9580078125 0.7978515625 0.9658203125 0.8486328125 0.9658203125 0.8583984375 0.9638671875 0.859375 0.9521484375 0.859375 0.947265625 0.8564453125 0.94140625 0.8115234375 0.9423828125 0.7958984375 0.95703125 0.7978515625
0 0.7900390625 0.73974609375 0.419921875 0.5205078125
0 0.7900390625 0.794921875 0.818359375 0.7939453125 0.8203125 0.7958984375 0.82421875 0.8466796875 0.82421875 0.85546875 0.8212890625 0.8564453125 0.810546875 0.85546875 0.802734375 0.8486328125 0.79296875 0.8486328125 0.7900390625 0.7958984375
0 0.6005859375 0.35546875 0.603515625 0.3583984375 0.603515625 0.3818359375 0.6015625 0.3837890625 0.587890625 0.3837890625 0.5849609375 0.380859375 0.5859375 0.3564453125 0.599609375 0.35546875
0 0.556640625 0.4794921875 0.5751953125 0.4794921875 0.576171875 0.4814453125 0.57421875 0.517578125 0.572265625 0.5205078125 0.5625 0.5205078125 0.5556640625 0.51953125 0.5537109375 0.5166015625 0.556640625 0.48046875
0 0.2802734375 0.4716796875 0.2841796875 0.4736328125 0.2841796875 0.4814453125 0.28125 0.5087890625 0.279296875 0.51171875 0.2529296875 0.5107421875 0.24609375 0.5078125 0.2529296875 0.4736328125 0.2548828125 0.4716796875 0.279296875 0.4716796875
0 0.9365234375 0.6337890625 0.9384765625 0.63671875 0.943359375 0.6787109375 0.9423828125 0.6884765625 0.9267578125 0.6865234375 0.9208984375 0.6533203125 0.9208984375 0.63671875 0.935546875 0.6337890625
0 0.6787109375 0.552734375 0.6845703125 0.556640625 0.6845703125 0.6015625 0.681640625 0.603515625 0.6611328125 0.603515625 0.6572265625 0.6015625 0.6572265625 0.5537109375 0.677734375 0.552734375
0 0.6884765625 0.4248046875 0.708984375 0.4248046875 0.7119140625 0.4267578125 0.712890625 0.451171875 0.7119140625 0.466796875 0.6904296875 0.466796875 0.6884765625 0.46484375 0.6884765625 0.42578125