0 0.869140625 0.673828125 0.8876953125 0.6787109375 0.9013671875 0.685546875 0.9111328125 0.7470703125 0.9091796875 0.7509765625 0.904296875 0.7509765625 0.8818359375 0.748046875 0.876953125 0.744140625 0.869140625 0.689453125 0.869140625 0.6748046875
0 0.13330078125 0.92333984375 0.0400390625 0.0673828125
0 0.8623046875 0.404296875 0.876953125 0.412109375 0.8818359375 0.4208984375 0.880859375 0.435546875 0.88671875 0.466796875 0.87109375 0.4580078125 0.869140625 0.4560546875 0.8662109375 0.4365234375 0.86328125 0.4052734375
0 0.7529296875 0.8486328125 0.7548828125 0.8505859375 0.76171875 0.939453125 0.76171875 0.9453125 0.75390625 0.94921875 0.74609375 0.94921875 0.744140625 0.9453125 0.73828125 0.8564453125 0.73828125 0.849609375 0.740234375 0.84765625 0.751953125 0.8486328125
0 0.8828125 0.5380859375 0.8955078125 0.54296875 0.8994140625 0.546875 0.9052734375 0.599609375 0.8955078125 0.5986328125 0.8876953125 0.591796875 0.8876953125 0.58203125 0.8828125 0.57421875 0.8837890625 0.560546875 0.880859375 0.5537109375 0.8759765625 0.5517578125 0.8818359375 0.5390625
0 0.7607421875 0.3427734375 0.779296875 0.3525390625 0.7822265625 0.3564453125 0.7861328125 0.4013671875 0.7861328125 0.4140625 0.78125 0.4140625 0.7646484375 0.40234375 0.7685546875 0.3974609375 0.7607421875 0.3876953125 0.7607421875 0.34375
0 0.79296875 0.8486328125 0.8037109375 0.849609375 0.8056640625 0.8515625 0.8134765625 0.9384765625 0.78125 0.9453125 0.7685546875 0.9453125 0.7666015625 0.9384765625 0.7685546875 0.89453125 0.765625 0.87890625 0.7646484375 0.849609375 0.7685546875 0.84765625 0.7919921875 0.8486328125
0 0.716796875 0.3115234375 0.7236328125 0.3134765625 0.75 0.333984375 0.7529296875 0.34375 0.755859375 0.376953125 0.7548828125 0.3984375 0.7265625 0.3798828125 0.734375 0.37890625 0.736328125 0.3759765625 0.7275390625 0.3720703125 0.716796875 0.359375 0.71875 0.3564453125 0.716796875 0.3125
0 0.2236328125 0.2900390625 0.224609375 0.2978515625 0.220703125 0.3193359375 0.1953125 0.333984375 0.193359375 0.333984375 0.193359375 0.3291015625 0.197265625 0.3076171875 0.22265625 0.2900390625
0 0.712890625 0.51953125 0.7294921875 0.529296875 0.7294921875 0.54296875 0.7236328125 0.54296875 0.712890625 0.537109375 0.7109375 0.529296875 0.7119140625 0.5205078125
0 0.7451171875 0.642578125 0.748046875 0.6416015625 0.7841796875 0.6533203125 0.7958984375 0.740234375 0.7958984375 0.748046875 0.7939453125 0.7490234375 0.7802734375 0.7490234375 0.75390625 0.7431640625 0.7451171875 0.6435546875
0 0.953125 0.5732421875 0.9697265625 0.5810546875 0.9736328125 0.5849609375 0.9814453125 0.6328125 0.98046875 0.63671875 0.962890625 0.6298828125 0.95703125 0.623046875 0.94921875 0.57421875 0.9521484375 0.5732421875
0 0.5625 0.1962890625 0.5791015625 0.2060546875 0.6201171875 0.23828125 0.6220703125 0.28125 0.6220703125 0.291015625 0.6181640625 0.29296875 0.5986328125 0.2822265625 0.5615234375 0.2548828125 0.5625 0.208984375 0.560546875 0.19921875 0.5625 0.197265625
0 0.79296875 0.65625 0.810546875 0.66015625 0.8173828125 0.6640625 0.8251953125 0.7314453125 0.8291015625 0.7392578125 0.828125 0.755859375 0.806640625 0.7529296875 0.8017578125 0.7490234375 0.79296875 0.6728515625 0.79296875 0.6572265625
0 0.779296875 0.55078125 0.796875 0.556640625 0.8115234375 0.5654296875 0.810546875 0.5791015625 0.796875 0.57421875 0.7822265625 0.5673828125 0.779296875 0.5517578125
0 0.9873046875 0.7060546875 0.994140625 0.708984375 0.9970703125 0.712890625 0.9970703125 0.7236328125 0.9990234375 0.724609375 0.9990234375 0.7666015625 0.9853515625 0.765625 0.9814453125 0.76171875 0.9736328125 0.7060546875 0.986328125 0.7060546875
0 0.9150390625 0.44140625 0.9267578125 0.451171875 0.9326171875 0.4970703125 0.9228515625 0.4921875 0.91796875 0.486328125 0.912109375 0.4541015625 0.912109375 0.4423828125 0.9140625 0.44140625
0 0.1416015625 0.6728515625 0.1435546875 0.67578125 0.1396484375 0.7001953125 0.1396484375 0.7197265625 0.11328125 0.728515625 0.1103515625 0.7275390625 0.1103515625 0.71875 0.1142578125 0.681640625 0.1181640625 0.6787109375 0.140625 0.6728515625
0 0.9599609375 0.701171875 0.9716796875 0.7060546875 0.9736328125 0.7373046875 0.9794921875 0.7607421875 0.9765625 0.7626953125 0.9638671875 0.7578125 0.9560546875 0.705078125 0.9560546875 0.7021484375 0.958984375 0.701171875
0 0.849609375 0.5185546875 0.8779296875 0.5361328125 0.875 0.5576171875 0.8798828125 0.560546875 0.880859375 0.57421875 0.8857421875 0.5888671875 0.8837890625 0.5927734375 0.8759765625 0.591796875 0.8583984375 0.5849609375 0.853515625 0.5810546875 0.8466796875 0.5244140625 0.8466796875 0.51953125 0.8486328125 0.5185546875
0 0.1513671875 0.6708984375 0.177734375 0.6630859375 0.1806640625 0.6650390625 0.17578125 0.7099609375 0.1708984375 0.7138671875 0.1552734375 0.7177734375 0.1474609375 0.71875 0.1455078125 0.716796875 0.146484375 0.6982421875 0.1513671875 0.671875
0 0.91015625 0.55078125 0.9248046875 0.55859375 0.9287109375 0.5634765625 0.9365234375 0.6103515625 0.935546875 0.6162109375 0.9140625 0.607421875 0.91015625 0.6025390625 0.9033203125 0.556640625 0.9033203125 0.5498046875 0.9091796875 0.55078125
0 0.8349609375 0.849609375 0.837890625 0.8515625 0.8388671875 0.8564453125 0.8466796875 0.9345703125 0.828125 0.939453125 0.8232421875 0.9384765625 0.8203125 0.92578125 0.8134765625 0.8525390625 0.8154296875 0.849609375 0.833984375 0.849609375
0 0.171875 0.4794921875 0.1689453125 0.513671875 0.1630859375 0.5185546875 0.1435546875 0.52734375 0.1396484375 0.5263671875 0.1396484375 0.5185546875 0.14453125 0.4912109375 0.1708984375 0.4794921875
0 0.1904296875 0.3125 0.19140625 0.318359375 0.1884765625 0.337890625 0.185546875 0.341796875 0.1650390625 0.3525390625 0.1630859375 0.3486328125 0.166015625 0.3271484375 0.1845703125 0.3134765625 0.189453125 0.3125
0 0.09619140625 0.9267578125 0.0380859375 0.0625
0 0.8837890625 0.419921875 0.888671875 0.4208984375 0.9091796875 0.4365234375 0.9111328125 0.44140625 0.9111328125 0.458984375 0.916015625 0.4814453125 0.916015625 0.4853515625 0.9140625 0.486328125 0.8935546875 0.474609375 0.8896484375 0.4697265625 0.8837890625 0.4208984375
0 0.6943359375 0.2958984375 0.69921875 0.296875 0.7080078125 0.3037109375 0.712890625 0.3544921875 0.7109375 0.357421875 0.70703125 0.3564453125 0.69921875 0.349609375 0.6943359375 0.296875
0 0.724609375 0.6337890625 0.7333984375 0.63671875 0.7373046875 0.6416015625 0.74609375 0.73046875 0.74609375 0.7392578125 0.744140625 0.7412109375 0.73046875 0.7392578125 0.7275390625 0.732421875 0.720703125 0.642578125 0.720703125 0.6357421875 0.7236328125 0.6337890625
0 0.5322265625 0.1728515625 0.5537109375 0.1904296875 0.5546875 0.2509765625 0.5361328125 0.2412109375 0.5283203125 0.234375 0.52734375 0.171875 0.529296875 0.1708984375 0.53125 0.1728515625
0 0.173828125 0.51171875 0.1767578125 0.4765625 0.2021484375 0.462890625 0.2041015625 0.46875 0.2001953125 0.5 0.193359375 0.5048828125 0.1748046875 0.51171875
0 0.0166015625 0.55078125 0.0185546875 0.5517578125 0.0185546875 0.556640625 0.0126953125 0.58203125 0.0107421875 0.603515625 0.0078125 0.6083984375 0.0009765625 0.611328125 0 0.556640625 0.015625 0.55078125
0 0.828125 0.3798828125 0.8310546875 0.3798828125 0.8603515625 0.4013671875 0.86328125 0.4306640625 0.8671875 0.447265625 0.8662109375 0.455078125 0.85546875 0.4501953125 0.8349609375 0.435546875 0.828125 0.380859375
0 0.9365234375 0.5654296875 0.9453125 0.5703125 0.947265625 0.57421875 0.9482421875 0.59375 0.9541015625 0.6162109375 0.953125 0.623046875 0.939453125 0.615234375 0.9384765625 0.5986328125 0.93359375 0.5751953125 0.93359375 0.56640625 0.935546875 0.5654296875
0 0.935546875 0.6923828125 0.947265625 0.6953125 0.953125 0.701171875 0.9609375 0.7548828125 0.958984375 0.759765625 0.9443359375 0.7587890625 0.9345703125 0.75390625 0.92578125 0.6962890625 0.9267578125 0.69140625 0.9345703125 0.6923828125
0 0.734375 0.53125 0.765625 0.54296875 0.7724609375 0.546875 0.7763671875 0.5537109375 0.775390625 0.5634765625 0.73828125 0.548828125 0.734375 0.5439453125 0.734375 0.5322265625
0 0.9775390625 0.494140625 0.990234375 0.4990234375 0.9990234375 0.5068359375 0.9990234375 0.5498046875 0.9912109375 0.546875 0.984375 0.5380859375 0.9775390625 0.4951171875
0 0.916015625 0.6865234375 0.9208984375 0.6904296875 0.923828125 0.71484375 0.9267578125 0.7197265625 0.9287109375 0.751953125 0.9189453125 0.751953125 0.9130859375 0.7490234375 0.9091796875 0.734375 0.908203125 0.7109375 0.9052734375 0.705078125 0.9033203125 0.6884765625 0.90625 0.6845703125 0.9150390625 0.6865234375
0 0.9287109375 0.4521484375 0.9326171875 0.4521484375 0.953125 0.46875 0.9609375 0.5107421875 0.9599609375 0.515625 0.9560546875 0.5146484375 0.9375 0.501953125 0.9287109375 0.453125