0 0.111328125 0.8125 0.1123046875 0.8212890625 0.1083984375 0.849609375 0.09375 0.91796875 0.09375 0.9306640625 0.0771484375 0.9375 0.060546875 0.9404296875 0.0439453125 0.9462890625 0.0341796875 0.9453125 0.0322265625 0.943359375 0.0322265625 0.935546875 0.03515625 0.9287109375 0.0458984375 0.8720703125 0.0517578125 0.83203125 0.056640625 0.8271484375 0.099609375 0.8134765625 0.1103515625 0.8125
0 0.359375 0.2880859375 0.3623046875 0.2890625 0.36328125 0.298828125 0.36328125 0.33203125 0.33984375 0.3427734375 0.333984375 0.341796875 0.3349609375 0.302734375 0.3583984375 0.2890625
0 0.3759765625 0.732421875 0.37890625 0.75390625 0.3818359375 0.86328125 0.3427734375 0.873046875 0.3369140625 0.873046875 0.3359375 0.8701171875 0.3359375 0.748046875 0.3388671875 0.7421875 0.375 0.732421875
0 0.1708984375 0.1689453125 0.1689453125 0.185546875 0.1611328125 0.1923828125 0.1474609375 0.19921875 0.1435546875 0.19921875 0.146484375 0.1826171875 0.1611328125 0.171875 0.16796875 0.16796875 0.169921875 0.1689453125
0 0.212890625 0.1435546875 0.2119140625 0.1611328125 0.19140625 0.1748046875 0.177734375 0.1796875 0.177734375 0.16796875 0.1806640625 0.162109375 0.1962890625 0.1513671875 0.2119140625 0.14453125
0 0.3212890625 0.3076171875 0.3212890625 0.3505859375 0.291015625 0.365234375 0.2861328125 0.365234375 0.287109375 0.326171875 0.2890625 0.3212890625 0.3203125 0.3076171875
0 0.0947265625 0.58203125 0.095703125 0.583984375 0.091796875 0.5869140625 0.0869140625 0.6015625 0.08203125 0.6298828125 0.08203125 0.6337890625 0.087890625 0.63671875 0.087890625 0.6435546875 0.068359375 0.654296875 0.05078125 0.6591796875 0.046875 0.6591796875 0.0458984375 0.6552734375 0.056640625 0.595703125 0.09375 0.58203125
0 0.154296875 0.556640625 0.14453125 0.6220703125 0.138671875 0.626953125 0.095703125 0.6435546875 0.091796875 0.642578125 0.091796875 0.638671875 0.1015625 0.5830078125 0.1044921875 0.576171875 0.1103515625 0.572265625 0.1533203125 0.556640625
0 0.1572265625 0.29296875 0.16015625 0.2685546875 0.1982421875 0.24609375 0.19921875 0.251953125 0.1953125 0.2724609375 0.158203125 0.29296875
0 0.0029296875 0.84375 0.0361328125 0.8349609375 0.0361328125 0.8427734375 0.02734375 0.88671875 0.0234375 0.896484375 0.0146484375 0.947265625 0.0087890625 0.9541015625 0 0.9541015625 0 0.8466796875 0.0029296875 0.8447265625
0 0.1787109375 0.376953125 0.1806640625 0.38671875 0.17578125 0.419921875 0.1328125 0.4404296875 0.12890625 0.4404296875 0.12890625 0.4287109375 0.1357421875 0.3984375 0.140625 0.3935546875 0.177734375 0.376953125
0 0.1240234375 0.404296875 0.125 0.4150390625 0.1201171875 0.4453125 0.0986328125 0.45703125 0.0888671875 0.4599609375 0.0849609375 0.4599609375 0.0849609375 0.4560546875 0.09375 0.4169921875 0.111328125 0.4072265625 0.123046875 0.404296875
0 0.3212890625 0.1767578125 0.3232421875 0.1787109375 0.3232421875 0.203125 0.3212890625 0.2060546875 0.302734375 0.216796875 0.29296875 0.216796875 0.294921875 0.1923828125 0.3203125 0.177734375
0 0.13525390625 0.2939453125 0.0322265625 0.0390625
0 0.3173828125 0.7490234375 0.318359375 0.8251953125 0.3173828125 0.8603515625 0.314453125 0.8759765625 0.3125 0.8798828125 0.3076171875 0.8818359375 0.275390625 0.888671875 0.267578125 0.888671875 0.2666015625 0.88671875 0.267578125 0.865234375 0.2705078125 0.8583984375 0.2666015625 0.85546875 0.263671875 0.845703125 0.26953125 0.841796875 0.2705078125 0.7646484375 0.275390625 0.759765625 0.31640625 0.7490234375
0 0.3583984375 0.1591796875 0.3583984375 0.185546875 0.3388671875 0.1962890625 0.3349609375 0.1953125 0.333984375 0.173828125 0.33984375 0.1669921875 0.35546875 0.158203125 0.357421875 0.1591796875