0 0.2958984375 0.5498046875 0.298828125 0.5537109375 0.298828125 0.55859375 0.294921875 0.66796875 0.2880859375 0.6708984375 0.251953125 0.6728515625 0.2421875 0.6708984375 0.2470703125 0.5556640625 0.2509765625 0.552734375 0.294921875 0.5498046875
0 0.3046875 0.3095703125 0.3037109375 0.40234375 0.2998046875 0.404296875 0.265625 0.4072265625 0.255859375 0.4052734375 0.2587890625 0.314453125 0.267578125 0.3115234375 0.3037109375 0.3095703125
0 0.3662109375 0.076171875 0.3681640625 0.078125 0.369140625 0.0908203125 0.3671875 0.126953125 0.3681640625 0.1572265625 0.36328125 0.1611328125 0.3349609375 0.1650390625 0.3203125 0.1640625 0.322265625 0.1240234375 0.3203125 0.0849609375 0.328125 0.080078125 0.365234375 0.076171875
0 0.7802734375 0.521484375 0.791015625 0.623046875 0.796875 0.654296875 0.796875 0.658203125 0.7939453125 0.6611328125 0.7998046875 0.66796875 0.7998046875 0.671875 0.7958984375 0.6748046875 0.783203125 0.673828125 0.779296875 0.6689453125 0.78125 0.662109375 0.767578125 0.6572265625 0.767578125 0.646484375 0.76171875 0.6376953125 0.75390625 0.6328125 0.7392578125 0.62890625 0.73828125 0.6259765625 0.7421875 0.62109375 0.7421875 0.6142578125 0.73046875 0.607421875 0.7275390625 0.5966796875 0.728515625 0.580078125 0.736328125 0.5634765625 0.7314453125 0.55078125 0.7236328125 0.5439453125 0.72265625 0.529296875 0.724609375 0.5263671875 0.734375 0.5234375 0.779296875 0.521484375
0 0.8916015625 0.2421875 0.896484375 0.2470703125 0.8994140625 0.28515625 0.90234375 0.29296875 0.9091796875 0.3447265625 0.9052734375 0.34765625 0.859375 0.3525390625 0.8515625 0.3515625 0.8505859375 0.3486328125 0.8369140625 0.25 0.8427734375 0.24609375 0.890625 0.2421875
0 0.30859375 0.0830078125 0.3115234375 0.0859375 0.310546875 0.1650390625 0.306640625 0.16796875 0.2744140625 0.171875 0.2646484375 0.171875 0.2626953125 0.1689453125 0.263671875 0.091796875 0.2685546875 0.087890625 0.3076171875 0.0830078125
0 0.8193359375 0.2509765625 0.833984375 0.3515625 0.826171875 0.35546875 0.7890625 0.3583984375 0.7802734375 0.3583984375 0.7763671875 0.35546875 0.767578125 0.30078125 0.763671875 0.2578125 0.7685546875 0.25390625 0.810546875 0.25 0.818359375 0.2509765625
0 0.06787109375 0.373046875 0.0537109375 0.1015625
0 0.150390625 0.3173828125 0.15234375 0.3232421875 0.146484375 0.4140625 0.125 0.41796875 0.1025390625 0.41796875 0.1015625 0.416015625 0.1083984375 0.3212890625 0.1494140625 0.3173828125
0 0.1064453125 0.1103515625 0.109375 0.111328125 0.109375 0.126953125 0.1064453125 0.1455078125 0.1044921875 0.1884765625 0.099609375 0.19140625 0.0732421875 0.1943359375 0.06640625 0.1943359375 0.064453125 0.1923828125 0.0703125 0.1162109375 0.076171875 0.11328125 0.10546875 0.1103515625
0 0.3662109375 0.5458984375 0.3662109375 0.662109375 0.3583984375 0.666015625 0.32421875 0.6689453125 0.3134765625 0.66796875 0.3154296875 0.5498046875 0.3447265625 0.5458984375 0.365234375 0.5458984375
0 0.9375 0.5107421875 0.9404296875 0.513671875 0.9443359375 0.529296875 0.9462890625 0.5556640625 0.9609375 0.6494140625 0.95703125 0.65234375 0.93359375 0.65234375 0.9248046875 0.654296875 0.927734375 0.6572265625 0.9609375 0.65625 0.96484375 0.6650390625 0.962890625 0.66796875 0.9130859375 0.6708984375 0.9033203125 0.6708984375 0.896484375 0.66796875 0.8974609375 0.66015625 0.900390625 0.6572265625 0.896484375 0.6513671875 0.888671875 0.5859375 0.8759765625 0.517578125 0.87890625 0.5146484375 0.8857421875 0.513671875 0.9365234375 0.5107421875
0 0.14404296875 0.14697265625 0.0458984375 0.0849609375
0 0.03515625 0.330078125 0.0361328125 0.3349609375 0.0234375 0.421875 0.01953125 0.42578125 0.0107421875 0.4267578125 0 0.42578125 0 0.3310546875 0.0341796875 0.330078125
0 0.8544921875 0.5166015625 0.859375 0.5185546875 0.8603515625 0.5244140625 0.8681640625 0.599609375 0.876953125 0.6455078125 0.876953125 0.6552734375 0.8740234375 0.6572265625 0.87890625 0.66015625 0.880859375 0.669921875 0.87890625 0.671875 0.8212890625 0.6748046875 0.8154296875 0.671875 0.8154296875 0.6640625 0.818359375 0.6611328125 0.8125 0.6572265625 0.8095703125 0.6416015625 0.806640625 0.5908203125 0.7978515625 0.5244140625 0.802734375 0.51953125 0.853515625 0.5166015625
0 0.36328125 0.302734375 0.3662109375 0.306640625 0.3662109375 0.3974609375 0.3466796875 0.4013671875 0.3212890625 0.4013671875 0.3193359375 0.3994140625 0.3203125 0.3134765625 0.3232421875 0.3076171875 0.3623046875 0.302734375
0 0.0546875 0.1171875 0.048828125 0.1943359375 0.044921875 0.197265625 0.0234375 0.2001953125 0.009765625 0.19921875 0.015625 0.1572265625 0.017578125 0.1240234375 0.0263671875 0.1201171875 0.0537109375 0.1171875
0 0.744140625 0.2568359375 0.7490234375 0.259765625 0.75 0.2841796875 0.7587890625 0.3583984375 0.7509765625 0.36328125 0.7060546875 0.3662109375 0.7021484375 0.36328125 0.701171875 0.357421875 0.6953125 0.298828125 0.6943359375 0.2646484375 0.6982421875 0.26171875 0.705078125 0.2607421875 0.7431640625 0.2578125