0 0.4220833333333333 0.8209549071618037 0.08083333333333333 0.09151193633952255
0 0.97375 0.3574270557029178 0.0525 0.15915119363395225
0 0.8566666666666667 0.8206233421750663 0.06666666666666667 0.09482758620689655
0 0.42375 0.6047745358090185 0.0825 0.15649867374005305
0 0.22541666666666665 0.8209549071618037 0.04083333333333333 0.09549071618037135
0 0.31 0.35809018567639256 0.08666666666666667 0.16047745358090185
0 0.9741666666666666 0.6031167108753316 0.051666666666666666 0.15981432360742706
0 0.6654166666666667 0.8206233421750663 0.034166666666666665 0.09615384615384616
0 0.4225 0.3574270557029178 0.08333333333333333 0.15649867374005305
0 0.19833333333333333 0.35809018567639256 0.085 0.16047745358090185
0 0.31083333333333335 0.6044429708222812 0.08666666666666667 0.16114058355437666
0 0.7604166666666666 0.6031167108753316 0.0775 0.15981432360742706
0 0.9454166666666667 0.8192970822281167 0.025833333333333333 0.09615384615384616
0 0.19916666666666666 0.6047745358090185 0.085 0.16047745358090185
0 0.7591666666666667 0.3574270557029178 0.07833333333333334 0.16047745358090185
0 0.6479166666666667 0.603448275862069 0.08083333333333333 0.16047745358090185
0 0.51 0.8206233421750663 0.04 0.09748010610079576
0 0.5354166666666667 0.6037798408488063 0.08416666666666667 0.15981432360742706
0 0.7495833333333334 0.8179708222811671 0.0725 0.09217506631299735
0 0.5345833333333333 0.3577586206896552 0.08416666666666667 0.16114058355437666
0 0.6470833333333333 0.35709549071618035 0.08083333333333333 0.15981432360742706
0 0.8704166666666666 0.3574270557029178 0.0725 0.15649867374005305
0 0.31375 0.8202917771883289 0.08583333333333333 0.09416445623342175
0 0.8708333333333333 0.6027851458885941 0.07166666666666667 0.15649867374005305