0 0.225 0.4176334106728538 0.140625 0.26218097447795824
0 0.22578125 0.755800464037123 0.1421875 0.26102088167053367
0 0.225 0.10846867749419954 0.14375 0.21461716937354988
0 0.4484375 0.47389791183294666 0.10625 0.22157772621809746
0 0.44609375 0.7703016241299304 0.1078125 0.2273781902552204
0 0.61875 0.7801624129930395 0.08125 0.20533642691415313
0 0.44921875 0.18039443155452436 0.1078125 0.22621809744779584
0 0.75703125 0.7882830626450116 0.0671875 0.18213457076566125
0 0.75390625 0.548723897911833 0.0609375 0.17633410672853828
0 0.615625 0.5162412993039444 0.08125 0.19953596287703015
0 0.6171875 0.05162412993039443 0.084375 0.09860788863109049
0 0.6140625 0.2546403712296984 0.08125 0.1937354988399072
0 0.75390625 0.31496519721577726 0.0640625 0.1751740139211137
0 0.7625 0.09454756380510441 0.08125 0.18213457076566125
0 0.8734375 0.3074245939675174 0.05 0.10440835266821345
0 0.01640625 0.367169373549884 0.0328125 0.2679814385150812
0 0.0171875 0.7482598607888631 0.034375 0.2900232018561485
0 0.97109375 0.2900232018561485 0.0578125 0.10440835266821345
0 0.09140625 0.07946635730858469 0.1234375 0.15661252900232017
0 0.87421875 0.43503480278422274 0.0484375 0.09976798143851508
0 0.96953125 0.0388631090487239 0.0609375 0.07540603248259861
0 0.87265625 0.05046403712296984 0.0515625 0.0962877030162413
0 0.9703125 0.4228538283062645 0.059375 0.10092807424593968