0 0.3359375 0.8015625 0.340625 0.8 0.34375 0.8015625 0.4234375 0.8 0.428125 0.803125 0.4265625 0.859375 0.4140625 0.8625 0.409375 0.8609375 0.3375 0.8625 0.3359375 0.8609375 0.3359375 0.809375 0.334375 0.8078125 0.3359375 0.803125
0 0.378125 0.42734375 0.0875 0.0578125
0 0.634375 0.396875 0.6375 0.4015625 0.6390625 0.453125 0.61875 0.45625 0.6171875 0.4546875 0.5703125 0.4546875 0.56875 0.45625 0.55625 0.4546875 0.553125 0.4 0.55625 0.396875 0.6328125 0.396875
0 0.6234375 0.5515625 0.625 0.553125 0.640625 0.5515625 0.6484375 0.5546875 0.65 0.5703125 0.6484375 0.5828125 0.646875 0.584375 0.5953125 0.584375 0.59375 0.5859375 0.559375 0.584375 0.55625 0.578125 0.55625 0.553125 0.5609375 0.5515625 0.5765625 0.553125 0.5796875 0.5515625 0.621875 0.5515625
0 0.65625 0.75625 0.6609375 0.7578125 0.6625 0.7609375 0.6625 0.7875 0.6171875 0.7890625 0.615625 0.790625 0.6140625 0.7890625 0.60625 0.790625 0.603125 0.7890625 0.5671875 0.7890625 0.5640625 0.765625 0.565625 0.7578125 0.571875 0.75625 0.6546875 0.75625
0 0.5875 0.21875 0.5890625 0.2203125 0.5953125 0.21875 0.6265625 0.221875 0.6296875 0.2453125 0.6296875 0.265625 0.6265625 0.2703125 0.584375 0.2703125 0.5828125 0.26875 0.5515625 0.26875 0.55 0.2671875 0.5484375 0.2640625 0.5484375 0.2203125 0.55 0.21875 0.5859375 0.21875
0 0.3453125 0.2203125 0.371875 0.2234375 0.396875 0.2234375 0.3984375 0.221875 0.4140625 0.2234375 0.4171875 0.2390625 0.415625 0.2421875 0.4171875 0.259375 0.4140625 0.2671875 0.3375 0.2671875 0.334375 0.265625 0.3328125 0.2625 0.3328125 0.225 0.3359375 0.2203125 0.34375 0.2203125
0 0.390625 0.5515625 0.3921875 0.553125 0.4234375 0.553125 0.4265625 0.55625 0.425 0.584375 0.378125 0.584375 0.3765625 0.5859375 0.334375 0.584375 0.3328125 0.55625 0.334375 0.553125 0.3890625 0.5515625
0 0.5421875 0.184375 0.6296875 0.1875 0.63125 0.1984375 0.63125 0.209375 0.628125 0.2125 0.546875 0.2109375 0.5421875 0.2078125 0.5421875 0.1859375
0 0.6234375 0.7984375 0.625 0.8 0.6546875 0.7984375 0.6578125 0.8015625 0.6609375 0.8296875 0.6609375 0.8578125 0.64375 0.8578125 0.6421875 0.859375 0.5765625 0.859375 0.5734375 0.85625 0.571875 0.8015625 0.5734375 0.8 0.61875 0.8 0.621875 0.7984375
0 0.41875 0.59375 0.4234375 0.596875 0.421875 0.6 0.4234375 0.65 0.4203125 0.653125 0.3453125 0.653125 0.3375 0.6484375 0.3375 0.603125 0.3390625 0.6015625 0.3375 0.596875 0.3390625 0.5953125 0.3421875 0.59375 0.3546875 0.5953125 0.35625 0.59375 0.3625 0.5953125 0.4171875 0.59375
0 0.428125 0.7578125 0.43125 0.7609375 0.43125 0.7875 0.428125 0.790625 0.425 0.7890625 0.421875 0.790625 0.3859375 0.790625 0.375 0.7875 0.3703125 0.790625 0.3515625 0.790625 0.35 0.7921875 0.3390625 0.7921875 0.33125 0.7890625 0.334375 0.759375 0.4265625 0.7578125
0 0.421875 0.3640625 0.4234375 0.365625 0.4234375 0.3859375 0.4203125 0.3890625 0.334375 0.3890625 0.33125 0.3859375 0.33125 0.3640625 0.3328125 0.3625 0.4203125 0.3640625
0 0.34375 0.18125 0.3453125 0.1828125 0.3609375 0.1828125 0.3625 0.18125 0.3640625 0.1828125 0.3765625 0.18125 0.378125 0.1828125 0.3828125 0.18125 0.384375 0.1828125 0.4171875 0.1828125 0.41875 0.184375 0.41875 0.2078125 0.4171875 0.209375 0.3953125 0.209375 0.39375 0.2078125 0.3921875 0.209375 0.3765625 0.209375 0.375 0.2078125 0.3328125 0.209375 0.3296875 0.2015625 0.33125 0.196875 0.3296875 0.1859375 0.334375 0.18125 0.3421875 0.1828125
0 0.56875 0.3609375 0.5875 0.3640625 0.6140625 0.3609375 0.6203125 0.3625 0.6390625 0.3609375 0.640625 0.3625 0.640625 0.3859375 0.6125 0.3890625 0.609375 0.3875 0.5859375 0.3875 0.584375 0.3890625 0.5515625 0.3875 0.5484375 0.3828125 0.5484375 0.3625 0.5671875 0.3609375
0 0.5796875 0.59375 0.58125 0.5953125 0.5875 0.59375 0.5890625 0.5953125 0.59375 0.59375 0.64375 0.5953125 0.646875 0.6234375 0.646875 0.65 0.6421875 0.6515625 0.565625 0.6515625 0.5625 0.6375 0.5625 0.5953125 0.578125 0.59375